0 0.80026 0.876389 0.0078125 0.0212963
0 0.679948 0.889352 0.00572917 0.012037
0 0.251823 0.935648 0.00364583 0.0157407
0 0.958594 0.818056 0.00572917 0.0194444
0 0.671094 0.880093 0.00364583 0.00648148
0 0.667969 0.886574 0.00572917 0.00648148
0 0.651823 0.906482 0.00885417 0.0185185
0 0.409115 0.898148 0.00572917 0.0166667
0 0.483854 0.895833 0.00729167 0.012037
0 0.376302 0.911111 0.00677083 0.012963
0 0.605208 0.881019 0.00833333 0.0157407
0 0.526302 0.911574 0.00260417 0.0157407
0 0.838542 0.823148 0.00729167 0.00740741
0 0.917188 0.816667 0.00729167 0.00740741
0 0.734896 0.880556 0.00833333 0.012963
0 0.841927 0.853704 0.0046875 0.012963
0 0.534375 0.886574 0.00625 0.0175926
0 0.279948 0.918519 0.00260417 0.00740741
0 0.929948 0.815278 0.00677083 0.0138889
0 0.609896 0.900926 0.00520833 0.012963
0 0.61901 0.876852 0.00885417 0.012963
0 0.879427 0.809722 0.00572917 0.0138889
0 0.992448 0.828704 0.0151042 0.0277778
0 0.979167 0.8375 0.00416667 0.012037
0 0.972656 0.810185 0.0130208 0.0296296
0 0.367708 0.925926 0.00833333 0.00555556
0 0.57526 0.875 0.00572917 0.0111111
0 0.309635 0.918519 0.0046875 0.0148148
0 0.992448 0.802315 0.0151042 0.037963
0 0.571615 0.896759 0.00572917 0.0175926
0 0.983854 0.844907 0.00520833 0.0194444
0 0.684375 0.619444 0.01875 0.0277778
0 0.967448 0.931019 0.0046875 0.0157407
0 0.780208 0.889815 0.00416667 0.012963
0 0.810417 0.810185 0.0145833 0.0277778
0 0.742708 0.881944 0.00625 0.00462963
0 0.876042 0.846296 0.00416667 0.0166667
0 0.900781 0.902778 0.00989583 0.0407407
0 0.991406 0.895833 0.00260417 0.0138889
0 0.867708 0.864815 0.00416667 0.012963
0 0.280208 0.911111 0.00416667 0.00740741
0 0.632031 0.885185 0.0046875 0.0333333
0 0.842969 0.893981 0.00572917 0.00833333
0 0.700781 0.882407 0.0078125 0.00925926
0 0.384635 0.917593 0.00677083 0.012963
0 0.933333 0.82963 0.00416667 0.0166667
0 0.866927 0.810185 0.00572917 0.0111111
0 0.871875 0.918981 0.00833333 0.012037
0 0.391927 0.903704 0.0046875 0.012963
0 0.783854 0.837037 0.00520833 0.00555556
0 0.336719 0.90787 0.00989583 0.025
0 0.892187 0.911574 0.00520833 0.0101852
0 0.876823 0.851852 0.00572917 0.0240741
0 0.709375 0.887963 0.00729167 0.0203704
0 0.671875 0.916667 0.0270833 0.0166667
0 0.314063 0.909722 0.00729167 0.00833333
0 0.850781 0.810648 0.00677083 0.0157407
0 0.983594 0.971296 0.00885417 0.0111111
0 0.909375 0.851852 0.00833333 0.0203704
0 0.921615 0.865278 0.00364583 0.0101852
0 0.367708 0.898148 0.00625 0.0111111
0 0.538281 0.893519 0.00364583 0.012963
0 0.430208 0.897685 0.00729167 0.0101852
0 0.896354 0.919907 0.00625 0.0175926
0 0.991927 0.859259 0.00677083 0.0111111
0 0.671875 0.873148 0.009375 0.037037
0 0.250521 0.90463 0.0125 0.0222222
0 0.963281 0.859259 0.00364583 0.00740741
0 0.89974 0.830556 0.00364583 0.012963
0 0.90026 0.847222 0.0046875 0.012963
0 0.788281 0.823148 0.0078125 0.0111111
0 0.994792 0.849537 0.0104167 0.0416667
0 0.954167 0.854167 0.00520833 0.0194444
0 0.958594 0.861574 0.0192708 0.0324074
0 0.584896 0.89537 0.00520833 0.0166667
0 0.9625 0.853241 0.00416667 0.012037
0 0.358854 0.919444 0.00625 0.0037037
0 0.721094 0.889815 0.00572917 0.0222222
0 0.897656 0.807407 0.0140625 0.0314815
0 0.417708 0.911111 0.00625 0.00555556
0 0.767448 0.888426 0.00364583 0.0101852
0 0.450521 0.9125 0.00416667 0.0138889
0 0.888802 0.914352 0.0130208 0.0175926
0 0.27474 0.922222 0.00677083 0.00925926
0 0.842188 0.824074 0.0104167 0.00925926
0 0.576042 0.880093 0.00729167 0.012037
0 0.242708 0.916204 0.00625 0.0138889
0 0.43776 0.891204 0.0078125 0.0157407
0 0.841667 0.837037 0.00833333 0.00925926
0 0.659115 0.897685 0.0432292 0.0509259
0 0.767448 0.831481 0.00364583 0.0111111
0 0.925521 0.837963 0.034375 0.0240741
0 0.463281 0.909259 0.00572917 0.00925926
0 0.867708 0.817593 0.00625 0.012963
0 0.951823 0.858333 0.00364583 0.00925926
0 0.542969 0.890741 0.0046875 0.0148148
0 0.959375 0.824074 0.00729167 0.012963
0 0.888281 0.862037 0.0463542 0.0407407
0 0.611458 0.875926 0.00625 0.0314815
0 0.871615 0.866667 0.00364583 0.0166667
0 0.388542 0.90463 0.00625 0.012963
0 0.976823 0.912037 0.00989583 0.0277778
0 0.291667 0.902778 0.00416667 0.0185185
0 0.570833 0.881481 0.0239583 0.00555556
0 0.934375 0.823148 0.009375 0.0166667
0 0.707292 0.876389 0.0197917 0.025
0 0.509375 0.901389 0.00625 0.0175926
0 0.933594 0.909722 0.0046875 0.0101852
0 0.842708 0.87963 0.00625 0.00740741
0 0.818229 0.894444 0.009375 0.0148148
0 0.967969 0.823611 0.00572917 0.012037
0 0.397396 0.925926 0.00208333 0.0148148
0 0.271094 0.911574 0.0046875 0.012037
0 0.951563 0.84537 0.00625 0.0277778
0 0.753646 0.875463 0.00520833 0.0175926
0 0.946354 0.835648 0.00520833 0.0157407
0 0.408333 0.90463 0.0416667 0.0425926
0 0.970052 0.817593 0.00989583 0.0277778
0 0.933854 0.818056 0.00729167 0.012037
0 0.8875 0.809722 0.00729167 0.012037
0 0.884635 0.89537 0.0078125 0.00555556
0 0.267969 0.917593 0.00572917 0.00925926
0 0.988802 0.802778 0.0151042 0.0148148
0 0.996615 0.854167 0.00677083 0.0157407
0 0.939844 0.850463 0.00885417 0.0194444
0 0.921094 0.821759 0.0119792 0.0231481
0 0.920833 0.882407 0.0260417 0.0240741
0 0.871615 0.82963 0.00364583 0.0148148
0 0.325781 0.907407 0.00572917 0.0111111
0 0.404687 0.897685 0.00625 0.012037
0 0.588021 0.89537 0.00729167 0.0222222
0 0.884375 0.836574 0.00416667 0.0138889
0 0.479948 0.888426 0.00572917 0.0194444
0 0.81276 0.881944 0.00677083 0.0212963
0 0.770833 0.883333 0.00416667 0.00925926
0 0.375 0.9 0.0114583 0.0277778
0 0.96276 0.823611 0.0046875 0.0194444
0 0.598698 0.880093 0.00572917 0.0175926
0 0.282292 0.981944 0.0135417 0.0101852
0 0.76224 0.87963 0.0078125 0.0111111
0 0.976302 0.850463 0.00572917 0.012037
0 0.917708 0.843518 0.00520833 0.0148148
0 0.667188 0.871759 0.00520833 0.0138889
0 0.80599 0.836574 0.0078125 0.0101852
0 0.994271 0.905556 0.0114583 0.0333333
0 0.979948 0.851389 0.0046875 0.0157407
0 0.329948 0.912037 0.0046875 0.012963
0 0.889063 0.825 0.015625 0.0222222
0 0.354688 0.906944 0.00520833 0.00648148
0 0.888281 0.81713 0.00885417 0.0175926
0 0.455208 0.898611 0.00520833 0.0175926
0 0.567187 0.893519 0.00625 0.00740741
0 0.439583 0.883333 0.00729167 0.0425926
0 0.338802 0.929167 0.00677083 0.0101852
0 0.879948 0.914352 0.00572917 0.0175926
0 0.925781 0.81713 0.00677083 0.0138889
0 0.891667 0.837037 0.00520833 0.012963
0 0.971875 0.817593 0.00416667 0.012963
0 0.95 0.816667 0.00520833 0.0111111
0 0.988281 0.821759 0.0078125 0.0138889
0 0.821875 0.829167 0.00416667 0.0138889
0 0.954687 0.823148 0.00729167 0.0111111
0 0.942969 0.837037 0.00677083 0.0185185
0 0.439583 0.905556 0.00416667 0.0222222
0 0.896354 0.913889 0.00520833 0.0166667
0 0.996094 0.824537 0.00677083 0.012037
0 0.796354 0.818519 0.00729167 0.0148148
0 0.796615 0.876389 0.0078125 0.0175926
0 0.388021 0.911574 0.00729167 0.0157407
0 0.73776 0.882407 0.00572917 0.0148148
0 0.95026 0.824074 0.00989583 0.00925926
0 0.989062 0.865278 0.00729167 0.0231481
0 0.758333 0.874074 0.00625 0.00740741
0 0.321354 0.9125 0.00625 0.00833333
0 0.876562 0.893056 0.00833333 0.012037
0 0.922396 0.902315 0.00833333 0.012037
0 0.842448 0.830093 0.0078125 0.0138889
0 0.651302 0.946296 0.0140625 0.0203704
0 0.347135 0.904167 0.0119792 0.0138889
0 0.991927 0.831019 0.0109375 0.0175926
0 0.817708 0.80787 0.0145833 0.0268519
0 0.371354 0.913426 0.00520833 0.0157407
0 0.591667 0.886111 0.00625 0.0111111
0 0.93125 0.889815 0.015625 0.0296296
0 0.829948 0.830093 0.0046875 0.0194444
0 0.984635 0.980556 0.0307292 0.0314815
0 0.25026 0.920833 0.00572917 0.0101852
0 0.639063 0.843056 0.00520833 0.0101852
0 0.804948 0.881944 0.0078125 0.0138889
0 0.945833 0.829167 0.00520833 0.0157407
0 0.892969 0.918519 0.0078125 0.0166667
0 0.641927 0.835185 0.00364583 0.012963
0 0.858854 0.84537 0.0114583 0.0333333
0 0.696094 0.874074 0.00572917 0.0185185
0 0.995052 0.918981 0.00989583 0.0490741
0 0.779427 0.822685 0.00677083 0.0101852
0 0.896354 0.877778 0.0322917 0.0203704
0 0.484115 0.919444 0.00260417 0.0222222
0 0.876042 0.837037 0.00625 0.00555556
0 0.379948 0.9125 0.00572917 0.012037
0 0.88125 0.826852 0.00833333 0.00925926
0 0.371094 0.903704 0.0046875 0.0203704
0 0.88776 0.881019 0.0296875 0.0231481
0 0.88099 0.875463 0.0140625 0.0453704
0 0.438281 0.917593 0.00364583 0.00740741
0 0.8625 0.821296 0.034375 0.0481481
0 0.3875 0.989815 0.0177083 0.0148148
0 0.647135 0.880556 0.00885417 0.00925926
0 0.933333 0.820833 0.040625 0.0324074
0 0.955208 0.828704 0.003125 0.0148148
0 0.951563 0.835648 0.00625 0.0101852
0 0.400521 0.906018 0.00520833 0.0194444
0 0.517187 0.903704 0.003125 0.012963
0 0.991406 0.822222 0.0078125 0.0111111
0 0.713021 0.888426 0.00520833 0.0194444
0 0.779167 0.885185 0.00833333 0.0111111
0 0.508594 0.896296 0.0046875 0.0203704
0 0.827865 0.881019 0.00989583 0.0398148
0 0.727083 0.8875 0.00625 0.00833333
0 0.630729 0.899074 0.0208333 0.012963
0 0.3 0.919907 0.00520833 0.012037
0 0.896354 0.897685 0.00729167 0.0157407
0 0.479427 0.917593 0.0046875 0.00740741
0 0.920833 0.808333 0.00416667 0.012963
0 0.8625 0.888889 0.00625 0.0111111
0 0.600781 0.894444 0.00260417 0.012963
0 0.985417 0.8625 0.0291667 0.0175926
0 0.591927 0.893056 0.00677083 0.0175926
0 0.895573 0.852315 0.00885417 0.0416667
0 0.446875 0.916204 0.003125 0.00833333
0 0.716667 0.881481 0.00416667 0.012963
0 0.659115 0.880556 0.00572917 0.0111111
0 0.991667 0.815741 0.00625 0.00925926
0 0.800521 0.89537 0.00625 0.0166667
0 0.580469 0.886574 0.00572917 0.00833333
0 0.955469 0.821296 0.00989583 0.0351852
0 0.823958 0.822222 0.034375 0.0333333
0 0.817448 0.836111 0.00989583 0.0185185
0 0.996094 0.831019 0.0078125 0.0231481
0 0.98776 0.830093 0.00677083 0.0175926
0 0.301042 0.905556 0.0125 0.0203704
0 0.96901 0.82963 0.00989583 0.00925926
0 0.625 0.8375 0.00520833 0.012037
0 0.340885 0.906018 0.0130208 0.0194444
0 0.926562 0.825 0.0104167 0.0185185
0 0.325781 0.912037 0.0046875 0.00740741
0 0.796615 0.8375 0.00572917 0.0138889
0 0.854427 0.881944 0.00572917 0.0138889
0 0.429688 0.905556 0.00729167 0.0166667
0 0.745833 0.875 0.00625 0.0166667
0 0.788021 0.887037 0.003125 0.0111111
0 0.30026 0.911574 0.00677083 0.012037
0 0.867188 0.836574 0.00625 0.00833333
0 0.966667 0.924074 0.00520833 0.0148148
0 0.467187 0.916667 0.003125 0.00555556
0 0.329948 0.918519 0.00364583 0.0148148
0 0.633594 0.8375 0.0046875 0.0212963
0 0.36224 0.926389 0.00364583 0.00648148
0 0.672917 0.897222 0.0208333 0.0277778
0 0.471615 0.902315 0.00572917 0.0101852
0 0.78776 0.881019 0.00364583 0.0101852
0 0.727344 0.877315 0.00677083 0.0361111
0 0.979427 0.830093 0.00364583 0.012037
0 0.845833 0.883796 0.00625 0.0138889
0 0.665885 0.871296 0.0182292 0.0111111
0 0.82526 0.816667 0.0046875 0.00925926
0 0.646875 0.905093 0.0104167 0.025
0 0.846354 0.831019 0.00625 0.012037
0 0.983333 0.838426 0.00416667 0.0138889
0 0.526302 0.90463 0.00572917 0.00740741
0 0.67526 0.880093 0.00677083 0.0101852
0 0.938021 0.911111 0.003125 0.0148148
0 0.645573 0.911574 0.00677083 0.0175926
0 0.879687 0.889352 0.00520833 0.0175926
0 0.92526 0.829167 0.0046875 0.0138889
0 0.513281 0.908796 0.0046875 0.0101852
0 0.85 0.845833 0.00416667 0.00648148
0 0.983594 0.916667 0.0151042 0.062963
0 0.76224 0.876389 0.0046875 0.0138889
0 0.963021 0.843518 0.00833333 0.00925926
0 0.426302 0.923611 0.00364583 0.00462963
0 0.630208 0.887963 0.009375 0.00925926
0 0.521875 0.888426 0.00729167 0.012037
0 0.910677 0.806019 0.0171875 0.0324074
0 0.458854 0.897222 0.00416667 0.012963
0 0.838281 0.837037 0.00885417 0.012963
0 0.809375 0.889352 0.00625 0.0157407
0 0.338281 0.9125 0.00572917 0.0175926
0 0.80026 0.839352 0.00677083 0.0175926
0 0.528125 0.883333 0.0302083 0.0259259
0 0.404687 0.911111 0.00520833 0.0111111
0 0.870833 0.911574 0.00520833 0.0175926
0 0.340885 0.96713 0.0140625 0.0194444
0 0.691927 0.875 0.0369792 0.0333333
0 0.66276 0.903241 0.0046875 0.012037
0 0.625 0.844907 0.00416667 0.0157407
0 0.891146 0.830556 0.00729167 0.0166667
0 0.521094 0.912963 0.0411458 0.037037
0 0.269271 0.913889 0.0291667 0.0222222
0 0.896615 0.87037 0.0171875 0.00925926
0 0.751042 0.881019 0.0447917 0.0472222
0 0.429427 0.919907 0.00364583 0.0175926
0 0.908333 0.84537 0.0302083 0.0203704
0 0.397656 0.911111 0.0046875 0.00555556
0 0.783594 0.821296 0.00885417 0.00925926
0 0.58776 0.898148 0.0317708 0.0277778
0 0.655208 0.887037 0.009375 0.00740741
0 0.729167 0.883333 0.00625 0.0166667
0 0.884375 0.851852 0.00729167 0.0185185
0 0.354167 0.911574 0.00520833 0.00833333
0 0.58776 0.887963 0.0078125 0.0148148
0 0.7375 0.874537 0.00520833 0.012037
0 0.408594 0.911574 0.00364583 0.012037
0 0.425521 0.909722 0.00625 0.0268519
0 0.392448 0.918056 0.0046875 0.00833333
0 0.733594 0.890741 0.0411458 0.0425926
0 0.889323 0.838889 0.0140625 0.0185185
0 0.854948 0.8875 0.00572917 0.0138889
0 0.821354 0.836111 0.00416667 0.0111111
0 0.500521 0.910185 0.00416667 0.0111111
0 0.933854 0.881944 0.0114583 0.0305556
0 0.948438 0.823148 0.0114583 0.0185185
0 0.308594 0.9125 0.00677083 0.0212963
0 0.501042 0.894907 0.00833333 0.00833333
0 0.41276 0.910648 0.00364583 0.00833333
0 0.975 0.829167 0.0229167 0.0175926
0 0.605208 0.890278 0.00625 0.0157407
0 0.743229 0.868519 0.0114583 0.0277778
0 0.801562 0.874074 0.015625 0.0296296
0 0.688802 0.888426 0.00572917 0.0138889
0 0.983594 0.82963 0.0046875 0.012963
0 0.8375 0.851852 0.00416667 0.0148148
0 0.821094 0.894907 0.00572917 0.0101852
0 0.929688 0.82963 0.00625 0.012963
0 0.646875 0.952315 0.0166667 0.0305556
0 0.858854 0.830093 0.00520833 0.012037
0 0.507031 0.89213 0.0109375 0.0324074
0 0.880208 0.836111 0.00729167 0.0148148
0 0.633594 0.844444 0.0046875 0.0185185
0 0.528125 0.896296 0.0427083 0.0351852
0 0.420833 0.918056 0.00208333 0.00462963
0 0.884115 0.823148 0.00677083 0.012963
0 0.94974 0.851389 0.0046875 0.0157407
0 0.804167 0.889815 0.00729167 0.00925926
0 0.5375 0.887963 0.00520833 0.012963
0 0.613281 0.908333 0.0015625 0.0222222
0 0.97526 0.844444 0.00572917 0.012963
0 0.504948 0.9125 0.0296875 0.0212963
0 0.967188 0.839352 0.00729167 0.0157407
0 0.978125 0.814815 0.0333333 0.0444444
0 0.476302 0.895833 0.00677083 0.0175926
0 0.896354 0.90463 0.00729167 0.0148148
0 0.986719 0.897685 0.0213542 0.0305556
0 0.880469 0.852315 0.0109375 0.037963
0 0.611458 0.898148 0.00520833 0.0185185
0 0.845833 0.890741 0.00625 0.012963
0 0.704167 0.881944 0.00729167 0.0101852
0 0.400521 0.911574 0.00416667 0.0138889
0 0.488281 0.898148 0.0046875 0.0203704
0 0.77526 0.880556 0.00677083 0.00925926
0 0.580469 0.881481 0.00677083 0.0148148
0 0.876302 0.810648 0.0130208 0.0324074
0 0.283854 0.917593 0.003125 0.0166667
0 0.353906 0.919907 0.0046875 0.00833333
0 0.246094 0.937037 0.0078125 0.0277778
0 0.809115 0.88287 0.00885417 0.0138889
0 0.283333 0.9125 0.00625 0.0175926
0 0.246094 0.918056 0.0046875 0.0138889
0 0.85 0.837963 0.00520833 0.0148148
0 0.42526 0.918056 0.00364583 0.00833333
0 0.971615 0.830093 0.00885417 0.0194444
0 0.714844 0.875463 0.0109375 0.0194444
0 0.720833 0.883333 0.00520833 0.0166667
0 0.8875 0.897222 0.00625 0.0111111
0 0.625521 0.849074 0.0166667 0.0185185
0 0.482292 0.890741 0.0197917 0.012963
0 0.620833 0.881944 0.00520833 0.012037
0 0.40599 0.917593 0.00364583 0.012963
0 0.671094 0.888426 0.00260417 0.0101852
0 0.641406 0.843982 0.00364583 0.0212963
0 0.441927 0.911574 0.0046875 0.0101852
0 0.917448 0.836574 0.0046875 0.0138889
0 0.396615 0.919907 0.00364583 0.0157407
0 0.868229 0.823611 0.0166667 0.0342593
0 0.93776 0.837037 0.00677083 0.0185185
0 0.254948 0.917593 0.0078125 0.00925926
0 0.871354 0.837037 0.00520833 0.0111111
0 0.259115 0.923148 0.00572917 0.00555556
0 0.926302 0.835185 0.00677083 0.0148148
0 0.855729 0.836111 0.0104167 0.00925926
0 0.504687 0.904167 0.00520833 0.0101852
0 0.888281 0.838426 0.0307292 0.0231481
0 0.458594 0.891667 0.00572917 0.0148148
0 0.89974 0.890278 0.0213542 0.0212963
0 0.645052 0.876389 0.0213542 0.0268519
0 0.979688 0.816667 0.00520833 0.012963
0 0.663021 0.9125 0.00625 0.012037
0 0.708333 0.882407 0.00625 0.0111111
0 0.97526 0.823148 0.0046875 0.0166667
0 0.26276 0.917593 0.00572917 0.0148148
0 0.525521 0.888889 0.00625 0.0166667
0 0.870833 0.891667 0.00625 0.0166667
0 0.741927 0.875926 0.00885417 0.0111111
0 0.892187 0.903241 0.0104167 0.0361111
0 0.8 0.823148 0.0177083 0.037037
0 0.66875 0.885648 0.0114583 0.0398148
0 0.341146 0.913426 0.0229167 0.0212963
0 0.325521 0.918056 0.00625 0.00833333
0 0.246615 0.932407 0.00364583 0.0166667
0 0.346094 0.918056 0.0046875 0.0212963
0 0.775521 0.8875 0.00416667 0.012037
0 0.688021 0.880093 0.00625 0.0101852
0 0.492969 0.896759 0.00989583 0.0231481
0 0.964063 0.821759 0.0114583 0.0416667
0 0.930208 0.836111 0.00729167 0.012963
0 0.378906 0.926389 0.0046875 0.0175926
0 0.258073 0.918981 0.00572917 0.0101852
0 0.438021 0.910185 0.00520833 0.0148148
0 0.65 0.882407 0.00729167 0.0203704
0 0.89375 0.813889 0.0166667 0.0240741
0 0.808333 0.8375 0.00520833 0.0175926
0 0.45 0.898148 0.00625 0.0166667
0 0.41276 0.918981 0.00260417 0.00648148
0 0.859375 0.8375 0.00729167 0.0194444
0 0.353646 0.922222 0.0114583 0.037037
0 0.391667 0.905556 0.0270833 0.0222222
0 0.804427 0.897222 0.00677083 0.012963
0 0.291927 0.911111 0.00572917 0.0148148
0 0.491146 0.902315 0.00520833 0.0138889
0 0.34349 0.915741 0.0119792 0.0166667
0 0.921094 0.815278 0.0078125 0.0138889
0 0.357552 0.90463 0.0317708 0.0407407
0 0.766406 0.883333 0.0078125 0.00925926
0 0.884896 0.816204 0.0114583 0.0305556
0 0.820573 0.887037 0.0046875 0.012963
0 0.595833 0.8875 0.00625 0.0138889
0 0.875 0.910648 0.00416667 0.0138889
0 0.491927 0.910648 0.00364583 0.0138889
0 0.47526 0.903241 0.0046875 0.0212963
0 0.920573 0.863889 0.0161458 0.0388889
0 0.74974 0.875926 0.00677083 0.0148148
0 0.633594 0.889815 0.0078125 0.0203704
0 0.841667 0.887963 0.00729167 0.0111111
0 0.692448 0.881944 0.0109375 0.00833333
0 0.847396 0.80787 0.0145833 0.0287037
0 0.659115 0.886574 0.00677083 0.0101852
0 0.979688 0.843982 0.00520833 0.012037
0 0.595833 0.893981 0.003125 0.0212963
0 0.83776 0.830093 0.0078125 0.0157407
0 0.88099 0.815741 0.0119792 0.037037
0 0.521354 0.902778 0.00416667 0.0185185
0 0.583594 0.888889 0.00885417 0.0166667
0 0.36224 0.920833 0.00364583 0.0101852
0 0.990885 0.902315 0.0046875 0.012037
0 0.609115 0.8875 0.0046875 0.0194444
0 0.964583 0.912037 0.015625 0.0388889
0 0.542969 0.894444 0.0119792 0.0666667
0 0.888021 0.797685 0.01875 0.0342593
0 0.608073 0.881481 0.00677083 0.0166667
0 0.866927 0.889815 0.00572917 0.012963
0 0.248698 0.913426 0.0130208 0.012037
0 0.986458 0.974537 0.0270833 0.012037
0 0.379427 0.918981 0.0046875 0.0175926
0 0.941927 0.953241 0.00677083 0.0287037
0 0.695833 0.881481 0.00625 0.0166667
0 0.971094 0.824074 0.0046875 0.0148148
0 0.782812 0.839352 0.0114583 0.062037
0 0.336458 0.965741 0.0145833 0.0148148
0 0.51224 0.903241 0.0078125 0.0101852
0 0.311458 0.915278 0.01875 0.0231481
0 0.791667 0.824074 0.0166667 0.0240741
0 0.832292 0.881481 0.00729167 0.0314815
0 0.911719 0.836574 0.0130208 0.0453704
0 0.517187 0.9125 0.015625 0.0416667
0 0.292708 0.912037 0.009375 0.0314815
0 0.271094 0.918056 0.0046875 0.0138889
0 0.711979 0.881481 0.00729167 0.012963
0 0.24375 0.924074 0.0145833 0.0148148
0 0.641406 0.899537 0.0192708 0.0157407
0 0.979167 0.822685 0.00416667 0.0175926
0 0.97526 0.81713 0.0046875 0.0157407
0 0.64974 0.896296 0.0078125 0.012963
0 0.993229 0.845833 0.0135417 0.0194444
0 0.420052 0.911574 0.0046875 0.0157407
0 0.92526 0.896296 0.0078125 0.0185185
0 0.725 0.882407 0.00833333 0.0111111
0 0.316667 0.912037 0.00520833 0.0185185
0 0.654167 0.912963 0.00625 0.0166667
0 0.839583 0.816204 0.015625 0.025
0 0.82526 0.837963 0.00677083 0.0185185
0 0.9625 0.837037 0.00729167 0.0185185
0 0.80651 0.83287 0.0119792 0.0287037
0 0.641667 0.888426 0.00833333 0.0194444
0 0.650521 0.92037 0.0197917 0.0148148
0 0.445573 0.911111 0.0046875 0.00925926
0 0.921094 0.830556 0.0234375 0.0240741
0 0.951563 0.914352 0.0166667 0.0231481
0 0.253125 0.926852 0.0229167 0.0240741
0 0.394792 0.938889 0.0177083 0.0148148
0 0.855208 0.84537 0.00833333 0.0222222
0 0.530208 0.894444 0.009375 0.012963
0 0.253906 0.938426 0.0151042 0.0138889
0 0.521354 0.910185 0.003125 0.012963
0 0.31875 0.908796 0.0114583 0.0212963
0 0.985677 0.861111 0.0182292 0.0648148
0 0.984635 0.925926 0.0286458 0.0407407
0 0.752344 0.87037 0.00989583 0.0296296
0 0.970052 0.823148 0.0338542 0.0277778
0 0.433594 0.928241 0.0328125 0.0342593
0 0.61224 0.903704 0.00364583 0.0259259
0 0.323698 0.907407 0.0161458 0.0259259
0 0.446354 0.897222 0.0177083 0.0333333
0 0.490885 0.906018 0.0442708 0.0324074
0 0.833854 0.837037 0.00625 0.0203704
0 0.348698 0.9125 0.00885417 0.0175926
0 0.94349 0.800926 0.0161458 0.0314815
0 0.64974 0.888426 0.00677083 0.0157407
0 0.295052 0.904167 0.00989583 0.0157407
0 0.386979 0.981944 0.0125 0.0138889
0 0.934115 0.834722 0.00885417 0.0157407
0 0.88776 0.853704 0.0244792 0.012963
0 0.6 0.888426 0.00416667 0.0175926
0 0.822135 0.821759 0.0078125 0.0157407
0 0.407292 0.899074 0.01875 0.0222222
0 0.829167 0.837963 0.00625 0.0166667
0 0.963021 0.922222 0.0145833 0.0148148
0 0.954948 0.920833 0.0046875 0.0268519
0 0.520052 0.90787 0.0265625 0.0212963
0 0.466667 0.910648 0.00416667 0.0175926
0 0.388281 0.918056 0.0046875 0.012037
0 0.34401 0.930093 0.0109375 0.0231481
0 0.538021 0.895833 0.0291667 0.025
0 0.515365 0.898148 0.00677083 0.0351852
0 0.478906 0.896296 0.0078125 0.0166667
0 0.545833 0.892593 0.0166667 0.00925926
0 0.84375 0.836574 0.0135417 0.025
0 0.608073 0.880556 0.0130208 0.0296296
0 0.879167 0.896296 0.00625 0.0203704
0 0.911458 0.880556 0.01875 0.0444444
0 0.807813 0.839815 0.0197917 0.0240741
0 0.774479 0.824537 0.0177083 0.0342593
0 0.930469 0.822685 0.00989583 0.0231481
0 0.929688 0.869907 0.03125 0.0268519
0 0.641667 0.897222 0.009375 0.0166667
0 0.809115 0.822685 0.0161458 0.0268519
0 0.958854 0.8375 0.00625 0.0138889
0 0.823958 0.817593 0.009375 0.0537037
0 0.400521 0.928704 0.01875 0.0277778
0 0.796615 0.873611 0.0171875 0.0435185
0 0.265885 0.921759 0.0109375 0.0157407
0 0.60026 0.874074 0.0119792 0.0185185
0 0.447917 0.905093 0.00729167 0.025
0 0.799479 0.838889 0.0229167 0.0203704
0 0.867969 0.897222 0.0182292 0.0203704
0 0.533594 0.89537 0.00885417 0.0259259
0 0.379948 0.905556 0.0140625 0.0333333
0 0.842708 0.860648 0.0166667 0.0361111
0 0.859375 0.844907 0.03125 0.025
0 0.251823 0.909722 0.0244792 0.0305556
0 0.971094 0.838889 0.0182292 0.0185185
0 0.952344 0.833796 0.0171875 0.0472222
0 0.261719 0.913426 0.0203125 0.0175926
0 0.883594 0.82963 0.00677083 0.0185185
0 0.961458 0.853704 0.00625 0.0388889
0 0.2625 0.925 0.00416667 0.0185185
0 0.442187 0.92037 0.0208333 0.0185185
0 0.879687 0.8375 0.0354167 0.0324074
0 0.972135 0.852315 0.0171875 0.0435185
0 0.473177 0.899074 0.0234375 0.012963
0 0.958854 0.854167 0.0125 0.0194444
0 0.609115 0.890741 0.0140625 0.0203704
0 0.429427 0.902778 0.00989583 0.0388889
0 0.369792 0.930556 0.009375 0.0148148
0 0.334115 0.963889 0.0244792 0.0222222
0 0.994792 0.830093 0.0104167 0.0305556
0 0.34974 0.919444 0.0182292 0.0185185
0 0.503906 0.895833 0.0078125 0.0138889
0 0.5 0.903704 0.00625 0.0185185
0 0.602344 0.881944 0.00572917 0.0398148
0 0.929948 0.863426 0.0130208 0.012037
0 0.670573 0.86713 0.0161458 0.0175926
0 0.954427 0.836574 0.00572917 0.0175926
0 0.529948 0.902778 0.00572917 0.0166667
0 0.981771 0.816667 0.015625 0.0259259
0 0.482812 0.896296 0.0302083 0.0222222
0 0.486458 0.911111 0.015625 0.0240741
0 0.653646 0.897222 0.0302083 0.0222222
0 0.959115 0.837963 0.0223958 0.0203704
0 0.8375 0.854167 0.00416667 0.0361111
0 0.909896 0.897222 0.0145833 0.0425926
0 0.746354 0.881481 0.01875 0.0259259
0 0.185937 0.937037 0.0385417 0.0518519
0 0.525 0.889815 0.0229167 0.0166667
0 0.942969 0.851852 0.0130208 0.0407407
0 0.302604 0.914352 0.0239583 0.0231481
0 0.818229 0.836111 0.0208333 0.0203704
0 0.517187 0.912037 0.01875 0.012963
0 0.993229 0.861111 0.0135417 0.0259259
0 0.832552 0.830093 0.0171875 0.0212963
0 0.978906 0.919907 0.0119792 0.0194444
0 0.963802 0.927778 0.0192708 0.0537037
0 0.50026 0.905556 0.0151042 0.0203704
0 0.440885 0.914352 0.0192708 0.0138889
0 0.645052 0.914352 0.0140625 0.0101852
0 0.296354 0.910185 0.021875 0.0222222
0 0.471875 0.921296 0.0302083 0.0222222
0 0.568229 0.905556 0.0208333 0.0351852
0 0.779688 0.824074 0.021875 0.0222222
0 0.8125 0.891204 0.0302083 0.025
0 0.928646 0.904167 0.0166667 0.0287037
0 0.533073 0.897222 0.0276042 0.0148148
0 0.376823 0.922222 0.0161458 0.0314815
0 0.891146 0.89213 0.0114583 0.0287037
0 0.440625 0.889815 0.0166667 0.0222222
0 0.950521 0.831481 0.015625 0.0222222
0 0.796094 0.883333 0.0119792 0.0185185
0 0.97526 0.928241 0.0078125 0.0194444
0 0.813021 0.880556 0.0177083 0.0481481
0 0.959635 0.816667 0.0171875 0.0407407
0 0.274219 0.912963 0.0130208 0.0203704
0 0.42474 0.913889 0.0338542 0.0259259
0 0.220833 0.920833 0.00833333 0.025
0 0.769531 0.883333 0.0265625 0.0222222
0 0.421354 0.9125 0.015625 0.025
0 0.2875 0.92037 0.0166667 0.0222222
0 0.278125 0.97963 0.0145833 0.0203704
0 0.617448 0.911574 0.0130208 0.0175926
0 0.320052 0.914815 0.0171875 0.0222222
0 0.641406 0.945833 0.00260417 0.0194444
0 0.740885 0.875926 0.0171875 0.0277778
0 0.646354 0.844907 0.015625 0.0231481
0 0.345573 0.9375 0.0171875 0.0157407
0 0.870833 0.839352 0.021875 0.0231481
0 0.596094 0.873611 0.0119792 0.0212963
0 0.851302 0.830556 0.0130208 0.0444444
0 0.383073 0.981481 0.00989583 0.0277778
0 0.261719 0.918981 0.0411458 0.0268519
0 0.568229 0.881944 0.0135417 0.0435185
0 0.784115 0.891204 0.0213542 0.037963
0 0.808333 0.882407 0.0208333 0.0259259
0 0.783854 0.845833 0.0197917 0.0194444
0 0.871354 0.918519 0.0229167 0.0296296
0 0.644271 0.889815 0.0166667 0.0259259
0 0.361719 0.921759 0.0130208 0.037963
0 0.945052 0.944444 0.00989583 0.0148148
0 0.991927 0.839352 0.0161458 0.0342593
0 0.328646 0.922685 0.015625 0.025
0 0.982552 0.906018 0.00885417 0.0546296
0 0.614583 0.896296 0.00729167 0.0314815
0 0.8875 0.82963 0.025 0.0166667
0 0.734115 0.88287 0.0223958 0.025
0 0.705729 0.876389 0.009375 0.0472222
0 0.327865 0.916204 0.0234375 0.025
0 0.88099 0.799537 0.0161458 0.0268519
0 0.370052 0.898148 0.0140625 0.0222222
0 0.883594 0.912963 0.0109375 0.0148148
0 0.905208 0.897222 0.0197917 0.0296296
0 0.882552 0.890741 0.0109375 0.0166667
0 0.980208 0.909722 0.0197917 0.0305556
0 0.61224 0.906482 0.0140625 0.0111111
0 0.689844 0.875 0.0119792 0.05
0 0.970833 0.85463 0.009375 0.0296296
0 0.47474 0.905556 0.0192708 0.0240741
0 0.885938 0.871759 0.01875 0.0305556
0 0.633854 0.8375 0.00833333 0.025
0 0.577604 0.875 0.0145833 0.0240741
0 0.754427 0.874074 0.0296875 0.0222222
0 0.583854 0.890741 0.0322917 0.0259259
0 0.76224 0.875463 0.0151042 0.0194444
0 0.644531 0.937963 0.00364583 0.012963
0 0.286719 0.9125 0.0078125 0.0138889
0 0.427344 0.899537 0.0182292 0.0231481
0 0.878906 0.85463 0.0234375 0.0203704
0 0.942448 0.899074 0.0234375 0.037037
0 0.258073 0.919907 0.0171875 0.0268519
0 0.667448 0.88287 0.00989583 0.0157407
0 0.275 0.918519 0.0197917 0.0222222
0 0.851302 0.806481 0.0171875 0.0425926
0 0.248958 0.927778 0.0114583 0.0203704
0 0.884896 0.80787 0.0177083 0.0398148
0 0.371615 0.911111 0.0161458 0.037037
0 0.24375 0.937037 0.0229167 0.0351852
0 0.4875 0.919907 0.0104167 0.012037
0 0.408854 0.919907 0.0166667 0.0175926
0 0.766406 0.874537 0.0203125 0.0305556
0 0.315625 0.90787 0.0104167 0.0361111
0 0.466146 0.914815 0.00729167 0.0111111
0 0.863021 0.837963 0.0208333 0.0240741
0 0.594792 0.890741 0.025 0.0351852
0 0.501562 0.9125 0.01875 0.037963
0 0.221354 0.928704 0.0125 0.0203704
0 0.859115 0.889352 0.0182292 0.0212963
0 0.833594 0.8375 0.0213542 0.0231481
0 0.875521 0.911574 0.00729167 0.0361111
0 0.395052 0.922222 0.0119792 0.0185185
0 0.791927 0.840278 0.0140625 0.0194444
0 0.910156 0.852778 0.0182292 0.0388889
0 0.894271 0.836111 0.015625 0.0203704
0 0.634635 0.843518 0.0151042 0.0555556
0 0.433333 0.92037 0.00625 0.0111111
0 0.846354 0.85463 0.00833333 0.0240741
0 0.85026 0.890741 0.0109375 0.0259259
0 0.711979 0.884259 0.0125 0.0259259
0 0.81849 0.890278 0.0151042 0.0398148
0 0.613021 0.888889 0.0239583 0.0314815
0 0.684375 0.890741 0.021875 0.0314815
0 0.48151 0.912963 0.0078125 0.0222222
0 0.69974 0.875 0.0130208 0.0222222
0 0.649479 0.9125 0.0166667 0.0175926
0 0.828646 0.815741 0.0135417 0.05
0 0.266927 0.926389 0.0171875 0.0194444
0 0.919271 0.82963 0.0145833 0.0444444
0 0.667969 0.908333 0.0203125 0.0833333
0 0.942187 0.836111 0.0208333 0.0314815
0 0.277083 0.976389 0.0239583 0.0472222
0 0.917708 0.846296 0.0125 0.0462963
0 0.940625 0.906944 0.015625 0.0305556
0 0.282552 0.913889 0.0119792 0.0222222
0 0.463281 0.927315 0.0109375 0.0398148
0 0.859115 0.927778 0.0130208 0.0222222
0 0.354688 0.903241 0.015625 0.025
0 0.933073 0.831481 0.0255208 0.0314815
0 0.885677 0.859259 0.0171875 0.0185185
0 0.870313 0.923148 0.009375 0.012963
0 0.523698 0.906018 0.0119792 0.0101852
0 0.971615 0.918056 0.0296875 0.0324074
0 0.52474 0.912963 0.0213542 0.0166667
0 0.571094 0.891667 0.0171875 0.0351852
0 0.63724 0.890278 0.0213542 0.0194444
0 0.401302 0.902315 0.0203125 0.0212963
0 0.461719 0.889815 0.0140625 0.0259259
0 0.92526 0.815741 0.0182292 0.0314815
0 0.216667 0.930093 0.0135417 0.0268519
0 0.76875 0.890741 0.0197917 0.0444444
0 0.379427 0.977315 0.0192708 0.0287037
0 0.946094 0.950926 0.0119792 0.0185185
0 0.858073 0.88287 0.0130208 0.0194444
0 0.457552 0.921296 0.00364583 0.0203704
0 0.364062 0.912963 0.009375 0.0296296
0 0.920573 0.891204 0.0130208 0.0231481
0 0.651823 0.876389 0.0192708 0.0435185
0 0.470573 0.913426 0.0140625 0.0212963
0 0.679688 0.883333 0.00833333 0.0222222
0 0.691927 0.891204 0.0151042 0.0287037
0 0.661719 0.88287 0.0130208 0.0268519
0 0.417188 0.92037 0.01875 0.0259259
0 0.871354 0.928704 0.01875 0.0240741
0 0.508073 0.896296 0.0276042 0.0203704
0 0.983333 0.919444 0.015625 0.0259259
0 0.658333 0.891204 0.015625 0.0287037
0 0.708073 0.883796 0.0161458 0.0175926
0 0.57526 0.898611 0.0119792 0.0175926
0 0.494531 0.906944 0.00677083 0.012037
0 0.935156 0.816204 0.0182292 0.0416667
0 0.883594 0.895833 0.0182292 0.025
0 0.876042 0.850926 0.0145833 0.037037
0 0.495833 0.9125 0.0177083 0.0212963
0 0.863802 0.81713 0.0203125 0.0324074
0 0.951042 0.816667 0.0208333 0.0425926
0 0.700781 0.880556 0.0203125 0.0277778
0 0.430208 0.924537 0.0104167 0.0324074
0 0.823958 0.831944 0.009375 0.0194444
0 0.236458 0.913889 0.00625 0.0185185
0 0.385938 0.919907 0.0197917 0.0268519
0 0.616667 0.90463 0.0125 0.0166667
0 0.71849 0.873148 0.0130208 0.0574074
0 0.89974 0.910648 0.0203125 0.0398148
0 0.829427 0.889352 0.00677083 0.0342593
0 0.830208 0.895833 0.021875 0.0546296
0 0.846354 0.875 0.0177083 0.0425926
0 0.98151 0.830093 0.0171875 0.0268519
0 0.671094 0.891667 0.0046875 0.0222222
0 0.449479 0.913889 0.01875 0.0185185
0 0.825521 0.837037 0.0177083 0.0259259
0 0.516406 0.905556 0.0182292 0.012963
0 0.580729 0.873611 0.0114583 0.0527778
0 0.875781 0.86713 0.00989583 0.025
0 0.984115 0.969907 0.0192708 0.0342593
0 0.389583 0.904167 0.0177083 0.0509259
0 0.779167 0.889815 0.0125 0.0222222
0 0.904427 0.831019 0.0171875 0.0324074
0 0.582812 0.883796 0.0166667 0.0194444
0 0.232812 0.913889 0.0145833 0.0351852
0 0.809896 0.816667 0.021875 0.0462963
0 0.93724 0.889815 0.0119792 0.037037
0 0.991927 0.905093 0.0119792 0.037963
0 0.720573 0.88287 0.0109375 0.0305556
0 0.483594 0.921296 0.0078125 0.012963
0 0.492969 0.882407 0.0244792 0.0462963
0 0.972656 0.822685 0.0171875 0.0416667
0 0.884635 0.851389 0.0161458 0.0527778
0 0.990104 0.825 0.01875 0.0277778
0 0.713802 0.890741 0.0234375 0.0314815
0 0.879167 0.847222 0.0104167 0.0203704
0 0.995313 0.852315 0.009375 0.0361111
0 0.643229 0.875 0.0208333 0.0574074
0 0.904167 0.84537 0.0177083 0.037037
0 0.939844 0.94213 0.0140625 0.0361111
0 0.796094 0.813889 0.0213542 0.0407407
0 0.995313 0.9 0.009375 0.0240741
0 0.25 0.919907 0.0135417 0.0194444
0 0.82526 0.853241 0.0171875 0.0416667
0 0.629427 0.838426 0.0119792 0.0212963
0 0.804167 0.896759 0.0145833 0.0287037
0 0.663021 0.890741 0.0125 0.0222222
0 0.391406 0.937963 0.0119792 0.0388889
0 0.674219 0.885185 0.0078125 0.0259259
0 0.759896 0.88287 0.021875 0.0342593
0 0.850521 0.852778 0.015625 0.0388889
0 0.24974 0.934722 0.00989583 0.0157407
0 0.983333 0.8375 0.0114583 0.0305556
0 0.988802 0.855093 0.0161458 0.0342593
0 0.913021 0.890278 0.0114583 0.0212963
0 0.876302 0.89213 0.0161458 0.0287037
0 0.593229 0.874074 0.01875 0.05
0 0.248958 0.913426 0.0145833 0.062037
0 0.792188 0.890741 0.0166667 0.0314815
0 0.405729 0.896759 0.0197917 0.0453704
0 0.975521 0.919907 0.0166667 0.0546296
0 0.726562 0.891204 0.0229167 0.0268519
0 0.797917 0.8375 0.0208333 0.0453704
0 0.74349 0.898148 0.0244792 0.0388889
0 0.89375 0.829167 0.021875 0.0398148
0 0.957552 0.912963 0.00364583 0.0148148
0 0.18151 0.929167 0.0161458 0.0416667
0 0.954427 0.851852 0.0151042 0.0259259
0 0.867708 0.807407 0.01875 0.0444444
0 0.335938 0.912037 0.0239583 0.0425926
0 0.571094 0.897685 0.0109375 0.0231481
0 0.667969 0.868056 0.0213542 0.0509259
0 0.233594 0.918519 0.0046875 0.0222222
0 0.84375 0.822222 0.0197917 0.037037
0 0.397135 0.906482 0.0223958 0.0518519
0 0.896875 0.895833 0.01875 0.0564815
0 0.666667 0.912037 0.0145833 0.0296296
0 0.879687 0.911111 0.0114583 0.0259259
0 0.625 0.88287 0.01875 0.0324074
0 0.541667 0.889815 0.0145833 0.0296296
0 0.791146 0.883796 0.0114583 0.025
0 0.970312 0.925463 0.0135417 0.0268519
0 0.589063 0.889815 0.0197917 0.0574074
0 0.979167 0.844907 0.0125 0.0342593
0 0.92474 0.862963 0.0151042 0.0259259
0 0.896094 0.917593 0.0130208 0.0333333
0 0.838802 0.82963 0.0223958 0.0407407
0 0.870573 0.859722 0.00677083 0.0268519
0 0.920313 0.840278 0.0135417 0.025
0 0.871615 0.887963 0.0119792 0.0296296
0 0.784115 0.822222 0.0223958 0.0388889
0 0.90026 0.853241 0.0151042 0.037963
0 0.966146 0.852315 0.009375 0.0342593
0 0.908854 0.890741 0.0104167 0.0203704
0 0.861719 0.920833 0.0109375 0.0212963
0 0.845833 0.888426 0.0135417 0.0287037
0 0.427865 0.920833 0.00572917 0.0138889
0 0.891146 0.87037 0.0177083 0.0240741
0 0.489583 0.898148 0.0114583 0.0537037
0 0.729948 0.881944 0.0182292 0.0564815
0 0.527344 0.888426 0.0192708 0.0657407
0 0.238281 0.919907 0.00989583 0.0231481
0 0.67526 0.89213 0.0119792 0.0194444
0 0.941927 0.913889 0.00989583 0.0203704
0 0.967708 0.836111 0.0208333 0.0611111
0 0.892187 0.897685 0.01875 0.025
0 0.738021 0.875926 0.0229167 0.0555556
0 0.430208 0.903704 0.021875 0.0425926
0 0.87474 0.846296 0.00677083 0.0314815
0 0.833333 0.889352 0.0114583 0.0361111
0 0.805469 0.883333 0.0213542 0.05
0 0.603646 0.890278 0.0114583 0.0287037
0 0.857031 0.921759 0.0046875 0.0138889
0 0.461979 0.92037 0.0114583 0.0166667
0 0.367969 0.896759 0.0213542 0.0435185
0 0.866146 0.919444 0.009375 0.0240741
0 0.970833 0.912037 0.00729167 0.0333333
0 0.214062 0.925 0.0260417 0.0388889
0 0.645573 0.944444 0.0109375 0.0222222
0 0.921875 0.814815 0.0197917 0.0518519
0 0.958854 0.921296 0.0114583 0.0185185
0 0.841927 0.851852 0.00885417 0.0314815
0 0.873177 0.834259 0.0130208 0.0351852
0 0.959375 0.836574 0.021875 0.0453704
0 0.925781 0.897685 0.0223958 0.0490741
0 0.439063 0.890278 0.021875 0.0435185
0 0.818229 0.853241 0.021875 0.0546296
0 0.991406 0.818519 0.0171875 0.0481481
0 0.947135 0.82963 0.0192708 0.0666667
0 0.530208 0.90463 0.0208333 0.037037
0 0.7875 0.838426 0.0135417 0.0324074
0 0.825 0.889352 0.0125 0.0287037
0 0.986979 0.904167 0.0125 0.0342593
0 0.64349 0.837963 0.0234375 0.0574074
0 0.93776 0.913889 0.0078125 0.0240741
0 0.346875 0.918981 0.0208333 0.0416667
0 0.451562 0.896759 0.0239583 0.0490741
0 0.476823 0.901852 0.0203125 0.0648148
0 0.309375 0.911574 0.0208333 0.0472222
0 0.985156 0.831481 0.0213542 0.0462963
0 0.910937 0.824537 0.025 0.0527778
0 0.300781 0.913889 0.0223958 0.0481481
0 0.292708 0.912037 0.0229167 0.05
0 0.859115 0.831019 0.0203125 0.0546296
0 0.371875 0.926389 0.021875 0.0490741
0 0.83125 0.836574 0.021875 0.0527778
0 0.751302 0.874074 0.0213542 0.0574074
0 0.179427 0.928241 0.0265625 0.025
0 0.651563 0.891204 0.0229167 0.0435185
0 0.930469 0.832407 0.0203125 0.0648148
0 0.655208 0.906018 0.015625 0.037963
0 0.939062 0.836574 0.021875 0.0601852
0 0.338021 0.933796 0.0239583 0.0490741
0 0.25651 0.919907 0.0234375 0.0509259
0 0.917708 0.889815 0.021875 0.0555556
0 0.902083 0.830093 0.0208333 0.062037
0 0.610417 0.881944 0.0208333 0.062037
0 0.680208 0.881481 0.021875 0.0592593
0 0.809635 0.836574 0.0223958 0.0509259
0 0.851042 0.844444 0.025 0.0518519
0 0.689323 0.889352 0.0213542 0.0546296
0 0.405469 0.913889 0.0234375 0.0518519
0 0.764063 0.875463 0.021875 0.062037
0 0.867969 0.919444 0.0192708 0.0648148
0 0.697135 0.880093 0.0213542 0.0638889
0 0.934896 0.902778 0.015625 0.0259259
0 0.380208 0.919444 0.021875 0.05
0 0.884635 0.82963 0.0213542 0.0555556
0 0.854948 0.883333 0.0244792 0.0611111
0 0.39349 0.92037 0.0244792 0.0444444
0 0.389062 0.934722 0.0260417 0.037963
0 0.272656 0.918981 0.0223958 0.062037
0 0.990625 0.85463 0.01875 0.0592593
0 0.802083 0.896759 0.025 0.0472222
0 0.705208 0.88287 0.0229167 0.062037
0 0.439323 0.9125 0.0203125 0.0638889
0 0.330208 0.911574 0.0239583 0.0694444
0 0.64375 0.896759 0.0229167 0.0416667
0 0.50625 0.897685 0.025 0.0638889
0 0.459635 0.889815 0.0244792 0.0407407
0 0.717708 0.882407 0.0229167 0.0611111
0 0.880729 0.895833 0.0239583 0.0546296
0 0.647396 0.911574 0.0239583 0.0453704
0 0.767969 0.823611 0.0244792 0.0509259
0 0.990365 0.897685 0.0192708 0.0712963
0 0.414583 0.919444 0.0239583 0.0574074
0 0.935156 0.89213 0.0213542 0.0601852
0 0.635417 0.887963 0.021875 0.0425926
0 0.284896 0.912963 0.0239583 0.0648148
0 0.951563 0.852315 0.0239583 0.0583333
0 0.355729 0.919444 0.0239583 0.0462963
0 0.943229 0.949074 0.0260417 0.0481481
0 0.539062 0.889352 0.0239583 0.0657407
0 0.897135 0.846296 0.0244792 0.0537037
0 0.626562 0.839352 0.0260417 0.0546296
0 0.31849 0.911111 0.0223958 0.0592593
0 0.785156 0.838426 0.0276042 0.0453704
0 0.963542 0.854167 0.025 0.0564815
0 0.892969 0.919444 0.0244792 0.0425926
0 0.867708 0.860185 0.0229167 0.0555556
0 0.56875 0.897222 0.0260417 0.0648148
0 0.985156 0.905093 0.0244792 0.0712963
0 0.522656 0.906018 0.0234375 0.0546296
0 0.823177 0.831481 0.0223958 0.0722222
0 0.889323 0.868056 0.0234375 0.0601852
0 0.905729 0.888426 0.025 0.0583333
0 0.776563 0.890278 0.025 0.0527778
0 0.872135 0.845833 0.0234375 0.0675926
0 0.980469 0.844907 0.0265625 0.0472222
0 0.482031 0.918056 0.0244792 0.0638889
0 0.660677 0.889352 0.0234375 0.0583333
0 0.876042 0.911111 0.0239583 0.0574074
0 0.942448 0.8625 0.0265625 0.0583333
0 0.263542 0.927315 0.021875 0.0638889
0 0.867708 0.888426 0.025 0.0472222
0 0.842708 0.890278 0.0260417 0.0435185
0 0.968229 0.913426 0.025 0.062037
0 0.58099 0.88287 0.0234375 0.0657407
0 0.788281 0.88287 0.0244792 0.0601852
0 0.922396 0.861111 0.025 0.0648148
0 0.918229 0.838426 0.0239583 0.062037
0 0.235417 0.918519 0.0260417 0.0555556
0 0.623438 0.881944 0.0260417 0.0583333
0 0.838802 0.852778 0.0255208 0.0537037
0 0.514844 0.904167 0.0223958 0.0712963
0 0.493229 0.905556 0.0239583 0.062963
0 0.614323 0.904167 0.0223958 0.0638889
0 0.468229 0.9125 0.0239583 0.0638889
0 0.95599 0.918519 0.0265625 0.0518519
0 0.363542 0.92037 0.0260417 0.0555556
0 0.889583 0.897222 0.025 0.062963
0 0.664062 0.911111 0.0260417 0.0444444
0 0.247656 0.935185 0.0255208 0.0611111
0 0.822396 0.889352 0.025 0.0712963
0 0.447917 0.912963 0.0239583 0.0666667
0 0.85599 0.919444 0.0276042 0.062963
0 0.672917 0.889815 0.025 0.0611111
0 0.460417 0.919907 0.0260417 0.0509259
0 0.426823 0.920833 0.0244792 0.0657407
0 0.601042 0.890278 0.0270833 0.062037
0 0.939062 0.912963 0.0270833 0.0666667
0 0.64349 0.941667 0.0255208 0.05
