0 0.609115 0.84537 0.0046875 0.0185185
0 0.696354 0.841204 0.00833333 0.0175926
0 0.333333 0.880093 0.00625 0.0157407
0 0.550781 0.902315 0.0046875 0.0194444
0 0.626823 0.881481 0.00885417 0.012963
0 0.555469 0.858796 0.0046875 0.0231481
0 0.43724 0.899074 0.00572917 0.0111111
0 0.421875 0.860185 0.0104167 0.0148148
0 0.0382813 0.918519 0.0046875 0.0240741
0 0.667188 0.838426 0.009375 0.0175926
0 0.5375 0.866667 0.0333333 0.0166667
0 0.651302 0.883796 0.00989583 0.0175926
0 0.584896 0.859722 0.00625 0.012037
0 0.43125 0.873611 0.0125 0.0453704
0 0.632812 0.928241 0.028125 0.00462963
0 0.429948 0.862037 0.00885417 0.0166667
0 0.188021 0.930556 0.00520833 0.0148148
0 0.221094 0.890278 0.00885417 0.0194444
0 0.678385 0.889352 0.0380208 0.0231481
0 0.642448 0.831944 0.0046875 0.0175926
0 0.2625 0.883333 0.01875 0.0185185
0 0.484115 0.903241 0.00677083 0.025
0 0.528125 0.831019 0.0354167 0.0212963
0 0.345833 0.888889 0.00520833 0.0203704
0 0.38724 0.844444 0.00677083 0.0185185
0 0.63776 0.933333 0.0046875 0.0185185
0 0.63099 0.873148 0.00677083 0.0314815
0 0.564844 0.909722 0.00572917 0.0157407
0 0.604688 0.896759 0.00729167 0.012037
0 0.532812 0.8375 0.040625 0.025
0 0.353906 0.879167 0.0411458 0.0212963
0 0.521875 0.839352 0.00520833 0.0194444
0 0.108073 0.900926 0.0109375 0.0166667
0 0.433854 0.890741 0.00416667 0.0166667
0 0.734375 0.888889 0.00729167 0.0203704
0 0.656771 0.899537 0.0125 0.0398148
0 0.530469 0.858796 0.0046875 0.0268519
0 0.445833 0.838889 0.00833333 0.0148148
0 0.639063 0.908796 0.00625 0.0175926
0 0.5875 0.824537 0.00625 0.012037
0 0.758333 0.904167 0.0489583 0.0342593
0 0.663021 0.890741 0.00833333 0.0148148
0 0.246354 0.887963 0.00729167 0.0148148
0 0.321094 0.888426 0.0078125 0.0101852
0 0.576563 0.881944 0.00833333 0.0157407
0 0.501042 0.918056 0.00625 0.0212963
0 0.509115 0.902778 0.00572917 0.0203704
0 0.460417 0.848148 0.00833333 0.012963
0 0.672135 0.872222 0.00364583 0.0203704
0 0.333333 0.888426 0.00625 0.0157407
0 0.471354 0.837037 0.00520833 0.0148148
0 0.571354 0.875463 0.00520833 0.0212963
0 0.509635 0.918056 0.00677083 0.0175926
0 0.700781 0.918981 0.00572917 0.0194444
0 0.575781 0.868519 0.00885417 0.0148148
0 0.700781 0.927315 0.0109375 0.0398148
0 0.701563 0.883333 0.00625 0.0185185
0 0.7125 0.918981 0.00520833 0.0194444
0 0.395573 0.888889 0.0078125 0.012963
0 0.551042 0.925926 0.00833333 0.0166667
0 0.644531 0.860648 0.0151042 0.025
0 0.450781 0.889815 0.00572917 0.0111111
0 0.667188 0.873611 0.00416667 0.0231481
0 0.692448 0.888889 0.00572917 0.0203704
0 0.563021 0.831019 0.00625 0.0138889
0 0.624479 0.867593 0.0395833 0.0166667
0 0.680729 0.873611 0.00729167 0.0175926
0 0.663802 0.860648 0.0078125 0.0231481
0 0.677083 0.875926 0.003125 0.0185185
0 0.579427 0.860185 0.00677083 0.0203704
0 0.421094 0.836111 0.00364583 0.0185185
0 0.70026 0.875926 0.00677083 0.0259259
0 0.0341146 0.918056 0.00677083 0.0157407
0 0.527083 0.916667 0.00729167 0.012963
0 0.636458 0.844907 0.0416667 0.0416667
0 0.683854 0.896759 0.0291667 0.0101852
0 0.526042 0.882407 0.00833333 0.0240741
0 0.538542 0.831944 0.00833333 0.0231481
0 0.683333 0.838426 0.0322917 0.0157407
0 0.404427 0.893981 0.0046875 0.012037
0 0.47526 0.861111 0.00572917 0.0111111
0 0.56849 0.87963 0.00885417 0.0203704
0 0.713802 0.859722 0.0130208 0.0361111
0 0.642969 0.852778 0.0078125 0.0185185
0 0.647917 0.859722 0.00729167 0.0194444
0 0.421615 0.890278 0.00677083 0.0138889
0 0.583073 0.917593 0.00572917 0.0148148
0 0.366927 0.890278 0.00885417 0.0138889
0 0.621875 0.894444 0.00416667 0.0203704
0 0.455469 0.8375 0.0078125 0.0212963
0 0.461719 0.83287 0.0244792 0.0231481
0 0.509115 0.860185 0.0130208 0.0314815
0 0.6875 0.860648 0.0458333 0.0194444
0 0.558854 0.896759 0.00833333 0.0268519
0 0.653125 0.906482 0.0354167 0.0240741
0 0.621875 0.853241 0.009375 0.0212963
0 0.588542 0.902315 0.00625 0.012037
0 0.408333 0.911574 0.00625 0.0157407
0 0.618229 0.867593 0.00833333 0.0203704
0 0.12474 0.892593 0.0130208 0.0185185
0 0.0567708 0.906482 0.0135417 0.0185185
0 0.486458 0.928241 0.01875 0.0268519
0 0.605469 0.912037 0.00885417 0.0240741
0 0.575 0.916667 0.00520833 0.0185185
0 0.558594 0.862037 0.0234375 0.0185185
0 0.673958 0.832407 0.0333333 0.0203704
0 0.575521 0.860648 0.00625 0.0175926
0 0.75026 0.904167 0.0276042 0.0101852
0 0.489323 0.925463 0.00885417 0.0268519
0 0.339323 0.881019 0.0203125 0.037963
0 0.683333 0.875463 0.0291667 0.0138889
0 0.609115 0.858796 0.0078125 0.0157407
0 0.454167 0.84537 0.0291667 0.0166667
0 0.409635 0.851852 0.00677083 0.00925926
0 0.48776 0.851852 0.00572917 0.0240741
0 0.492708 0.904167 0.015625 0.0194444
0 0.688021 0.889352 0.00729167 0.0175926
0 0.23776 0.855093 0.0223958 0.0324074
0 0.476302 0.843982 0.00572917 0.0138889
0 0.0432292 0.921296 0.0208333 0.0277778
0 0.727344 0.867593 0.0078125 0.037037
0 0.665625 0.861111 0.0395833 0.037037
0 0.767187 0.939815 0.00625 0.0185185
0 0.672396 0.866204 0.009375 0.0157407
0 0.668229 0.917593 0.00729167 0.0259259
0 0.608594 0.852778 0.0046875 0.00925926
0 0.535417 0.928241 0.0197917 0.0268519
0 0.589063 0.887963 0.00833333 0.0148148
0 0.488021 0.858796 0.00833333 0.0101852
0 0.0804688 0.912037 0.00572917 0.0259259
0 0.459375 0.888889 0.0104167 0.0388889
0 0.619792 0.899074 0.0145833 0.05
0 0.640365 0.847222 0.0401042 0.0203704
0 0.542448 0.844907 0.00677083 0.0231481
0 0.676302 0.927315 0.0046875 0.0157407
0 0.63724 0.885185 0.0265625 0.0185185
0 0.7125 0.865741 0.0135417 0.012963
0 0.463281 0.835185 0.00677083 0.0148148
0 0.186719 0.885185 0.0182292 0.0111111
0 0.496615 0.843982 0.00572917 0.0101852
0 0.579948 0.927315 0.0119792 0.0490741
0 0.734115 0.866204 0.00572917 0.025
0 0.709115 0.87963 0.00572917 0.0203704
0 0.617969 0.876389 0.0078125 0.025
0 0.764844 0.909259 0.00989583 0.037037
0 0.416927 0.874537 0.00677083 0.0175926
0 0.679948 0.889815 0.00677083 0.0240741
0 0.642448 0.844907 0.00572917 0.0175926
0 0.663542 0.911111 0.009375 0.0259259
0 0.688021 0.942593 0.0145833 0.0148148
0 0.296354 0.881944 0.00729167 0.0175926
0 0.670313 0.878241 0.0427083 0.0342593
0 0.721354 0.936111 0.0364583 0.05
0 0.488021 0.911111 0.00520833 0.0185185
0 0.475781 0.912037 0.00885417 0.0185185
0 0.608594 0.904167 0.0244792 0.0157407
0 0.671094 0.904167 0.0046875 0.0212963
0 0.567448 0.853241 0.00989583 0.0157407
0 0.354167 0.894444 0.00416667 0.0185185
0 0.661458 0.837963 0.0135417 0.0277778
0 0.546615 0.838426 0.0078125 0.025
0 0.592188 0.90463 0.00625 0.0148148
0 0.488281 0.918056 0.00364583 0.0157407
0 0.475781 0.868519 0.00572917 0.0111111
0 0.713281 0.881944 0.0338542 0.0287037
0 0.611979 0.875463 0.040625 0.0231481
0 0.428385 0.922222 0.0369792 0.0203704
0 0.588802 0.89537 0.00677083 0.0185185
0 0.696354 0.858796 0.00520833 0.0175926
0 0.404167 0.846296 0.00833333 0.00925926
0 0.41224 0.837963 0.00885417 0.0148148
0 0.4875 0.843982 0.0364583 0.0231481
0 0.458854 0.868519 0.00729167 0.0222222
0 0.475 0.836574 0.00625 0.0138889
0 0.721354 0.93287 0.00625 0.0212963
0 0.4375 0.84537 0.00625 0.0185185
0 0.646354 0.902778 0.00625 0.0240741
0 0.71276 0.895833 0.00677083 0.0231481
0 0.716927 0.925 0.00572917 0.0185185
0 0.692448 0.864352 0.00677083 0.0194444
0 0.572396 0.902315 0.00729167 0.0138889
0 0.382552 0.845833 0.0328125 0.0231481
0 0.429427 0.845833 0.0078125 0.0194444
0 0.630469 0.86713 0.0109375 0.0194444
0 0.454688 0.837963 0.034375 0.0166667
0 0.617708 0.943056 0.0197917 0.0194444
0 0.517969 0.909722 0.0046875 0.0231481
0 0.696354 0.917593 0.00833333 0.0148148
0 0.560156 0.866667 0.00989583 0.00555556
0 0.538281 0.845833 0.00677083 0.0268519
0 0.514063 0.910648 0.00729167 0.012037
0 0.729167 0.912037 0.0260417 0.0185185
0 0.580729 0.843982 0.00729167 0.0231481
0 0.51875 0.852778 0.00833333 0.0240741
0 0.379427 0.889815 0.00885417 0.0148148
0 0.613021 0.902778 0.00729167 0.0185185
0 0.520833 0.9125 0.00729167 0.0194444
0 0.446875 0.89537 0.0197917 0.0166667
0 0.691146 0.881944 0.0427083 0.0287037
0 0.592188 0.831019 0.00625 0.0231481
0 0.165885 0.899074 0.00989583 0.0277778
0 0.623958 0.839815 0.0302083 0.0259259
0 0.705208 0.839352 0.00625 0.0194444
0 0.521094 0.896296 0.00572917 0.0240741
0 0.583854 0.89537 0.00625 0.0203704
0 0.661719 0.927315 0.0109375 0.0175926
0 0.555208 0.838889 0.00729167 0.0203704
0 0.653125 0.823611 0.0145833 0.0231481
0 0.546094 0.899537 0.0338542 0.0231481
0 0.441406 0.898148 0.0453125 0.0444444
0 0.203646 0.885185 0.0125 0.00925926
0 0.664323 0.851389 0.00885417 0.0212963
0 0.736979 0.867593 0.025 0.0240741
0 0.411458 0.843982 0.04375 0.0509259
0 0.595833 0.911574 0.00625 0.0138889
0 0.588021 0.867593 0.00625 0.0240741
0 0.501042 0.903241 0.00833333 0.0138889
0 0.484635 0.843518 0.00885417 0.0203704
0 0.519792 0.839815 0.0354167 0.0222222
0 0.16224 0.884259 0.0317708 0.0185185
0 0.592188 0.883796 0.00729167 0.0175926
0 0.679688 0.8375 0.00833333 0.0175926
0 0.671615 0.831481 0.0078125 0.0222222
0 0.645312 0.8375 0.0375 0.0305556
0 0.627083 0.91713 0.0114583 0.062037
0 0.0390625 0.902778 0.00729167 0.012963
0 0.368229 0.838889 0.0145833 0.0259259
0 0.572917 0.867593 0.009375 0.0111111
0 0.505469 0.910185 0.0078125 0.012963
0 0.758854 0.909722 0.00729167 0.0231481
0 0.566667 0.837963 0.025 0.012963
0 0.31875 0.890741 0.01875 0.0259259
0 0.650781 0.897685 0.00885417 0.0194444
0 0.733594 0.875 0.0078125 0.0240741
0 0.722135 0.899537 0.00885417 0.0231481
0 0.571615 0.883333 0.0078125 0.0296296
0 0.546615 0.851389 0.0078125 0.0231481
0 0.403906 0.853241 0.00572917 0.0194444
0 0.358073 0.890278 0.0151042 0.00833333
0 0.603646 0.823611 0.0177083 0.0342593
0 0.584115 0.86713 0.00677083 0.0212963
0 0.624219 0.831019 0.0411458 0.025
0 0.466667 0.906482 0.00729167 0.0185185
0 0.67526 0.868519 0.0265625 0.00925926
0 0.76849 0.933796 0.0078125 0.0435185
0 0.742448 0.894907 0.00677083 0.0305556
0 0.626302 0.89537 0.00572917 0.0222222
0 0.433594 0.890278 0.0192708 0.0157407
0 0.601823 0.880093 0.00885417 0.0194444
0 0.66875 0.8375 0.0135417 0.0342593
0 0.588802 0.844907 0.00677083 0.0231481
0 0.0815104 0.899074 0.0171875 0.0259259
0 0.491406 0.925926 0.0130208 0.0388889
0 0.510417 0.830093 0.0125 0.0268519
0 0.640885 0.824074 0.0192708 0.0314815
0 0.729427 0.889352 0.00572917 0.025
0 0.670573 0.86713 0.0265625 0.0175926
0 0.688802 0.866667 0.00885417 0.0240741
0 0.703646 0.918981 0.00833333 0.025
0 0.590365 0.849537 0.0390625 0.0361111
0 0.4125 0.844444 0.00520833 0.0166667
0 0.630208 0.852315 0.00729167 0.0231481
0 0.579427 0.831944 0.00677083 0.0194444
0 0.499219 0.888426 0.00989583 0.0324074
0 0.641146 0.839352 0.0135417 0.0231481
0 0.584375 0.831019 0.00729167 0.012037
0 0.554427 0.850463 0.00677083 0.025
0 0.421354 0.84537 0.00833333 0.0203704
0 0.695833 0.888889 0.00729167 0.0222222
0 0.225 0.855556 0.0104167 0.0185185
0 0.633333 0.906944 0.0333333 0.0175926
0 0.654427 0.846759 0.00677083 0.0194444
0 0.583854 0.838426 0.00625 0.0231481
0 0.570833 0.837037 0.00729167 0.0185185
0 0.716406 0.874074 0.00572917 0.0240741
0 0.584896 0.844907 0.00625 0.025
0 0.760417 0.927315 0.0114583 0.0490741
0 0.595312 0.868519 0.0447917 0.037037
0 0.601042 0.86713 0.00625 0.0175926
0 0.183333 0.906018 0.0135417 0.00833333
0 0.461719 0.884259 0.0265625 0.0222222
0 0.677083 0.871759 0.0197917 0.0416667
0 0.642969 0.874074 0.00885417 0.0166667
0 0.621875 0.860648 0.00833333 0.0175926
0 0.516146 0.814352 0.0229167 0.0157407
0 0.622396 0.875 0.00625 0.0185185
0 0.667969 0.889352 0.00885417 0.0268519
0 0.479688 0.844444 0.00833333 0.0185185
0 0.482552 0.9 0.0265625 0.0203704
0 0.628646 0.9 0.0270833 0.0111111
0 0.0364583 0.914352 0.04375 0.0287037
0 0.526302 0.858796 0.0078125 0.0287037
0 0.359896 0.875926 0.0166667 0.0259259
0 0.642448 0.896296 0.00677083 0.0148148
0 0.469792 0.831944 0.00833333 0.0287037
0 0.638542 0.838426 0.00833333 0.012037
0 0.696615 0.881019 0.00677083 0.0212963
0 0.729948 0.912037 0.0078125 0.0240741
0 0.467969 0.84537 0.00364583 0.0185185
0 0.613021 0.858796 0.00729167 0.0175926
0 0.401302 0.861111 0.0182292 0.0240741
0 0.709375 0.844444 0.00729167 0.0240741
0 0.55 0.875 0.00833333 0.0222222
0 0.504167 0.844907 0.00833333 0.012037
0 0.0427083 0.901852 0.00625 0.0314815
0 0.544531 0.846759 0.0369792 0.0194444
0 0.667188 0.866667 0.00833333 0.0240741
0 0.738281 0.93287 0.00989583 0.0490741
0 0.704427 0.903241 0.0119792 0.0324074
0 0.657552 0.867593 0.0296875 0.0166667
0 0.67526 0.918519 0.00572917 0.0185185
0 0.684115 0.860185 0.0078125 0.0222222
0 0.504687 0.90463 0.00520833 0.0166667
0 0.526823 0.851389 0.00885417 0.012037
0 0.41276 0.868056 0.00572917 0.0157407
0 0.58776 0.837037 0.00677083 0.0259259
0 0.532031 0.864815 0.00885417 0.012963
0 0.508854 0.911574 0.00625 0.0212963
0 0.61849 0.836111 0.00677083 0.0314815
0 0.661719 0.881481 0.0130208 0.0388889
0 0.691927 0.91713 0.00677083 0.0231481
0 0.636979 0.925463 0.0125 0.0435185
0 0.704687 0.897685 0.00833333 0.025
0 0.746094 0.895833 0.0338542 0.0194444
0 0.391927 0.845833 0.0223958 0.0175926
0 0.417448 0.868519 0.00677083 0.0148148
0 0.450521 0.843518 0.00520833 0.0259259
0 0.393229 0.831481 0.0145833 0.0296296
0 0.608854 0.901389 0.00625 0.0175926
0 0.696875 0.873611 0.00520833 0.0175926
0 0.61875 0.874074 0.015625 0.037037
0 0.111719 0.891667 0.0119792 0.012963
0 0.488281 0.843982 0.00677083 0.0231481
0 0.461719 0.868056 0.0328125 0.0194444
0 0.563021 0.868519 0.0427083 0.0185185
0 0.408854 0.89537 0.00729167 0.0166667
0 0.646354 0.875 0.00729167 0.0203704
0 0.447656 0.814815 0.0151042 0.0407407
0 0.738021 0.910648 0.009375 0.0212963
0 0.425 0.891667 0.0239583 0.0314815
0 0.666146 0.84537 0.04375 0.0314815
0 0.403385 0.887963 0.0046875 0.0148148
0 0.676302 0.852778 0.0078125 0.0222222
0 0.567708 0.888426 0.009375 0.025
0 0.0940104 0.89537 0.0109375 0.0388889
0 0.533854 0.911574 0.00833333 0.0157407
0 0.432552 0.92963 0.0244792 0.0148148
0 0.509115 0.843982 0.00677083 0.012037
0 0.417448 0.895833 0.00677083 0.0157407
0 0.432813 0.883333 0.0197917 0.0222222
0 0.5125 0.845833 0.00729167 0.0157407
0 0.50026 0.84537 0.00989583 0.012963
0 0.759375 0.901389 0.00520833 0.0212963
0 0.463802 0.823148 0.0161458 0.0333333
0 0.454948 0.910648 0.00364583 0.0138889
0 0.264844 0.877778 0.0109375 0.0333333
0 0.591667 0.925 0.00625 0.0185185
0 0.42526 0.830556 0.0203125 0.0277778
0 0.602865 0.848148 0.0255208 0.0148148
0 0.733594 0.896296 0.0078125 0.0240741
0 0.466667 0.837037 0.00625 0.0203704
0 0.629948 0.902315 0.00677083 0.0194444
0 0.729167 0.890741 0.0239583 0.00925926
0 0.564062 0.894907 0.00833333 0.0194444
0 0.658854 0.89537 0.00729167 0.0166667
0 0.621094 0.883796 0.0078125 0.0268519
0 0.677604 0.838889 0.015625 0.0314815
0 0.444792 0.83287 0.015625 0.0305556
0 0.691927 0.924074 0.00572917 0.0203704
0 0.558333 0.837037 0.0354167 0.0203704
0 0.56276 0.881944 0.0276042 0.0231481
0 0.417188 0.881481 0.00625 0.0111111
0 0.613802 0.866667 0.0078125 0.0240741
0 0.584115 0.901389 0.0046875 0.0101852
0 0.54974 0.854167 0.0338542 0.025
0 0.0825521 0.891204 0.0223958 0.0101852
0 0.661719 0.937037 0.00989583 0.0240741
0 0.684115 0.924537 0.00677083 0.0194444
0 0.365885 0.887963 0.0411458 0.0425926
0 0.551042 0.843056 0.00520833 0.0194444
0 0.572917 0.887963 0.0125 0.0444444
0 0.517448 0.845833 0.0078125 0.0194444
0 0.575521 0.837037 0.00625 0.0203704
0 0.729167 0.932407 0.00625 0.0203704
0 0.55026 0.896759 0.00677083 0.0157407
0 0.567187 0.903241 0.00625 0.0268519
0 0.467708 0.815278 0.0166667 0.0342593
0 0.609635 0.865278 0.0078125 0.0194444
0 0.72474 0.872685 0.00572917 0.025
0 0.622135 0.830093 0.0078125 0.025
0 0.472917 0.918981 0.01875 0.0324074
0 0.504167 0.920833 0.0229167 0.0212963
0 0.698958 0.860648 0.0197917 0.0175926
0 0.554948 0.896759 0.00677083 0.0138889
0 0.50026 0.911111 0.0078125 0.0240741
0 0.654948 0.883796 0.0078125 0.0287037
0 0.519792 0.831019 0.0114583 0.0231481
0 0.770052 0.92037 0.0296875 0.0185185
0 0.0815104 0.90787 0.0192708 0.025
0 0.178385 0.898148 0.0119792 0.0351852
0 0.542969 0.852315 0.00885417 0.0231481
0 0.529688 0.917593 0.00833333 0.0222222
0 0.0651042 0.900463 0.01875 0.0175926
0 0.528906 0.919907 0.0234375 0.0194444
0 0.452083 0.90787 0.0135417 0.0287037
0 0.525781 0.84537 0.0046875 0.0185185
0 0.731771 0.859722 0.0114583 0.0361111
0 0.0486979 0.913426 0.0182292 0.0175926
0 0.626042 0.845833 0.00729167 0.0212963
0 0.563021 0.8375 0.00833333 0.0175926
0 0.380208 0.830556 0.0166667 0.0388889
0 0.646615 0.881481 0.00989583 0.012963
0 0.633854 0.902778 0.00625 0.0166667
0 0.591927 0.910648 0.00572917 0.0175926
0 0.4125 0.852778 0.00625 0.0203704
0 0.708854 0.896759 0.0177083 0.0194444
0 0.0463542 0.905556 0.015625 0.0166667
0 0.0901042 0.901389 0.0197917 0.0138889
0 0.530208 0.838426 0.00833333 0.0157407
0 0.52526 0.838889 0.00677083 0.0148148
0 0.663542 0.831944 0.00833333 0.025
0 0.416927 0.888426 0.00677083 0.0101852
0 0.46276 0.850463 0.00572917 0.0194444
0 0.525521 0.831944 0.00729167 0.0212963
0 0.596354 0.881481 0.0104167 0.0277778
0 0.689323 0.874537 0.0119792 0.0268519
0 0.598177 0.935185 0.0151042 0.0314815
0 0.588021 0.927315 0.0270833 0.025
0 0.708333 0.873611 0.00520833 0.0231481
0 0.753385 0.921296 0.0234375 0.0203704
0 0.232812 0.854167 0.0145833 0.0194444
0 0.717708 0.918981 0.0104167 0.0472222
0 0.654688 0.831944 0.00729167 0.0268519
0 0.62474 0.936574 0.0171875 0.0138889
0 0.655729 0.867593 0.0104167 0.0240741
0 0.517708 0.894444 0.0364583 0.0351852
0 0.466406 0.838889 0.0401042 0.0203704
0 0.450781 0.836574 0.00677083 0.0157407
0 0.521354 0.845833 0.00729167 0.025
0 0.316406 0.875 0.00885417 0.0259259
0 0.400521 0.845833 0.00729167 0.0157407
0 0.454427 0.905093 0.0046875 0.0157407
0 0.364583 0.883796 0.015625 0.0398148
0 0.519271 0.823148 0.0166667 0.0277778
0 0.634375 0.866204 0.00833333 0.0175926
0 0.636198 0.831481 0.0171875 0.0296296
0 0.592969 0.866204 0.00572917 0.0194444
0 0.680208 0.853241 0.00625 0.025
0 0.505208 0.850926 0.009375 0.00925926
0 0.667708 0.851852 0.00833333 0.0203704
0 0.600781 0.852315 0.00677083 0.0194444
0 0.491667 0.911574 0.021875 0.0194444
0 0.458594 0.837037 0.00572917 0.0222222
0 0.534115 0.839352 0.00885417 0.0231481
0 0.557552 0.843056 0.0119792 0.0453704
0 0.655208 0.909722 0.00729167 0.0231481
0 0.525 0.911574 0.0239583 0.0175926
0 0.613281 0.874537 0.0078125 0.0194444
0 0.6875 0.935648 0.0177083 0.0268519
0 0.645833 0.852778 0.00625 0.0240741
0 0.659115 0.867593 0.00885417 0.0296296
0 0.684635 0.874537 0.00677083 0.0324074
0 0.58724 0.823148 0.0421875 0.0351852
0 0.658854 0.902778 0.00833333 0.0166667
0 0.178646 0.881481 0.0229167 0.0240741
0 0.573958 0.898148 0.0333333 0.0277778
0 0.676302 0.881944 0.0046875 0.025
0 0.576042 0.902778 0.00416667 0.0203704
0 0.596354 0.866667 0.00833333 0.0166667
0 0.671354 0.853241 0.00833333 0.0194444
0 0.646354 0.838426 0.00729167 0.0231481
0 0.604167 0.881944 0.0333333 0.0175926
0 0.570312 0.928241 0.0114583 0.0212963
0 0.355208 0.831019 0.0177083 0.0324074
0 0.521354 0.89537 0.0229167 0.0203704
0 0.183073 0.889815 0.0130208 0.0166667
0 0.717448 0.875463 0.0119792 0.0157407
0 0.540104 0.837963 0.0135417 0.0333333
0 0.477604 0.831481 0.009375 0.0333333
0 0.66849 0.880093 0.00885417 0.0231481
0 0.613021 0.881481 0.00520833 0.0259259
0 0.638281 0.84537 0.00677083 0.0277778
0 0.547135 0.873148 0.00989583 0.0166667
0 0.609635 0.874537 0.0078125 0.025
0 0.515885 0.903241 0.0317708 0.0157407
0 0.113542 0.907407 0.0260417 0.0277778
0 0.659896 0.859259 0.015625 0.0425926
0 0.74974 0.888889 0.0234375 0.0185185
0 0.602865 0.876852 0.0255208 0.0148148
0 0.652865 0.839815 0.0182292 0.0240741
0 0.529427 0.844907 0.00572917 0.0138889
0 0.416927 0.861574 0.0078125 0.0157407
0 0.621354 0.868056 0.00833333 0.0231481
0 0.480208 0.823148 0.01875 0.0333333
0 0.420833 0.881481 0.040625 0.0425926
0 0.64974 0.868519 0.0338542 0.0314815
0 0.556771 0.822685 0.0177083 0.0305556
0 0.331771 0.89213 0.0177083 0.0361111
0 0.742188 0.928241 0.01875 0.0175926
0 0.191146 0.922685 0.003125 0.00833333
0 0.659115 0.853241 0.0078125 0.0287037
0 0.671094 0.881944 0.00572917 0.0212963
0 0.509115 0.851852 0.00885417 0.0203704
0 0.621875 0.901852 0.00625 0.0222222
0 0.529427 0.852778 0.0078125 0.0166667
0 0.638281 0.873611 0.00677083 0.0287037
0 0.679427 0.919444 0.0286458 0.0166667
0 0.649479 0.852315 0.0479167 0.0416667
0 0.70651 0.8375 0.0182292 0.025
0 0.566667 0.85463 0.0229167 0.0185185
0 0.359115 0.89537 0.0213542 0.0166667
0 0.722917 0.853241 0.015625 0.0324074
0 0.608854 0.8375 0.00729167 0.0287037
0 0.583333 0.918981 0.0322917 0.0268519
0 0.432031 0.922685 0.0171875 0.00833333
0 0.642708 0.867593 0.00833333 0.0185185
0 0.702344 0.845833 0.0171875 0.0398148
0 0.495573 0.925463 0.0119792 0.0212963
0 0.642187 0.904167 0.009375 0.0157407
0 0.178646 0.906482 0.015625 0.00740741
0 0.754427 0.951852 0.0161458 0.012963
0 0.604688 0.87963 0.00833333 0.0277778
0 0.491406 0.859722 0.00885417 0.0101852
0 0.614844 0.912037 0.0140625 0.0351852
0 0.63125 0.836574 0.0125 0.0472222
0 0.647396 0.867593 0.009375 0.0166667
0 0.769531 0.913426 0.0078125 0.0472222
0 0.504167 0.905556 0.0270833 0.0222222
0 0.466667 0.85463 0.025 0.0203704
0 0.514323 0.852778 0.0130208 0.0240741
0 0.716406 0.889352 0.0223958 0.0194444
0 0.617708 0.859259 0.00729167 0.0222222
0 0.675781 0.86713 0.0078125 0.0287037
0 0.425521 0.928704 0.01875 0.012963
0 0.675781 0.911574 0.0338542 0.0287037
0 0.450521 0.834259 0.0458333 0.0277778
0 0.604427 0.853241 0.0328125 0.0268519
0 0.580208 0.881019 0.00625 0.0268519
0 0.709115 0.858333 0.0130208 0.0259259
0 0.552604 0.861111 0.01875 0.0333333
0 0.733333 0.888426 0.0354167 0.025
0 0.558073 0.897685 0.0307292 0.0194444
0 0.485417 0.913426 0.0166667 0.0324074
0 0.529427 0.926389 0.00989583 0.0212963
0 0.570833 0.889352 0.028125 0.0212963
0 0.310937 0.877778 0.0125 0.0333333
0 0.655208 0.85463 0.00833333 0.0185185
0 0.46901 0.899074 0.0140625 0.0296296
0 0.626302 0.859722 0.0140625 0.0231481
0 0.34974 0.889352 0.0213542 0.0212963
0 0.503906 0.863889 0.0192708 0.0203704
0 0.0403646 0.897222 0.0213542 0.0185185
0 0.420312 0.825463 0.0145833 0.0472222
0 0.76224 0.905556 0.0276042 0.0259259
0 0.617188 0.852778 0.00520833 0.0203704
0 0.540104 0.910648 0.00729167 0.0305556
0 0.203646 0.910648 0.0104167 0.0194444
0 0.741927 0.911111 0.0265625 0.0166667
0 0.611979 0.838889 0.021875 0.0240741
0 0.63776 0.882407 0.00572917 0.0259259
0 0.721094 0.911111 0.0223958 0.0259259
0 0.363802 0.898148 0.0182292 0.0259259
0 0.6375 0.904167 0.00625 0.0194444
0 0.71276 0.874074 0.0223958 0.0222222
0 0.729167 0.875463 0.0145833 0.0194444
0 0.186198 0.921759 0.00677083 0.0268519
0 0.633073 0.85463 0.0265625 0.0185185
0 0.586979 0.831481 0.0135417 0.0314815
0 0.623438 0.874537 0.0114583 0.0287037
0 0.478646 0.839815 0.034375 0.0259259
0 0.0619792 0.922685 0.025 0.0101852
0 0.05 0.897685 0.0145833 0.0101852
0 0.754427 0.943056 0.0171875 0.0212963
0 0.689583 0.844444 0.015625 0.0333333
0 0.586979 0.920833 0.025 0.0138889
0 0.586979 0.87037 0.0270833 0.0148148
0 0.65026 0.854167 0.00572917 0.0194444
0 0.170833 0.89537 0.0114583 0.0203704
0 0.161458 0.893056 0.0145833 0.0212963
0 0.616667 0.859722 0.0229167 0.0212963
0 0.46276 0.843056 0.0046875 0.0231481
0 0.224479 0.888889 0.021875 0.0148148
0 0.433594 0.868056 0.0255208 0.0342593
0 0.659115 0.910648 0.0203125 0.0175926
0 0.267708 0.89213 0.021875 0.0175926
0 0.433073 0.846296 0.0244792 0.0203704
0 0.650781 0.861111 0.00677083 0.0259259
0 0.410417 0.848611 0.0197917 0.0305556
0 0.1 0.915278 0.0208333 0.0175926
0 0.284375 0.88287 0.0166667 0.0361111
0 0.0546875 0.896296 0.0135417 0.0148148
0 0.70026 0.889815 0.0223958 0.012963
0 0.62474 0.918519 0.0223958 0.0185185
0 0.3375 0.882407 0.0197917 0.0148148
0 0.629687 0.882407 0.00729167 0.0240741
0 0.548437 0.891204 0.0125 0.0546296
0 0.617708 0.845833 0.00833333 0.0231481
0 0.516406 0.846759 0.0213542 0.0231481
0 0.607552 0.891667 0.0151042 0.0203704
0 0.503646 0.912037 0.0197917 0.0203704
0 0.642187 0.941204 0.009375 0.0175926
0 0.191927 0.929167 0.0119792 0.012037
0 0.0416667 0.905093 0.0322917 0.025
0 0.722917 0.893056 0.01875 0.0398148
0 0.644792 0.83287 0.0166667 0.0416667
0 0.586979 0.898611 0.0260417 0.0212963
0 0.00625 0.898148 0.0125 0.0296296
0 0.523438 0.831019 0.015625 0.0361111
0 0.316927 0.881481 0.0192708 0.0259259
0 0.60625 0.928241 0.0177083 0.0324074
0 0.63776 0.868981 0.0328125 0.0175926
0 0.597656 0.82963 0.0182292 0.0462963
0 0.711979 0.846296 0.015625 0.0333333
0 0.649479 0.891204 0.0239583 0.0268519
0 0.12526 0.899074 0.0182292 0.0203704
0 0.0729167 0.897685 0.0135417 0.0361111
0 0.346615 0.8375 0.0234375 0.0324074
0 0.578646 0.831481 0.0135417 0.037037
0 0.548958 0.868981 0.021875 0.0212963
0 0.732552 0.925463 0.0119792 0.0157407
0 0.0609375 0.914352 0.0114583 0.0231481
0 0.617188 0.90463 0.01875 0.012963
0 0.651042 0.868981 0.00833333 0.025
0 0.695833 0.866667 0.00520833 0.0185185
0 0.675521 0.851852 0.028125 0.0259259
0 0.57474 0.868981 0.0203125 0.025
0 0.55026 0.875463 0.0307292 0.0212963
0 0.709896 0.927778 0.01875 0.0314815
0 0.291667 0.889815 0.0208333 0.0277778
0 0.382552 0.852778 0.0151042 0.037037
0 0.578906 0.868056 0.0338542 0.0342593
0 0.408854 0.908796 0.0125 0.0324074
0 0.520833 0.859722 0.0229167 0.0175926
0 0.458854 0.8625 0.0125 0.025
0 0.628385 0.844907 0.0119792 0.0342593
0 0.213021 0.880093 0.01875 0.0398148
0 0.658854 0.90463 0.021875 0.012963
0 0.675 0.929167 0.021875 0.0287037
0 0.532292 0.823148 0.0177083 0.0314815
0 0.371875 0.830093 0.01875 0.0435185
0 0.66276 0.896296 0.0223958 0.0259259
0 0.742969 0.873611 0.0171875 0.0361111
0 0.4875 0.897222 0.015625 0.0314815
0 0.664844 0.846296 0.0171875 0.0481481
0 0.747917 0.93287 0.00833333 0.0342593
0 0.497135 0.925 0.0161458 0.0407407
0 0.7375 0.896296 0.0208333 0.0166667
0 0.45599 0.853704 0.0161458 0.037037
0 0.0994792 0.907407 0.0145833 0.0203704
0 0.0101562 0.9125 0.0140625 0.0490741
0 0.527344 0.881481 0.0192708 0.0425926
0 0.68099 0.831481 0.0161458 0.037037
0 0.597396 0.881481 0.0166667 0.0388889
0 0.597917 0.862037 0.0114583 0.0444444
0 0.508073 0.902778 0.0390625 0.037037
0 0.578125 0.839815 0.0291667 0.0259259
0 0.688021 0.925463 0.0270833 0.0268519
0 0.685417 0.890741 0.0177083 0.0314815
0 0.724479 0.934722 0.015625 0.025
0 0.208073 0.911111 0.0109375 0.0296296
0 0.686979 0.919444 0.01875 0.0148148
0 0.478906 0.869444 0.0338542 0.0351852
0 0.720573 0.927778 0.0203125 0.012963
0 0.738542 0.906018 0.015625 0.0324074
0 0.652083 0.895833 0.0135417 0.0490741
0 0.542969 0.905093 0.0192708 0.0305556
0 0.38151 0.913889 0.0192708 0.012963
0 0.770833 0.943981 0.03125 0.0157407
0 0.575521 0.905093 0.0145833 0.0212963
0 0.236979 0.891204 0.01875 0.0231481
0 0.758073 0.933333 0.0192708 0.0166667
0 0.485677 0.85463 0.0182292 0.037037
0 0.5875 0.96713 0.021875 0.0194444
0 0.599479 0.868981 0.0291667 0.0231481
0 0.0231771 0.90463 0.0171875 0.0222222
0 0.211979 0.910648 0.0135417 0.0342593
0 0.413281 0.830556 0.0192708 0.0425926
0 0.698698 0.914352 0.00989583 0.0527778
0 0.541927 0.878241 0.0140625 0.0157407
0 0.208333 0.898148 0.0135417 0.0277778
0 0.646615 0.934259 0.00572917 0.0296296
0 0.719271 0.86713 0.00833333 0.0416667
0 0.305469 0.881944 0.0182292 0.0342593
0 0.49401 0.821759 0.0182292 0.0398148
0 0.650781 0.918981 0.0171875 0.0416667
0 0.716406 0.919444 0.0244792 0.0277778
0 0.689844 0.861111 0.0171875 0.0462963
0 0.536198 0.863426 0.00989583 0.0361111
0 0.566927 0.926852 0.00885417 0.0296296
0 0.592188 0.888889 0.0177083 0.0185185
0 0.511458 0.841204 0.0104167 0.0546296
0 0.595573 0.912963 0.0192708 0.0222222
0 0.72526 0.941204 0.0109375 0.0212963
0 0.616406 0.883796 0.0234375 0.0231481
0 0.49401 0.840278 0.0130208 0.0564815
0 0.397917 0.843982 0.0135417 0.0398148
0 0.508333 0.9125 0.0145833 0.0157407
0 0.404948 0.830556 0.0203125 0.0388889
0 0.55625 0.912037 0.0166667 0.0462963
0 0.578646 0.92037 0.0197917 0.0185185
0 0.423177 0.859722 0.0203125 0.0324074
0 0.691667 0.889352 0.028125 0.0157407
0 0.08125 0.890278 0.021875 0.0305556
0 0.59375 0.860648 0.0166667 0.0342593
0 0.145052 0.899537 0.00885417 0.025
0 0.445573 0.852778 0.0119792 0.037037
0 0.504948 0.897222 0.0182292 0.0518519
0 0.691927 0.90463 0.0151042 0.0203704
0 0.735156 0.919907 0.0078125 0.037963
0 0.478646 0.913889 0.0291667 0.0203704
0 0.535937 0.836111 0.015625 0.0462963
0 0.506771 0.822222 0.0197917 0.0481481
0 0.620573 0.919444 0.0078125 0.0185185
0 0.700521 0.917593 0.0229167 0.0203704
0 0.595052 0.848611 0.0203125 0.0175926
0 0.64375 0.88287 0.01875 0.0268519
0 0.641667 0.934722 0.0125 0.0175926
0 0.603906 0.912037 0.0161458 0.0148148
0 0.557813 0.854167 0.01875 0.0138889
0 0.570573 0.875463 0.0182292 0.025
0 0.672656 0.82963 0.0182292 0.0407407
0 0.395052 0.904167 0.0192708 0.0194444
0 0.351562 0.881944 0.015625 0.0435185
0 0.46224 0.921759 0.0182292 0.0231481
0 0.721094 0.874537 0.0151042 0.0212963
0 0.514583 0.815278 0.01875 0.0342593
0 0.604688 0.898148 0.015625 0.0185185
0 0.561458 0.876389 0.0166667 0.025
0 0.533333 0.852315 0.025 0.0212963
0 0.278125 0.885185 0.0208333 0.0277778
0 0.685417 0.872222 0.0145833 0.0444444
0 0.397917 0.853241 0.0197917 0.0342593
0 0.438802 0.897222 0.0171875 0.0277778
0 0.533333 0.899074 0.0197917 0.012963
0 0.646094 0.905093 0.0203125 0.0175926
0 0.67526 0.882407 0.0213542 0.0222222
0 0.00651042 0.908796 0.0119792 0.0305556
0 0.40026 0.8875 0.0203125 0.0268519
0 0.56849 0.824074 0.0192708 0.037037
0 0.632031 0.860185 0.0161458 0.0314815
0 0.728125 0.88287 0.009375 0.0490741
0 0.00859375 0.927315 0.0171875 0.0305556
0 0.720052 0.905093 0.0140625 0.0212963
0 0.67474 0.906018 0.0182292 0.0175926
0 0.580469 0.852315 0.0192708 0.0435185
0 0.589323 0.853241 0.0192708 0.0324074
0 0.324219 0.882407 0.0213542 0.0296296
0 0.622656 0.861111 0.0161458 0.0388889
0 0.434896 0.830556 0.0177083 0.0351852
0 0.665365 0.828241 0.0171875 0.0305556
0 0.608594 0.897685 0.0296875 0.0231481
0 0.0651042 0.899537 0.0208333 0.0453704
0 0.590365 0.906944 0.0307292 0.0305556
0 0.645052 0.899074 0.0286458 0.0259259
0 0.200521 0.890278 0.0145833 0.037963
0 0.392708 0.860185 0.0197917 0.0333333
0 0.704948 0.918981 0.0140625 0.0435185
0 0.65599 0.87963 0.0161458 0.0444444
0 0.522656 0.891667 0.0151042 0.0537037
0 0.255729 0.885185 0.01875 0.0407407
0 0.7 0.868056 0.025 0.0268519
0 0.0117188 0.923148 0.0182292 0.0222222
0 0.524479 0.926852 0.009375 0.0185185
0 0.693229 0.89537 0.0145833 0.0333333
0 0.0744792 0.913889 0.021875 0.0277778
0 0.550521 0.897222 0.021875 0.0148148
0 0.552344 0.836574 0.0161458 0.0490741
0 0.665365 0.86713 0.0203125 0.037963
0 0.342708 0.897222 0.021875 0.0333333
0 0.48099 0.84537 0.0140625 0.0462963
0 0.705469 0.887963 0.0171875 0.0481481
0 0.2 0.885185 0.0104167 0.0222222
0 0.541667 0.918519 0.021875 0.0333333
0 0.527865 0.837037 0.0171875 0.0333333
0 0.657031 0.832407 0.0223958 0.037037
0 0.373698 0.914352 0.0130208 0.0194444
0 0.60625 0.872685 0.0208333 0.0583333
0 0.516927 0.888426 0.0130208 0.0212963
0 0.440104 0.844907 0.0208333 0.0342593
0 0.0367187 0.921296 0.0171875 0.0148148
0 0.751823 0.917593 0.0182292 0.0574074
0 0.747917 0.903241 0.0166667 0.0527778
0 0.489323 0.843982 0.0151042 0.0509259
0 0.623698 0.830093 0.0182292 0.0435185
0 0.58125 0.880093 0.0166667 0.0546296
0 0.636198 0.897222 0.00885417 0.0462963
0 0.372396 0.883796 0.0166667 0.0490741
0 0.680469 0.850463 0.0171875 0.0546296
0 0.447656 0.831944 0.0182292 0.0490741
0 0.611719 0.874074 0.0109375 0.0407407
0 0.0190104 0.913889 0.0234375 0.0407407
0 0.667708 0.889352 0.01875 0.0361111
0 0.565365 0.905556 0.0203125 0.0462963
0 0.68125 0.920833 0.0177083 0.0361111
0 0.460677 0.866667 0.0171875 0.0407407
0 0.297396 0.897222 0.021875 0.0296296
0 0.221094 0.913426 0.0078125 0.0287037
0 0.564323 0.837037 0.0182292 0.0407407
0 0.733594 0.93287 0.0130208 0.0212963
0 0.0309896 0.896759 0.0192708 0.0398148
0 0.5625 0.866667 0.0145833 0.0333333
0 0.548698 0.822222 0.0213542 0.0407407
0 0.695052 0.837963 0.0213542 0.0259259
0 0.11224 0.899074 0.0171875 0.0222222
0 0.73724 0.925463 0.0171875 0.0324074
0 0.452344 0.89213 0.0182292 0.0305556
0 0.685417 0.938889 0.015625 0.0537037
0 0.426042 0.921296 0.0177083 0.0203704
0 0.63099 0.927778 0.0182292 0.0407407
0 0.621094 0.926852 0.0130208 0.0333333
0 0.389062 0.883796 0.021875 0.0509259
0 0.650521 0.934722 0.0104167 0.0268519
0 0.530729 0.918981 0.0177083 0.0398148
0 0.657031 0.847222 0.0213542 0.0333333
0 0.622656 0.882407 0.0192708 0.0425926
0 0.526823 0.860648 0.0192708 0.0342593
0 0.590625 0.824537 0.01875 0.0472222
0 0.459375 0.881019 0.0166667 0.0453704
0 0.747917 0.883333 0.021875 0.0555556
0 0.53724 0.878241 0.0119792 0.0175926
0 0.61901 0.844444 0.0161458 0.0388889
0 0.585938 0.964352 0.025 0.0416667
0 0.497135 0.89537 0.0192708 0.0388889
0 0.743229 0.895833 0.015625 0.0509259
0 0.38099 0.888889 0.0203125 0.0296296
0 0.149479 0.898148 0.015625 0.0333333
0 0.230208 0.851389 0.015625 0.037963
0 0.639583 0.846296 0.0197917 0.0407407
0 0.460677 0.831944 0.0161458 0.0583333
0 0.452083 0.843518 0.0177083 0.0518519
0 0.297656 0.881019 0.0192708 0.0472222
0 0.18099 0.888889 0.0213542 0.05
0 0.519271 0.839815 0.0177083 0.0592593
0 0.669271 0.875463 0.0177083 0.0342593
0 0.372135 0.845833 0.0223958 0.0564815
0 0.38099 0.851852 0.0234375 0.0537037
0 0.360677 0.843982 0.0234375 0.0509259
0 0.544531 0.852315 0.0182292 0.0527778
0 0.535417 0.911574 0.0166667 0.0324074
0 0.538281 0.883796 0.0151042 0.0231481
0 0.635417 0.8625 0.0145833 0.0583333
0 0.585417 0.837963 0.01875 0.0592593
0 0.73099 0.909259 0.0182292 0.0518519
0 0.664062 0.912037 0.0197917 0.0388889
0 0.0473958 0.9125 0.0197917 0.0509259
0 0.368229 0.890741 0.0177083 0.0314815
0 0.221354 0.85 0.0177083 0.0296296
0 0.0848958 0.906018 0.021875 0.0435185
0 0.714323 0.887963 0.0182292 0.0425926
0 0.040625 0.903704 0.0208333 0.0518519
0 0.75 0.942593 0.0114583 0.0333333
0 0.652865 0.858796 0.0203125 0.0453704
0 0.647396 0.901389 0.0177083 0.0638889
0 0.272135 0.890741 0.0244792 0.0333333
0 0.177604 0.906018 0.01875 0.0564815
0 0.522396 0.911111 0.0208333 0.0388889
0 0.404948 0.852778 0.0223958 0.0462963
0 0.389323 0.843982 0.0161458 0.0509259
0 0.76875 0.919444 0.0177083 0.062963
0 0.735156 0.874074 0.0171875 0.0462963
0 0.346875 0.888889 0.0197917 0.0555556
0 0.421875 0.838426 0.0208333 0.0601852
0 0.639583 0.912037 0.0197917 0.0333333
0 0.680469 0.936111 0.0203125 0.0314815
0 0.648177 0.84537 0.0192708 0.0518519
0 0.0947917 0.906944 0.0125 0.0287037
0 0.24375 0.875 0.0197917 0.0444444
0 0.548698 0.872685 0.0213542 0.0546296
0 0.414062 0.851389 0.0197917 0.0509259
0 0.585677 0.866667 0.0203125 0.0537037
0 0.20651 0.911574 0.0255208 0.0453704
0 0.577344 0.866204 0.0192708 0.0546296
0 0.602344 0.89213 0.0171875 0.0453704
0 0.40625 0.9125 0.0239583 0.0361111
0 0.247396 0.889352 0.01875 0.062037
0 0.184896 0.928704 0.0197917 0.0314815
0 0.43151 0.844444 0.0213542 0.0518519
0 0.443229 0.905556 0.0208333 0.037037
0 0.0515625 0.895833 0.0197917 0.0509259
0 0.434375 0.8875 0.0197917 0.0509259
0 0.355729 0.896296 0.0208333 0.05
0 0.44349 0.859259 0.0203125 0.0425926
0 0.489844 0.91713 0.0234375 0.0472222
0 0.484375 0.896759 0.025 0.0509259
0 0.159115 0.888426 0.0234375 0.0527778
0 0.0286458 0.915278 0.01875 0.0287037
0 0.63125 0.851389 0.0177083 0.062037
0 0.122396 0.89537 0.0229167 0.0462963
0 0.413281 0.867593 0.0223958 0.0425926
0 0.698698 0.860648 0.0140625 0.0453704
0 0.614844 0.858796 0.0203125 0.0601852
0 0.672396 0.851389 0.0197917 0.0638889
0 0.68125 0.889815 0.0177083 0.0574074
0 0.756771 0.933796 0.0229167 0.0453704
0 0.167969 0.896759 0.0213542 0.0435185
0 0.647656 0.874074 0.0192708 0.0537037
0 0.314063 0.881019 0.021875 0.0527778
0 0.697917 0.888426 0.01875 0.0564815
0 0.709896 0.84537 0.021875 0.062963
0 0.709896 0.897222 0.0208333 0.0407407
0 0.564583 0.925463 0.021875 0.0490741
0 0.51849 0.859722 0.0192708 0.0472222
0 0.759635 0.905093 0.0203125 0.0564815
0 0.672656 0.875926 0.0182292 0.0685185
0 0.551823 0.925463 0.0213542 0.0435185
0 0.501562 0.9125 0.0229167 0.0490741
0 0.410417 0.898148 0.021875 0.0425926
0 0.609896 0.836111 0.01875 0.0537037
0 0.556771 0.897685 0.021875 0.0509259
0 0.059375 0.913426 0.0229167 0.0472222
0 0.602344 0.852315 0.0192708 0.0546296
0 0.56849 0.875 0.0203125 0.0685185
0 0.476302 0.860648 0.0213542 0.0416667
0 0.630729 0.879167 0.01875 0.0453704
0 0.689583 0.888426 0.0208333 0.0601852
0 0.738281 0.925 0.0171875 0.0722222
0 0.476823 0.838426 0.0182292 0.0694444
0 0.427604 0.867593 0.0229167 0.0574074
0 0.639323 0.880556 0.0203125 0.062963
0 0.502865 0.84537 0.0203125 0.0425926
0 0.335156 0.883333 0.0203125 0.062963
0 0.660156 0.895833 0.0192708 0.0601852
0 0.560417 0.875926 0.0208333 0.0592593
0 0.53151 0.850926 0.0213542 0.0481481
0 0.590104 0.887037 0.0208333 0.0555556
0 0.597656 0.926389 0.0244792 0.0398148
0 0.655729 0.910185 0.01875 0.0592593
0 0.522656 0.926389 0.0234375 0.0453704
0 0.223177 0.889815 0.0223958 0.0537037
0 0.614323 0.904167 0.0213542 0.0601852
0 0.467969 0.90463 0.0234375 0.0351852
0 0.672396 0.927315 0.0208333 0.0564815
0 0.585677 0.921296 0.0203125 0.0537037
0 0.626562 0.897222 0.01875 0.0592593
0 0.576823 0.837963 0.0223958 0.0648148
0 0.59375 0.84537 0.0197917 0.0574074
0 0.263542 0.882407 0.025 0.037037
0 0.693229 0.926852 0.01875 0.0444444
0 0.56901 0.851389 0.0223958 0.0490741
0 0.418229 0.888426 0.0208333 0.0509259
0 0.460156 0.918056 0.0213542 0.0527778
0 0.697656 0.918056 0.0213542 0.0527778
0 0.397656 0.890741 0.0234375 0.05
0 0.606771 0.895833 0.0208333 0.0657407
0 0.514844 0.913426 0.0255208 0.0472222
0 0.147396 0.896759 0.028125 0.0472222
0 0.531771 0.895833 0.021875 0.0638889
0 0.735417 0.89537 0.0208333 0.0462963
0 0.598177 0.867593 0.0213542 0.0611111
0 0.639323 0.934259 0.0203125 0.0574074
0 0.664323 0.933333 0.0213542 0.0481481
0 0.602344 0.910185 0.0213542 0.0574074
0 0.205469 0.891204 0.0234375 0.062037
0 0.477604 0.911111 0.0229167 0.0518519
0 0.684896 0.918981 0.0197917 0.0657407
0 0.709896 0.874537 0.0197917 0.0638889
0 0.0734375 0.906018 0.0239583 0.0546296
0 0.277083 0.883796 0.0239583 0.0564815
0 0.39375 0.906482 0.0229167 0.0518519
0 0.71875 0.904167 0.0208333 0.0490741
0 0.510938 0.84537 0.021875 0.0555556
0 0.613542 0.881481 0.0197917 0.062963
0 0.721875 0.936574 0.0166667 0.0583333
0 0.322396 0.883796 0.021875 0.062037
0 0.234896 0.888426 0.021875 0.0564815
0 0.429948 0.921296 0.0213542 0.0425926
0 0.21849 0.9125 0.0255208 0.0472222
0 0.55651 0.852315 0.0223958 0.0601852
0 0.454948 0.906018 0.0234375 0.037963
0 0.0117188 0.92037 0.0234375 0.0611111
0 0.405208 0.891667 0.025 0.062963
0 0.726562 0.873148 0.01875 0.062963
0 0.380729 0.914352 0.0229167 0.037963
0 0.572656 0.903241 0.0223958 0.0601852
0 0.577083 0.919907 0.0229167 0.0601852
0 0.514063 0.887963 0.0229167 0.062963
0 0.0354167 0.92037 0.025 0.0537037
0 0.547656 0.896296 0.0234375 0.0685185
0 0.76849 0.941204 0.0203125 0.062037
0 0.539062 0.920833 0.0197917 0.062037
0 0.196875 0.882407 0.0260417 0.0592593
0 0.714323 0.919907 0.0151042 0.0675926
0 0.59349 0.90463 0.0234375 0.0592593
0 0.717969 0.873611 0.0203125 0.0601852
0 0.672917 0.902778 0.021875 0.0685185
0 0.648177 0.932407 0.0223958 0.062963
0 0.49375 0.860648 0.0239583 0.0509259
0 0.464323 0.846296 0.0223958 0.0537037
0 0.188281 0.919444 0.0192708 0.0425926
0 0.451302 0.890741 0.0255208 0.05
0 0.372917 0.912963 0.025 0.0481481
0 0.61901 0.926852 0.0223958 0.0685185
0 0.698177 0.866667 0.0223958 0.0648148
0 0.109635 0.897222 0.0265625 0.0555556
0 0.747135 0.94213 0.0234375 0.0583333
0 0.639323 0.904167 0.0234375 0.0638889
0 0.536458 0.874537 0.0239583 0.075
0 0.0273438 0.913426 0.0255208 0.0694444
0 0.73099 0.934259 0.0213542 0.0666667
0 0.0932292 0.905556 0.0260417 0.0648148
