0 0.445052 0.475463 0.00989583 0.0194444
0 0.895833 0.251389 0.040625 0.0361111
0 0.911719 0.240741 0.0203125 0.0148148
0 0.76276 0.236111 0.0171875 0.0333333
0 0.404687 0.480093 0.00520833 0.0138889
0 0.280208 0.628241 0.00520833 0.0157407
0 0.23776 0.661574 0.00885417 0.012037
0 0.476042 0.489815 0.00520833 0.0203704
0 0.879167 0.337963 0.0177083 0.00925926
0 0.365365 0.53287 0.0182292 0.0398148
0 0.251302 0.563889 0.0140625 0.0407407
0 0.659115 0.368056 0.0255208 0.0157407
0 0.455469 0.502778 0.0046875 0.012963
0 0.34349 0.55463 0.00677083 0.012963
0 0.166667 0.600926 0.00625 0.0222222
0 0.354427 0.533333 0.00260417 0.0203704
0 0.209635 0.591204 0.0046875 0.0175926
0 0.180208 0.577778 0.0197917 0.0333333
0 0.284115 0.533333 0.00572917 0.0240741
0 0.73151 0.35 0.0182292 0.0240741
0 0.133333 0.625926 0.00520833 0.0166667
0 0.934115 0.223611 0.00364583 0.012037
0 0.53125 0.440278 0.0104167 0.0138889
0 0.91224 0.2625 0.0151042 0.0175926
0 0.826302 0.327778 0.0203125 0.0222222
0 0.276823 0.568056 0.0078125 0.0175926
0 0.709115 0.356944 0.0119792 0.0175926
0 0.259635 0.585185 0.00677083 0.0203704
0 0.278906 0.528704 0.0286458 0.0185185
0 0.73776 0.342593 0.0223958 0.0185185
0 0.394271 0.518981 0.0114583 0.0231481
0 0.32526 0.638889 0.0078125 0.0203704
0 0.421354 0.527315 0.00416667 0.0175926
0 0.571354 0.429167 0.00416667 0.0157407
0 0.119271 0.603241 0.00833333 0.0527778
0 0.771354 0.33287 0.00729167 0.012037
0 0.888281 0.253704 0.0171875 0.0296296
0 0.292708 0.629167 0.00520833 0.0194444
0 0.802865 0.286111 0.00989583 0.037037
0 0.371875 0.541204 0.00520833 0.0231481
0 0.892708 0.253241 0.00833333 0.00462963
0 0.379427 0.533796 0.00677083 0.0268519
0 0.546094 0.423611 0.0046875 0.0212963
0 0.801042 0.312963 0.00520833 0.0111111
0 0.935417 0.274537 0.01875 0.025
0 0.401563 0.510185 0.00833333 0.0148148
0 0.392448 0.585185 0.00572917 0.0240741
0 0.242188 0.664352 0.00416667 0.0157407
0 0.813542 0.295833 0.00729167 0.0138889
0 0.196354 0.607407 0.00520833 0.0203704
0 0.723437 0.36713 0.0145833 0.0472222
0 0.304167 0.533333 0.00625 0.0222222
0 0.0625 0.64213 0.0104167 0.0175926
0 0.319792 0.695833 0.00833333 0.012037
0 0.429688 0.51713 0.00520833 0.0212963
0 0.450781 0.488889 0.0015625 0.0148148
0 0.321094 0.608333 0.0046875 0.0203704
0 0.317708 0.538889 0.00625 0.012963
0 0.142188 0.620833 0.003125 0.0157407
0 0.154167 0.6 0.009375 0.0166667
0 0.359115 0.53287 0.0046875 0.0212963
0 0.329427 0.533333 0.00572917 0.0148148
0 0.946354 0.289352 0.00729167 0.0101852
0 0.842708 0.288889 0.00833333 0.0259259
0 0.896354 0.252778 0.00729167 0.00555556
0 0.441667 0.481481 0.00520833 0.0203704
0 0.405469 0.523611 0.00677083 0.0138889
0 0.883594 0.258796 0.00885417 0.0138889
0 0.496094 0.483796 0.0046875 0.0194444
0 0.509896 0.444907 0.00416667 0.0231481
0 0.298698 0.714352 0.0161458 0.0212963
0 0.664844 0.368056 0.0078125 0.037963
0 0.377604 0.500463 0.025 0.025
0 0.834115 0.318519 0.00989583 0.012963
0 0.895573 0.260648 0.00572917 0.0138889
0 0.489583 0.44213 0.0333333 0.0157407
0 0.346615 0.55 0.00572917 0.0203704
0 0.303385 0.616667 0.0046875 0.0222222
0 0.153385 0.60787 0.00885417 0.0138889
0 0.959115 0.283796 0.0244792 0.0361111
0 0.238281 0.561111 0.0046875 0.012963
0 0.478385 0.410185 0.0109375 0.0333333
0 0.66901 0.397685 0.0130208 0.0435185
0 0.266927 0.562963 0.00572917 0.0203704
0 0.763021 0.335648 0.0145833 0.0231481
0 0.469531 0.39537 0.0109375 0.0240741
0 0.330729 0.529167 0.0145833 0.0175926
0 0.333073 0.541204 0.0473958 0.0287037
0 0.249479 0.580093 0.00520833 0.0138889
0 0.421094 0.518981 0.00572917 0.0212963
0 0.196875 0.575463 0.00208333 0.012037
0 0.655469 0.370833 0.0109375 0.0287037
0 0.353125 0.52963 0.01875 0.0148148
0 0.289583 0.0851852 0.0135417 0.0185185
0 0.510417 0.426389 0.028125 0.0138889
0 0.170573 0.598148 0.0078125 0.012963
0 0.333333 0.55 0.00520833 0.0203704
0 0.173958 0.594907 0.00729167 0.0435185
0 0.27474 0.624074 0.0234375 0.0259259
0 0.413021 0.612037 0.0208333 0.0351852
0 0.869531 0.336574 0.0182292 0.0231481
0 0.161979 0.601852 0.0427083 0.0333333
0 0.329688 0.708333 0.0145833 0.0277778
0 0.467187 0.502778 0.00416667 0.012963
0 0.403646 0.52037 0.04375 0.0388889
0 0.258854 0.57037 0.00625 0.0240741
0 0.514844 0.438426 0.0182292 0.0212963
0 0.841927 0.355556 0.0213542 0.0481481
0 0.713281 0.351389 0.0182292 0.0212963
0 0.803646 0.293056 0.01875 0.0268519
0 0.786719 0.30463 0.0182292 0.0462963
0 0.552083 0.484259 0.0229167 0.0203704
0 0.514844 0.475463 0.0109375 0.012037
0 0.23151 0.548611 0.00572917 0.0398148
0 0.650781 0.393519 0.0140625 0.0407407
0 0.21276 0.658796 0.00677083 0.0212963
0 0.242708 0.562963 0.00520833 0.0222222
0 0.778646 0.3375 0.0114583 0.0138889
0 0.292708 0.586111 0.0229167 0.0296296
0 0.590625 0.348611 0.0177083 0.025
0 0.367969 0.606944 0.0078125 0.037963
0 0.323177 0.601389 0.0119792 0.0157407
0 0.925521 0.235648 0.00625 0.025
0 0.809115 0.3125 0.00677083 0.0138889
0 0.452344 0.477315 0.0109375 0.0305556
0 0.408854 0.526389 0.00520833 0.0268519
0 0.70625 0.573148 0.0229167 0.0148148
0 0.304427 0.623148 0.00572917 0.0259259
0 0.203906 0.599537 0.00677083 0.0212963
0 0.846354 0.319907 0.0270833 0.0324074
0 0.882812 0.248611 0.0114583 0.0157407
0 0.364583 0.590278 0.0135417 0.0194444
0 0.463802 0.482407 0.0151042 0.0277778
0 0.26224 0.5875 0.0244792 0.0212963
0 0.642187 0.387963 0.0208333 0.0259259
0 0.197135 0.59213 0.0171875 0.0157407
0 0.267969 0.568519 0.0119792 0.0166667
0 0.37526 0.620833 0.0151042 0.0305556
0 0.344531 0.598611 0.0078125 0.0175926
0 0.507552 0.431481 0.0140625 0.0203704
0 0.283854 0.630556 0.00625 0.0222222
0 0.216406 0.652315 0.0182292 0.0194444
0 0.797135 0.313426 0.00677083 0.0138889
0 0.44375 0.581481 0.0177083 0.0240741
0 0.366927 0.631944 0.0078125 0.0361111
0 0.229948 0.599537 0.00677083 0.0194444
0 0.19401 0.61713 0.0182292 0.025
0 0.341927 0.533796 0.00572917 0.0212963
0 0.263542 0.459722 0.0145833 0.0324074
0 0.425781 0.569907 0.0203125 0.00462963
0 0.357812 0.593982 0.0104167 0.0268519
0 0.225781 0.578241 0.0046875 0.0175926
0 0.283073 0.661574 0.00572917 0.0398148
0 0.216927 0.590278 0.0046875 0.0212963
0 0.285677 0.623148 0.0203125 0.0333333
0 0.358594 0.541204 0.0046875 0.0194444
0 0.791927 0.312963 0.00572917 0.0148148
0 0.139583 0.531018 0.0427083 0.0157407
0 0.272656 0.571296 0.0109375 0.0166667
0 0.570573 0.433333 0.0151042 0.0277778
0 0.225781 0.585648 0.0046875 0.0194444
0 0.377344 0.540741 0.0161458 0.00740741
0 0.416927 0.53287 0.0046875 0.0194444
0 0.416927 0.4875 0.0046875 0.0231481
0 0.645312 0.418056 0.0177083 0.037963
0 0.320833 0.539815 0.00520833 0.0185185
0 0.285417 0.569907 0.0104167 0.0342593
0 0.446354 0.571296 0.00520833 0.0203704
0 0.6 0.41713 0.0166667 0.0305556
0 0.349479 0.558796 0.0229167 0.0194444
0 0.430729 0.488426 0.0145833 0.0324074
0 0.252604 0.6 0.01875 0.0333333
0 0.211979 0.579167 0.0125 0.0157407
0 0.242448 0.57037 0.00572917 0.0203704
0 0.395833 0.493056 0.00833333 0.0231481
0 0.157031 0.593982 0.0182292 0.0138889
0 0.145573 0.614815 0.0276042 0.0296296
0 0.288542 0.576852 0.00520833 0.0185185
0 0.286979 0.638426 0.0260417 0.0305556
0 0.224219 0.666204 0.0244792 0.0212963
0 0.0523437 0.643056 0.00989583 0.0231481
0 0.928125 0.232407 0.009375 0.0425926
0 0.354427 0.525926 0.0046875 0.0259259
0 0.915365 0.249074 0.0109375 0.0481481
0 0.388021 0.540278 0.00520833 0.0194444
0 0.329167 0.610648 0.0135417 0.0157407
0 0.45 0.47963 0.00416667 0.0203704
0 0.76276 0.325 0.0078125 0.012963
0 0.441406 0.500463 0.0203125 0.0138889
0 0.202344 0.592593 0.0119792 0.0203704
0 0.400521 0.498611 0.028125 0.0287037
0 0.454688 0.495833 0.00520833 0.0157407
0 0.457292 0.471759 0.009375 0.0324074
0 0.390625 0.5875 0.0125 0.0305556
0 0.364323 0.519444 0.0182292 0.0166667
0 0.4375 0.519907 0.00520833 0.0175926
0 0.367188 0.540741 0.00625 0.0222222
0 0.0776042 0.628704 0.053125 0.0685185
0 0.232292 0.651852 0.009375 0.0185185
0 0.691146 0.366204 0.021875 0.0157407
0 0.266927 0.564815 0.0151042 0.0388889
0 0.28776 0.555093 0.00572917 0.0231481
0 0.240885 0.637963 0.0130208 0.0203704
0 0.257292 0.535648 0.0125 0.0175926
0 0.294792 0.623611 0.01875 0.012037
0 0.273177 0.555093 0.0203125 0.0305556
0 0.482292 0.418981 0.046875 0.0324074
0 0.729427 0.319907 0.0244792 0.0194444
0 0.355729 0.519907 0.009375 0.025
0 0.720312 0.0851852 0.0166667 0.0444444
0 0.158333 0.618519 0.0145833 0.0148148
0 0.0497396 0.672222 0.0130208 0.0111111
0 0.413802 0.487037 0.00677083 0.0185185
0 0.679948 0.356944 0.0140625 0.0361111
0 0.376042 0.633333 0.00833333 0.0111111
0 0.197396 0.600926 0.0114583 0.0425926
0 0.62474 0.437963 0.0213542 0.0277778
0 0.600781 0.455093 0.0119792 0.037963
0 0.7875 0.315278 0.00833333 0.0231481
0 0.184635 0.666667 0.0151042 0.0462963
0 0.250781 0.585185 0.0046875 0.0222222
0 0.201562 0.386574 0.0145833 0.0361111
0 0.152083 0.305556 0.0177083 0.0444444
0 0.429688 0.525463 0.00520833 0.0194444
0 0.278125 0.563426 0.0447917 0.0324074
0 0.654167 0.388889 0.009375 0.0240741
0 0.791146 0.32963 0.0125 0.0296296
0 0.766927 0.312963 0.0046875 0.0314815
0 0.385417 0.49213 0.0135417 0.0231481
0 0.504167 0.490278 0.00416667 0.0212963
0 0.433594 0.568519 0.0140625 0.0148148
0 0.316927 0.636574 0.0046875 0.025
0 0.466406 0.497222 0.00364583 0.0203704
0 0.335677 0.513426 0.0140625 0.037963
0 0.31224 0.534722 0.00572917 0.0194444
0 0.21276 0.590741 0.00677083 0.012963
0 0.453906 0.490278 0.0536458 0.0435185
0 0.911198 0.233333 0.0109375 0.0314815
0 0.469271 0.405093 0.034375 0.012037
0 0.388542 0.504167 0.01875 0.0212963
0 0.617448 0.395833 0.0213542 0.0212963
0 0.498437 0.475926 0.0114583 0.0185185
0 0.441667 0.505556 0.0291667 0.0259259
0 0.257812 0.6625 0.00729167 0.0212963
0 0.15026 0.611574 0.0078125 0.0157407
0 0.284115 0.643519 0.0109375 0.0203704
0 0.511198 0.433333 0.0317708 0.0222222
0 0.716146 0.36713 0.00833333 0.0175926
0 0.207813 0.586111 0.00729167 0.0166667
0 0.441146 0.478241 0.00833333 0.0435185
0 0.929688 0.2375 0.0177083 0.0194444
0 0.790885 0.314352 0.0151042 0.0398148
0 0.255469 0.668519 0.0182292 0.0314815
0 0.584635 0.438426 0.0182292 0.0175926
0 0.403646 0.587037 0.0125 0.0277778
0 0.830469 0.29537 0.0171875 0.0314815
0 0.203906 0.576852 0.0109375 0.0203704
0 0.533594 0.486111 0.0203125 0.0185185
0 0.46901 0.456944 0.00885417 0.0101852
0 0.273698 0.579167 0.0078125 0.00833333
0 0.930729 0.274537 0.0208333 0.037963
0 0.77526 0.343056 0.0213542 0.025
0 0.90651 0.234259 0.00885417 0.0314815
0 0.560677 0.419444 0.0151042 0.0111111
0 0.233854 0.608333 0.0197917 0.0259259
0 0.195052 0.572222 0.0171875 0.0203704
0 0.842188 0.365278 0.034375 0.0435185
0 0.828906 0.304167 0.0192708 0.0175926
0 0.576823 0.456019 0.00885417 0.012037
0 0.0807292 0.927315 0.0145833 0.0416667
0 0.324219 0.696296 0.00677083 0.0148148
0 0.26224 0.571296 0.0234375 0.0166667
0 0.336979 0.590741 0.0114583 0.0148148
0 0.257031 0.564352 0.0109375 0.0342593
0 0.627083 0.397685 0.0125 0.0490741
0 0.282552 0.564352 0.0192708 0.012037
0 0.820573 0.306019 0.0234375 0.0287037
0 0.20026 0.608796 0.0234375 0.0101852
0 0.483594 0.558333 0.0203125 0.0259259
0 0.358594 0.603704 0.00885417 0.0111111
0 0.376302 0.5125 0.0109375 0.0194444
0 0.471094 0.460185 0.0421875 0.0259259
0 0.871094 0.298611 0.0192708 0.0175926
0 0.297396 0.539352 0.0166667 0.0138889
0 0.661458 0.383333 0.00729167 0.0222222
0 0.186979 0.592593 0.0145833 0.0166667
0 0.223177 0.653241 0.0109375 0.0342593
0 0.665885 0.409259 0.0213542 0.0351852
0 0.0742188 0.623148 0.0130208 0.0518519
0 0.409375 0.486574 0.00833333 0.025
0 0.407292 0.52037 0.00625 0.0259259
0 0.88724 0.260185 0.0265625 0.0166667
0 0.111458 0.514815 0.0322917 0.0240741
0 0.357031 0.543981 0.0203125 0.0212963
0 0.302865 0.706481 0.0171875 0.0333333
0 0.638542 0.374074 0.015625 0.0277778
0 0.27474 0.618519 0.0109375 0.00740741
0 0.484896 0.446296 0.0197917 0.0148148
0 0.603125 0.393981 0.0239583 0.0472222
0 0.741667 0.360185 0.0135417 0.0277778
0 0.723177 0.314815 0.00677083 0.0240741
0 0.777865 0.314352 0.00885417 0.0527778
0 0.676042 0.372685 0.01875 0.0231481
0 0.294792 0.699074 0.021875 0.0185185
0 0.580208 0.425 0.0197917 0.0166667
0 0.36901 0.536111 0.0203125 0.0148148
0 0.473177 0.472222 0.0151042 0.0185185
0 0.416667 0.534722 0.009375 0.0268519
0 0.416667 0.513426 0.0208333 0.0175926
0 0.279948 0.57037 0.00572917 0.0222222
0 0.357812 0.535648 0.0416667 0.0416667
0 0.665625 0.402315 0.00625 0.0138889
0 0.739583 0.345833 0.025 0.0398148
0 0.430469 0.511574 0.0161458 0.0194444
0 0.3125 0.534722 0.0229167 0.0175926
0 0.178385 0.564815 0.00364583 0.00740741
0 0.397917 0.483796 0.009375 0.0398148
0 0.491146 0.447222 0.0385417 0.0388889
0 0.28776 0.540741 0.0234375 0.0240741
0 0.321094 0.644907 0.0140625 0.025
0 0.659115 0.385185 0.0119792 0.0425926
0 0.327604 0.629167 0.0135417 0.0268519
0 0.306771 0.615741 0.0104167 0.0388889
0 0.186458 0.650463 0.0114583 0.0231481
0 0.572396 0.456019 0.01875 0.0268519
0 0.225521 0.585185 0.0229167 0.0296296
0 0.883594 0.289815 0.0151042 0.0314815
0 0.502865 0.493056 0.0140625 0.0212963
0 0.565104 0.416667 0.00833333 0.0166667
0 0.878125 0.322222 0.0229167 0.00925926
0 0.352083 0.536111 0.0166667 0.0185185
0 0.632292 0.404167 0.0135417 0.025
0 0.290885 0.653241 0.0234375 0.0268519
0 0.729427 0.337037 0.00572917 0.0240741
0 0.28099 0.57963 0.0140625 0.0351852
0 0.809635 0.30787 0.0171875 0.0212963
0 0.341146 0.513426 0.0125 0.0287037
0 0.178646 0.663889 0.0229167 0.0259259
0 0.563542 0.454167 0.0125 0.0138889
0 0.754427 0.359722 0.0182292 0.012037
0 0.171354 0.579167 0.0260417 0.0231481
0 0.441667 0.483796 0.0135417 0.0101852
0 0.372656 0.618519 0.0213542 0.0481481
0 0.424219 0.565278 0.00885417 0.0416667
0 0.3375 0.599074 0.0229167 0.0185185
0 0.316146 0.631944 0.034375 0.0305556
0 0.582552 0.456944 0.0192708 0.0157407
0 0.553646 0.443056 0.0145833 0.0287037
0 0.624219 0.431019 0.0151042 0.0212963
0 0.317448 0.512963 0.0203125 0.0388889
0 0.30026 0.533796 0.0182292 0.025
0 0.898958 0.313426 0.0114583 0.0138889
0 0.308854 0.555556 0.0322917 0.0277778
0 0.229948 0.683796 0.0151042 0.037963
0 0.838281 0.305093 0.0192708 0.0138889
0 0.865365 0.264352 0.0119792 0.00833333
0 0.383854 0.521759 0.0104167 0.0157407
0 0.766927 0.327315 0.0255208 0.0138889
0 0.584375 0.43287 0.021875 0.0138889
0 0.157552 0.600926 0.0328125 0.0185185
0 0.258333 0.541667 0.0197917 0.0259259
0 0.270573 0.653704 0.00677083 0.0222222
0 0.208854 0.608796 0.0166667 0.0194444
0 0.51224 0.456481 0.0213542 0.0148148
0 0.265365 0.470833 0.0119792 0.00648148
0 0.407031 0.578704 0.00677083 0.0222222
0 0.92474 0.2375 0.0213542 0.012037
0 0.85 0.305093 0.0260417 0.0305556
0 0.505729 0.448611 0.0177083 0.0138889
0 0.26276 0.550463 0.0223958 0.0361111
0 0.154948 0.625463 0.0223958 0.0268519
0 0.433333 0.484722 0.0135417 0.00833333
0 0.222917 0.744444 0.0166667 0.0296296
0 0.926042 0.243056 0.015625 0.0527778
0 0.290885 0.621296 0.0109375 0.0203704
0 0.402083 0.518981 0.0177083 0.0212963
0 0.636458 0.381019 0.00625 0.0138889
0 0.319271 0.534259 0.01875 0.0222222
0 0.703385 0.36713 0.0109375 0.0212963
0 0.482292 0.471296 0.00729167 0.0240741
0 0.845573 0.313889 0.0140625 0.0203704
0 0.364583 0.585648 0.0229167 0.0361111
0 0.426302 0.473148 0.0161458 0.0222222
0 0.236198 0.637963 0.0119792 0.0185185
0 0.078125 0.625 0.00625 0.0185185
0 0.247917 0.594907 0.0177083 0.0268519
0 0.276302 0.727778 0.0223958 0.0296296
0 0.750521 0.311574 0.0239583 0.0305556
0 0.374219 0.586574 0.0078125 0.0416667
0 0.46224 0.574074 0.0432292 0.0407407
0 0.344792 0.693519 0.0229167 0.0222222
0 0.234115 0.563426 0.0171875 0.0231481
0 0.217448 0.569444 0.0234375 0.0240741
0 0.257292 0.579167 0.0177083 0.0305556
0 0.545573 0.425 0.0151042 0.0111111
0 0.513802 0.489815 0.0234375 0.0185185
0 0.506771 0.48287 0.00833333 0.012037
0 0.940625 0.281944 0.0166667 0.037963
0 0.410677 0.519444 0.0151042 0.0333333
0 0.160156 0.610648 0.0192708 0.0287037
0 0.671094 0.363426 0.0203125 0.0305556
0 0.25026 0.668519 0.00885417 0.0166667
0 0.386719 0.536574 0.0130208 0.0194444
0 0.266406 0.638426 0.0078125 0.0231481
0 0.821615 0.380093 0.0286458 0.0324074
0 0.28724 0.534259 0.0182292 0.0203704
0 0.1125 0.627778 0.00625 0.00925926
0 0.576042 0.447222 0.0114583 0.0166667
0 0.213021 0.585648 0.0375 0.0212963
0 0.291667 0.663889 0.0125 0.0148148
0 0.176042 0.606944 0.021875 0.0305556
0 0.89401 0.26713 0.0213542 0.025
0 0.553125 0.471296 0.0208333 0.0111111
0 0.574219 0.43287 0.0182292 0.0175926
0 0.896354 0.246296 0.01875 0.0407407
0 0.34375 0.540741 0.015625 0.0203704
0 0.402865 0.506944 0.0192708 0.0175926
0 0.888802 0.267593 0.0192708 0.0407407
0 0.486979 0.49213 0.0354167 0.025
0 0.698958 0.36713 0.00520833 0.0287037
0 0.269792 0.556481 0.00625 0.0148148
0 0.26224 0.535648 0.00885417 0.0175926
0 0.428646 0.581481 0.0145833 0.0148148
0 0.89375 0.314352 0.00729167 0.0101852
0 0.229167 0.558796 0.00833333 0.012037
0 0.304948 0.631019 0.0182292 0.025
0 0.25651 0.645833 0.0171875 0.0527778
0 0.0453125 0.671296 0.0125 0.0148148
0 0.173177 0.564352 0.0140625 0.0361111
0 0.302344 0.594907 0.0171875 0.0194444
0 0.344271 0.55 0.025 0.0148148
0 0.289583 0.55 0.009375 0.0296296
0 0.415365 0.481944 0.0223958 0.0157407
0 0.28724 0.63287 0.0140625 0.0157407
0 0.701823 0.382407 0.0119792 0.0425926
0 0.219271 0.600463 0.00625 0.0324074
0 0.38724 0.62037 0.00989583 0.00925926
0 0.229167 0.661111 0.00729167 0.0277778
0 0.420052 0.527315 0.00989583 0.0212963
0 0.920313 0.25463 0.00625 0.0148148
0 0.870833 0.27037 0.0125 0.0203704
0 0.652865 0.710648 0.0192708 0.0305556
0 0.691927 0.403241 0.0182292 0.037963
0 0.729167 0.312963 0.0114583 0.037037
0 0.166927 0.609259 0.0203125 0.0185185
0 0.260156 0.592593 0.0161458 0.0444444
0 0.417188 0.489815 0.0260417 0.0203704
0 0.573438 0.423611 0.00729167 0.0138889
0 0.240365 0.588889 0.0161458 0.0166667
0 0.140365 0.616667 0.0140625 0.0611111
0 0.198958 0.577315 0.009375 0.0342593
0 0.640365 0.410648 0.0140625 0.0472222
0 0.292188 0.62963 0.0125 0.0240741
0 0.134115 0.625926 0.0161458 0.0407407
0 0.40625 0.535185 0.021875 0.0277778
0 0.336979 0.519444 0.015625 0.0185185
0 0.695312 0.38287 0.0104167 0.0231481
0 0.904948 0.26713 0.0203125 0.0287037
0 0.566406 0.467593 0.0171875 0.0222222
0 0.29401 0.706481 0.0223958 0.0185185
0 0.856771 0.293519 0.0114583 0.0185185
0 0.316146 0.639815 0.009375 0.0259259
0 0.541667 0.485185 0.015625 0.0351852
0 0.273698 0.64537 0.0140625 0.0481481
0 0.245052 0.658333 0.0046875 0.0185185
0 0.791927 0.351389 0.00989583 0.0268519
0 0.740365 0.331019 0.0078125 0.0305556
0 0.290365 0.571296 0.0151042 0.0185185
0 0.308594 0.572685 0.0192708 0.0194444
0 0.2125 0.689815 0.0270833 0.0314815
0 0.66224 0.40787 0.0109375 0.025
0 0.46224 0.567593 0.0182292 0.0166667
0 0.241667 0.564815 0.0333333 0.0314815
0 0.646615 0.394444 0.0213542 0.0240741
0 0.382292 0.499537 0.0135417 0.0157407
0 0.267969 0.6625 0.0203125 0.037963
0 0.744792 0.330093 0.009375 0.025
0 0.235938 0.591667 0.021875 0.0314815
0 0.879687 0.329167 0.0208333 0.0157407
0 0.0585938 0.649537 0.0119792 0.0194444
0 0.464583 0.506481 0.0229167 0.0203704
0 0.622396 0.379167 0.0145833 0.0268519
0 0.494792 0.485185 0.0135417 0.0185185
0 0.366406 0.512963 0.0223958 0.0203704
0 0.899219 0.261574 0.0140625 0.0342593
0 0.270833 0.586111 0.00625 0.0166667
0 0.485677 0.438426 0.0182292 0.0268519
0 0.18724 0.661574 0.00885417 0.012037
0 0.807292 0.327315 0.009375 0.0509259
0 0.142448 0.631019 0.0223958 0.0361111
0 0.667969 0.3875 0.0192708 0.025
0 0.936719 0.219444 0.0223958 0.0333333
0 0.216146 0.564352 0.0166667 0.0157407
0 0.241927 0.556944 0.0192708 0.0231481
0 0.486719 0.552315 0.0078125 0.0157407
0 0.178906 0.575 0.00677083 0.00740741
0 0.896094 0.284722 0.0151042 0.0287037
0 0.178646 0.600926 0.0104167 0.0203704
0 0.589844 0.418519 0.0130208 0.0240741
0 0.746094 0.337037 0.00989583 0.0148148
0 0.191146 0.651852 0.00520833 0.0351852
0 0.345833 0.512037 0.0166667 0.0240741
0 0.920833 0.245833 0.0135417 0.0287037
0 0.291927 0.555556 0.0192708 0.012963
0 0.245573 0.572685 0.0276042 0.0194444
0 0.428125 0.589815 0.00729167 0.0277778
0 0.547396 0.477315 0.0229167 0.0231481
0 0.275 0.586111 0.0125 0.0148148
0 0.234375 0.657407 0.0166667 0.0574074
0 0.107552 0.615278 0.00364583 0.0175926
0 0.815104 0.3 0.015625 0.0203704
0 0.303906 0.55 0.00885417 0.0166667
0 0.595312 0.425926 0.015625 0.0277778
0 0.858594 0.299074 0.00677083 0.012963
0 0.396875 0.534259 0.0208333 0.0296296
0 0.109635 0.630556 0.0130208 0.0388889
0 0.228125 0.581481 0.01875 0.0166667
0 0.381771 0.609722 0.00625 0.0194444
0 0.602865 0.403241 0.0130208 0.0435185
0 0.849479 0.299074 0.00833333 0.0148148
0 0.48125 0.413426 0.01875 0.0472222
0 0.20026 0.587037 0.00989583 0.0166667
0 0.408073 0.474537 0.0130208 0.0157407
0 0.221354 0.609722 0.00520833 0.0138889
0 0.874219 0.336574 0.0151042 0.0175926
0 0.277604 0.565278 0.0114583 0.0490741
0 0.314844 0.616204 0.0109375 0.0398148
0 0.208594 0.564352 0.0151042 0.0175926
0 0.804167 0.3125 0.0166667 0.0268519
0 0.511198 0.448611 0.0130208 0.00833333
0 0.20026 0.655556 0.00885417 0.0240741
0 0.0960938 0.634259 0.0182292 0.0277778
0 0.43099 0.466204 0.0213542 0.0509259
0 0.263281 0.668981 0.0130208 0.0212963
0 0.269271 0.578704 0.00625 0.0240741
0 0.224479 0.659259 0.0166667 0.0148148
0 0.445573 0.48287 0.0171875 0.0231481
0 0.690625 0.382407 0.00625 0.0222222
0 0.260417 0.650463 0.0114583 0.0268519
0 0.640625 0.381019 0.00833333 0.0157407
0 0.488802 0.453241 0.0182292 0.0361111
0 0.35026 0.616667 0.0234375 0.0277778
0 0.861458 0.291204 0.00520833 0.0157407
0 0.291667 0.578704 0.01875 0.0166667
0 0.208333 0.598611 0.0114583 0.0138889
0 0.320573 0.541667 0.0192708 0.0166667
0 0.501562 0.52963 0.0166667 0.0203704
0 0.165625 0.602315 0.0125 0.0138889
0 0.210417 0.668981 0.0166667 0.0324074
0 0.360417 0.589815 0.00520833 0.0259259
0 0.595312 0.411111 0.0114583 0.0314815
0 0.829167 0.319907 0.0114583 0.0268519
0 0.408073 0.527778 0.0192708 0.0148148
0 0.486458 0.485185 0.021875 0.0222222
0 0.532552 0.446759 0.00885417 0.0101852
0 0.219271 0.745833 0.00833333 0.0194444
0 0.232812 0.600463 0.0197917 0.012037
0 0.546875 0.468056 0.0177083 0.0231481
0 0.133333 0.60787 0.003125 0.025
0 0.795833 0.35 0.0125 0.0333333
0 0.308333 0.661574 0.0229167 0.025
0 0.869792 0.263889 0.0104167 0.012963
0 0.129167 0.616667 0.00520833 0.0185185
0 0.518229 0.490741 0.0239583 0.0351852
0 0.360938 0.535648 0.0145833 0.0175926
0 0.53724 0.445833 0.00677083 0.0194444
0 0.432292 0.519907 0.0114583 0.0157407
0 0.234635 0.639352 0.0213542 0.0583333
0 0.774479 0.334722 0.0135417 0.0101852
0 0.559635 0.469444 0.0234375 0.0148148
0 0.301042 0.552778 0.0104167 0.0111111
0 0.438542 0.513426 0.0135417 0.0342593
0 0.932813 0.231019 0.0125 0.0453704
0 0.746615 0.318981 0.0192708 0.0305556
0 0.367188 0.59537 0.0104167 0.0222222
0 0.54974 0.423611 0.0192708 0.0194444
0 0.649479 0.3875 0.009375 0.0194444
0 0.608333 0.4375 0.0125 0.025
0 0.786198 0.328241 0.0109375 0.0398148
0 0.840885 0.312037 0.0119792 0.0277778
0 0.816406 0.373611 0.00989583 0.0324074
0 0.120573 0.610648 0.0171875 0.0194444
0 0.288802 0.5625 0.0151042 0.0287037
0 0.535937 0.478704 0.00833333 0.0277778
0 0.228906 0.675926 0.00364583 0.0259259
0 0.909896 0.257407 0.0177083 0.0444444
0 0.457552 0.475926 0.0192708 0.0277778
0 0.207813 0.653241 0.009375 0.025
0 0.87474 0.343519 0.0255208 0.0222222
0 0.420573 0.535185 0.0161458 0.012963
0 0.405729 0.588426 0.0125 0.00833333
0 0.415625 0.506481 0.0197917 0.012963
0 0.53125 0.453704 0.0229167 0.0240741
0 0.182812 0.653704 0.003125 0.0240741
0 0.23125 0.651852 0.0104167 0.0407407
0 0.75 0.356944 0.0166667 0.0212963
0 0.46849 0.399537 0.0192708 0.0287037
0 0.701042 0.37037 0.021875 0.0222222
0 0.761719 0.321296 0.0171875 0.0148148
0 0.410417 0.593982 0.00520833 0.0361111
0 0.433333 0.526389 0.0197917 0.0231481
0 0.704687 0.344444 0.0197917 0.05
0 0.380729 0.533333 0.01875 0.0481481
0 0.202083 0.610185 0.021875 0.0277778
0 0.683854 0.364815 0.0208333 0.0296296
0 0.628125 0.403241 0.00729167 0.0268519
0 0.397396 0.512963 0.01875 0.0351852
0 0.711979 0.365741 0.0104167 0.0296296
0 0.276302 0.524074 0.0171875 0.05
0 0.782552 0.312963 0.00885417 0.0388889
0 0.427344 0.559722 0.00885417 0.0175926
0 0.893229 0.310648 0.0229167 0.0564815
0 0.353385 0.59537 0.00572917 0.0166667
0 0.3125 0.622685 0.00520833 0.0231481
0 0.253125 0.578241 0.0135417 0.0509259
0 0.391667 0.541204 0.0177083 0.025
0 0.657552 0.381481 0.0078125 0.0277778
0 0.225521 0.60787 0.009375 0.0194444
0 0.27526 0.659722 0.0140625 0.0268519
0 0.510677 0.42963 0.0182292 0.037037
0 0.36224 0.615278 0.0046875 0.0342593
0 0.619531 0.430093 0.0140625 0.0268519
0 0.528385 0.431481 0.0130208 0.0240741
0 0.14349 0.526852 0.0192708 0.0351852
0 0.929688 0.30463 0.0166667 0.0314815
0 0.174479 0.6 0.0114583 0.0166667
0 0.394531 0.5875 0.0151042 0.0194444
0 0.247135 0.569907 0.0171875 0.0546296
0 0.370052 0.622222 0.0046875 0.0351852
0 0.308073 0.654167 0.0109375 0.0138889
0 0.482812 0.552315 0.0125 0.0138889
0 0.216406 0.659722 0.0171875 0.0212963
0 0.32474 0.566667 0.0223958 0.0351852
0 0.933073 0.298611 0.0109375 0.0175926
0 0.0578125 0.64213 0.00833333 0.0138889
0 0.457812 0.498148 0.0166667 0.0166667
0 0.811979 0.328704 0.0135417 0.0351852
0 0.294271 0.533796 0.0197917 0.0435185
0 0.204427 0.585648 0.0119792 0.0138889
0 0.233594 0.557407 0.0130208 0.0185185
0 0.111458 0.510185 0.0197917 0.0407407
0 0.224479 0.601389 0.00833333 0.0138889
0 0.347917 0.599074 0.021875 0.0296296
0 0.424219 0.518056 0.0182292 0.0194444
0 0.382552 0.558333 0.0119792 0.0314815
0 0.303385 0.623611 0.0119792 0.0138889
0 0.732031 0.331019 0.00677083 0.0287037
0 0.209115 0.689815 0.00677083 0.0277778
0 0.758073 0.335648 0.0140625 0.0342593
0 0.365365 0.633796 0.0203125 0.0324074
0 0.770573 0.312037 0.00989583 0.0240741
0 0.345052 0.611574 0.00989583 0.0157407
0 0.484375 0.462963 0.0197917 0.0351852
0 0.253385 0.587037 0.0213542 0.0185185
0 0.32474 0.60787 0.0182292 0.0231481
0 0.196094 0.660185 0.0171875 0.0185185
0 0.824219 0.32037 0.00885417 0.0277778
0 0.323698 0.696759 0.0119792 0.0509259
0 0.414844 0.512037 0.0213542 0.0518519
0 0.183854 0.606481 0.0145833 0.0314815
0 0.436719 0.499537 0.0203125 0.0231481
0 0.332031 0.540278 0.0130208 0.0231481
0 0.691146 0.396296 0.0114583 0.0277778
0 0.44974 0.579167 0.0203125 0.0287037
0 0.285677 0.581481 0.0171875 0.0259259
0 0.39974 0.491204 0.0161458 0.025
0 0.660937 0.401389 0.00833333 0.0231481
0 0.604427 0.45463 0.0078125 0.0296296
0 0.21224 0.68287 0.0078125 0.012037
0 0.308594 0.549537 0.0109375 0.0231481
0 0.348958 0.611111 0.0135417 0.0185185
0 0.270833 0.562037 0.0114583 0.0240741
0 0.216667 0.593056 0.0135417 0.0138889
0 0.86276 0.29537 0.0119792 0.0185185
0 0.325781 0.714815 0.0213542 0.0259259
0 0.303646 0.602315 0.025 0.0212963
0 0.154167 0.616204 0.0135417 0.0175926
0 0.345833 0.640741 0.0145833 0.0222222
0 0.873958 0.322685 0.0104167 0.0138889
0 0.183073 0.6 0.00677083 0.0222222
0 0.102083 0.625463 0.0239583 0.0361111
0 0.733073 0.337037 0.0140625 0.0203704
0 0.72526 0.312963 0.0244792 0.037037
0 0.18125 0.615278 0.0229167 0.0324074
0 0.9375 0.299074 0.0145833 0.0240741
0 0.245833 0.66713 0.0125 0.0212963
0 0.795052 0.312963 0.0140625 0.0277778
0 0.270312 0.617593 0.0114583 0.012963
0 0.345313 0.534722 0.021875 0.0231481
0 0.395312 0.528241 0.009375 0.0138889
0 0.17474 0.574537 0.0078125 0.012037
0 0.600521 0.393519 0.0208333 0.0259259
0 0.282813 0.631944 0.0135417 0.0212963
0 0.0945313 0.626852 0.0130208 0.0222222
0 0.304948 0.570833 0.0119792 0.037963
0 0.152865 0.608796 0.0119792 0.0472222
0 0.339063 0.685185 0.0125 0.0277778
0 0.27526 0.712037 0.0015625 0.0277778
0 0.686458 0.395833 0.009375 0.0416667
0 0.826302 0.305093 0.0192708 0.0472222
0 0.328385 0.639352 0.00989583 0.0324074
0 0.540365 0.455093 0.0140625 0.0453704
0 0.507292 0.490741 0.0145833 0.0259259
0 0.741667 0.335648 0.00520833 0.0157407
0 0.728646 0.367593 0.01875 0.0277778
0 0.274219 0.653241 0.00989583 0.025
0 0.928906 0.299074 0.0119792 0.0148148
0 0.486719 0.47037 0.0161458 0.0203704
0 0.272135 0.540741 0.0171875 0.0481481
0 0.391927 0.610185 0.0192708 0.0222222
0 0.527344 0.477315 0.0140625 0.0212963
0 0.303646 0.653704 0.00729167 0.0185185
0 0.332292 0.63287 0.009375 0.037963
0 0.38125 0.551389 0.00833333 0.025
0 0.428646 0.484722 0.0135417 0.0138889
0 0.377604 0.498611 0.0104167 0.037963
0 0.708594 0.386111 0.0151042 0.0407407
0 0.540104 0.478704 0.0104167 0.0222222
0 0.914583 0.236574 0.021875 0.0324074
0 0.696875 0.35 0.0208333 0.0425926
0 0.13776 0.630556 0.0161458 0.0240741
0 0.391146 0.527315 0.00416667 0.0212963
0 0.638021 0.393056 0.01875 0.0490741
0 0.308333 0.564815 0.00520833 0.0203704
0 0.663281 0.37037 0.0244792 0.0407407
0 0.613281 0.4 0.0234375 0.0333333
0 0.35651 0.533333 0.0171875 0.0296296
0 0.477604 0.491667 0.0197917 0.0203704
0 0.465625 0.499074 0.0114583 0.0148148
0 0.18776 0.6 0.0109375 0.0222222
0 0.565885 0.459722 0.0119792 0.0194444
0 0.364844 0.610185 0.00260417 0.0222222
0 0.340885 0.631019 0.00260417 0.0212963
0 0.136719 0.624537 0.0078125 0.0231481
0 0.880208 0.281019 0.021875 0.0453704
0 0.142188 0.623611 0.0145833 0.0324074
0 0.233854 0.684259 0.0114583 0.0222222
0 0.29401 0.704167 0.0223958 0.0435185
0 0.280729 0.542593 0.0166667 0.0444444
0 0.924219 0.298148 0.0119792 0.0351852
0 0.34401 0.683796 0.0119792 0.025
0 0.26224 0.638889 0.00677083 0.0259259
0 0.327344 0.54213 0.0213542 0.0324074
0 0.286458 0.655556 0.00833333 0.0240741
0 0.883594 0.244907 0.0223958 0.0435185
0 0.904427 0.231019 0.0234375 0.0287037
0 0.264323 0.46713 0.0234375 0.037963
0 0.316406 0.623611 0.00989583 0.0175926
0 0.319531 0.705556 0.00572917 0.0203704
0 0.453125 0.489352 0.015625 0.0268519
0 0.336198 0.549537 0.0161458 0.025
0 0.838281 0.357407 0.0244792 0.0240741
0 0.203385 0.655093 0.00677083 0.0231481
0 0.621094 0.388426 0.0223958 0.0416667
0 0.409896 0.490741 0.021875 0.0351852
0 0.603125 0.448148 0.00625 0.0166667
0 0.354688 0.602315 0.009375 0.0305556
0 0.503125 0.536574 0.0145833 0.0194444
0 0.43125 0.582407 0.00625 0.0222222
0 0.40625 0.580556 0.0197917 0.0481481
0 0.808854 0.326389 0.025 0.0472222
0 0.469531 0.499537 0.0161458 0.0231481
0 0.345313 0.631481 0.00416667 0.0185185
0 0.19375 0.578704 0.0208333 0.0444444
0 0.884115 0.261111 0.0182292 0.0314815
0 0.314323 0.532407 0.0182292 0.037037
0 0.467187 0.45463 0.0208333 0.0425926
0 0.845312 0.297222 0.00833333 0.0259259
0 0.263021 0.644444 0.0114583 0.0314815
0 0.219792 0.753241 0.015625 0.0231481
0 0.867708 0.288889 0.0229167 0.0351852
0 0.324219 0.706019 0.00885417 0.0175926
0 0.301823 0.533333 0.0203125 0.0555556
0 0.736979 0.358796 0.009375 0.0287037
0 0.551302 0.468981 0.0223958 0.0416667
0 0.333073 0.640278 0.0151042 0.0287037
0 0.0789063 0.633796 0.0119792 0.0212963
0 0.597917 0.448148 0.003125 0.0166667
0 0.342969 0.512037 0.0213542 0.0444444
0 0.320573 0.636111 0.0119792 0.0259259
0 0.255469 0.556019 0.0213542 0.0564815
0 0.803385 0.335185 0.00989583 0.0462963
0 0.341927 0.636111 0.00885417 0.0277778
0 0.0742188 0.632407 0.00677083 0.0203704
0 0.28724 0.661111 0.0130208 0.0240741
0 0.202083 0.675 0.0208333 0.0333333
0 0.563802 0.424074 0.0234375 0.0185185
0 0.507031 0.45463 0.0234375 0.0296296
0 0.275 0.72037 0.00833333 0.0240741
0 0.409896 0.591667 0.0125 0.037037
0 0.604688 0.431481 0.0260417 0.0351852
0 0.522396 0.433333 0.025 0.0314815
0 0.695573 0.364352 0.0255208 0.037963
0 0.527083 0.430556 0.0260417 0.0518519
0 0.804688 0.289352 0.021875 0.0546296
0 0.498437 0.476389 0.0177083 0.0287037
0 0.260156 0.57037 0.0182292 0.0555556
0 0.448958 0.571759 0.0135417 0.025
0 0.303125 0.564352 0.00416667 0.025
0 0.233594 0.660648 0.00885417 0.0231481
0 0.363281 0.592593 0.00677083 0.037037
0 0.271094 0.72037 0.0046875 0.0277778
0 0.383073 0.614815 0.00572917 0.0277778
0 0.783854 0.327778 0.0260417 0.037037
0 0.378906 0.518519 0.0119792 0.0259259
0 0.315104 0.629167 0.0177083 0.025
0 0.264062 0.636111 0.0239583 0.0592593
0 0.63776 0.407407 0.0276042 0.0314815
0 0.15599 0.601389 0.0213542 0.0564815
0 0.930208 0.230093 0.0260417 0.0342593
0 0.2625 0.658333 0.0114583 0.0277778
0 0.650521 0.386111 0.0239583 0.0296296
0 0.347917 0.547685 0.0229167 0.0546296
0 0.91849 0.246296 0.0255208 0.0351852
0 0.370833 0.62963 0.00833333 0.0240741
0 0.411458 0.603241 0.009375 0.0305556
0 0.197396 0.607407 0.0197917 0.062963
0 0.471615 0.468519 0.0203125 0.05
0 0.79349 0.348611 0.0244792 0.0435185
0 0.717708 0.349074 0.025 0.0444444
0 0.479948 0.547685 0.0255208 0.0453704
0 0.83776 0.3125 0.0213542 0.0361111
0 0.232812 0.674074 0.00625 0.0314815
0 0.369271 0.54213 0.021875 0.037963
0 0.239323 0.5875 0.0223958 0.0583333
0 0.440625 0.48287 0.021875 0.0583333
0 0.335156 0.6 0.0171875 0.0462963
0 0.457812 0.564352 0.009375 0.0342593
0 0.935677 0.289352 0.0265625 0.0583333
0 0.214323 0.565278 0.0213542 0.062037
0 0.0424479 0.665741 0.0203125 0.0703704
0 0.671875 0.400463 0.0270833 0.0342593
0 0.334896 0.519444 0.0239583 0.0481481
0 0.738802 0.32963 0.0192708 0.0462963
0 0.818229 0.371759 0.0270833 0.0212963
0 0.460417 0.496296 0.0208333 0.0574074
0 0.403125 0.511574 0.0239583 0.0472222
0 0.763542 0.326389 0.021875 0.0453704
0 0.259635 0.535185 0.0213542 0.062963
0 0.580208 0.452778 0.0239583 0.037037
0 0.195312 0.655093 0.00729167 0.0175926
0 0.460156 0.475 0.0234375 0.0518519
0 0.366406 0.617593 0.0078125 0.0240741
0 0.133594 0.616667 0.00885417 0.0277778
0 0.407031 0.601389 0.00572917 0.0268519
0 0.671615 0.385185 0.0244792 0.0425926
0 0.377344 0.586111 0.0255208 0.0333333
0 0.427865 0.589352 0.0265625 0.025
0 0.779688 0.3125 0.025 0.0527778
0 0.201823 0.659259 0.0223958 0.0462963
0 0.801562 0.311111 0.0239583 0.0481481
0 0.183594 0.659259 0.0046875 0.0296296
0 0.211198 0.585648 0.0223958 0.0361111
0 0.280469 0.57037 0.0213542 0.0537037
0 0.873177 0.342593 0.0276042 0.0518519
0 0.368229 0.510648 0.0229167 0.0472222
0 0.205469 0.564352 0.0223958 0.0509259
0 0.946875 0.289815 0.0239583 0.0462963
0 0.108333 0.624074 0.009375 0.0222222
0 0.317969 0.562963 0.0255208 0.0462963
0 0.557292 0.446759 0.0239583 0.0435185
0 0.38125 0.55 0.0239583 0.0407407
0 0.679427 0.363426 0.0213542 0.0564815
0 0.207813 0.68287 0.003125 0.0212963
0 0.415104 0.490278 0.0229167 0.0564815
0 0.692969 0.377778 0.0276042 0.0462963
0 0.950521 0.275926 0.025 0.0462963
0 0.301823 0.601389 0.0244792 0.0527778
0 0.388542 0.533796 0.0229167 0.0212963
0 0.934896 0.215741 0.025 0.0759259
0 0.866927 0.260648 0.0265625 0.0268519
0 0.896875 0.259722 0.0239583 0.0472222
0 0.43099 0.503241 0.0255208 0.0435185
0 0.767448 0.312037 0.0244792 0.0574074
0 0.284635 0.534259 0.0192708 0.0666667
0 0.305729 0.549074 0.0239583 0.0592593
0 0.746354 0.356481 0.0229167 0.0537037
0 0.389062 0.49537 0.0239583 0.0462963
0 0.280729 0.630093 0.025 0.0564815
0 0.390104 0.606944 0.0260417 0.0435185
0 0.822135 0.319907 0.0276042 0.0361111
0 0.239063 0.556944 0.0208333 0.075
0 0.23125 0.601389 0.0229167 0.0564815
0 0.625521 0.400926 0.0291667 0.0388889
0 0.547656 0.422222 0.0223958 0.0481481
0 0.288802 0.555093 0.0203125 0.062037
0 0.889323 0.282407 0.0265625 0.0407407
0 0.872396 0.32037 0.0229167 0.0648148
0 0.330469 0.534259 0.0213542 0.062963
0 0.750521 0.328241 0.028125 0.0435185
0 0.708594 0.364352 0.0276042 0.0416667
0 0.646094 0.386111 0.0244792 0.05
0 0.485417 0.48287 0.0260417 0.0472222
0 0.596094 0.408333 0.0255208 0.0333333
0 0.425781 0.481019 0.0244792 0.0546296
0 0.293229 0.630093 0.0229167 0.0583333
0 0.34375 0.609259 0.025 0.0555556
0 0.510677 0.446759 0.0223958 0.0583333
0 0.534635 0.444444 0.0244792 0.05
0 0.704687 0.380556 0.028125 0.0388889
0 0.8 0.333333 0.0270833 0.0351852
0 0.927083 0.298148 0.0260417 0.0537037
0 0.227083 0.579167 0.0229167 0.0638889
0 0.658333 0.403241 0.0270833 0.0305556
0 0.360677 0.541667 0.0234375 0.0444444
0 0.344531 0.684722 0.0234375 0.0509259
0 0.476823 0.490278 0.0244792 0.0435185
0 0.813281 0.298611 0.0234375 0.0527778
0 0.407292 0.528241 0.0239583 0.0564815
0 0.63776 0.378704 0.0255208 0.0444444
0 0.205729 0.6 0.0208333 0.0574074
0 0.197396 0.675463 0.0229167 0.0546296
0 0.34349 0.533796 0.0244792 0.0509259
0 0.539062 0.476389 0.0260417 0.0305556
0 0.118229 0.60787 0.0239583 0.062037
0 0.0552083 0.639815 0.021875 0.0611111
0 0.33125 0.631481 0.01875 0.062963
0 0.397396 0.488889 0.025 0.0537037
0 0.654688 0.378704 0.0270833 0.0574074
0 0.319531 0.54213 0.0244792 0.0564815
0 0.272656 0.585648 0.0213542 0.0527778
0 0.438281 0.519444 0.0255208 0.0444444
0 0.571615 0.425926 0.0234375 0.037037
0 0.289323 0.57963 0.0223958 0.0537037
0 0.422656 0.519907 0.0244792 0.0564815
0 0.772135 0.336111 0.0244792 0.0444444
0 0.405729 0.476852 0.0208333 0.0648148
0 0.617448 0.433333 0.0255208 0.0407407
0 0.591927 0.417593 0.0244792 0.0296296
0 0.222917 0.660648 0.0229167 0.0583333
0 0.793229 0.311574 0.0260417 0.0564815
0 0.301562 0.653704 0.025 0.0555556
0 0.43099 0.527315 0.0255208 0.0490741
0 0.310156 0.624074 0.0223958 0.0537037
0 0.527083 0.477315 0.025 0.0453704
0 0.201562 0.585185 0.0229167 0.062963
0 0.514583 0.48287 0.0270833 0.025
0 0.35599 0.525926 0.0223958 0.0592593
0 0.734115 0.355556 0.0265625 0.0518519
0 0.364844 0.611111 0.0223958 0.0703704
0 0.73125 0.334722 0.025 0.0583333
0 0.498177 0.482407 0.0244792 0.0462963
0 0.322396 0.60787 0.0239583 0.0527778
0 0.0934896 0.625 0.0244792 0.0648148
0 0.418229 0.534722 0.021875 0.0638889
0 0.376042 0.519907 0.025 0.0546296
0 0.284896 0.65463 0.0260417 0.0574074
0 0.426823 0.564352 0.0276042 0.025
0 0.502083 0.534722 0.025 0.0509259
0 0.859375 0.297222 0.025 0.0444444
0 0.267969 0.563426 0.0244792 0.0527778
0 0.38125 0.503241 0.0239583 0.0472222
0 0.173177 0.602315 0.0234375 0.062037
0 0.68776 0.394444 0.0265625 0.0592593
0 0.214583 0.661574 0.0239583 0.0527778
0 0.302344 0.624074 0.0234375 0.062963
0 0.392969 0.5875 0.0255208 0.0509259
0 0.26849 0.616667 0.0244792 0.0685185
0 0.165104 0.602315 0.021875 0.0712963
0 0.564062 0.461574 0.0260417 0.0305556
0 0.351562 0.6 0.0239583 0.0574074
0 0.230208 0.556019 0.021875 0.0731481
0 0.726302 0.365278 0.0265625 0.0601852
0 0.389062 0.526852 0.0260417 0.0611111
0 0.222396 0.60787 0.0239583 0.0564815
0 0.215365 0.593518 0.0234375 0.062963
0 0.217969 0.750463 0.0255208 0.0509259
0 0.359375 0.591667 0.0270833 0.0592593
0 0.38125 0.616204 0.0260417 0.0509259
0 0.171875 0.572222 0.0260417 0.0537037
0 0.301042 0.564352 0.0239583 0.062037
0 0.252083 0.586574 0.0229167 0.0601852
0 0.842448 0.297685 0.0265625 0.0509259
0 0.24349 0.667593 0.0234375 0.0648148
0 0.451823 0.483333 0.0234375 0.0611111
0 0.432031 0.581019 0.0255208 0.0361111
0 0.600781 0.446296 0.0255208 0.05
0 0.185937 0.600926 0.025 0.0666667
0 0.0765625 0.63287 0.025 0.0694444
0 0.335677 0.55 0.0244792 0.0481481
0 0.139583 0.623611 0.0260417 0.0657407
0 0.323698 0.705556 0.0255208 0.062963
0 0.338542 0.638426 0.025 0.0638889
0 0.151562 0.61713 0.021875 0.0638889
0 0.50625 0.490741 0.0239583 0.0444444
0 0.455729 0.564815 0.0270833 0.0425926
0 0.260156 0.660648 0.0255208 0.0583333
0 0.448438 0.573148 0.0270833 0.0518519
0 0.272656 0.653704 0.0234375 0.0648148
0 0.40625 0.602778 0.0270833 0.0592593
0 0.469531 0.498148 0.0265625 0.0574074
0 0.31849 0.639352 0.0255208 0.0638889
0 0.194271 0.654167 0.0260417 0.0768519
0 0.23151 0.677315 0.0234375 0.062037
0 0.368229 0.631481 0.0260417 0.0611111
0 0.26875 0.720833 0.0270833 0.0638889
0 0.13151 0.616667 0.0255208 0.0685185
0 0.180729 0.662037 0.028125 0.062963
0 0.20599 0.683796 0.0265625 0.0638889
0 0.10599 0.624074 0.0276042 0.0648148
