0 0.48151 0.401852 0.0203125 0.0185185
0 0.567969 0.508333 0.0119792 0.0240741
0 0.810938 0.3 0.034375 0.0277778
0 0.703125 0.283796 0.0197917 0.0175926
0 0.790104 0.24537 0.021875 0.0462963
0 0.723698 0.528241 0.00885417 0.012037
0 0.78776 0.544444 0.0171875 0.0222222
0 0.316667 0.426389 0.0104167 0.0175926
0 0.761719 0.437963 0.00364583 0.0333333
0 0.78151 0.284722 0.00885417 0.0157407
0 0.573438 0.259722 0.0166667 0.0138889
0 0.60599 0.261111 0.0130208 0.0148148
0 0.734115 0.371296 0.00885417 0.0351852
0 0.727344 0.250463 0.0421875 0.134259
0 0.803385 0.431019 0.0203125 0.0157407
0 0.553646 0.268519 0.021875 0.0425926
0 0.570573 0.179167 0.0119792 0.0509259
0 0.369271 0.446759 0.0239583 0.0175926
0 0.332031 0.450463 0.00572917 0.0138889
0 0.592188 0.208796 0.0208333 0.0324074
0 0.694792 0.169444 0.0114583 0.0314815
0 0.329427 0.364352 0.00885417 0.062037
0 0.235417 0.621296 0.009375 0.0166667
0 0.598698 0.140741 0.0119792 0.0166667
0 0.789323 0.29213 0.00885417 0.0212963
0 0.477083 0.408333 0.0125 0.012963
0 0.535156 0.520833 0.0046875 0.037963
0 0.807031 0.424074 0.0119792 0.00925926
0 0.541667 0.284722 0.00625 0.012037
0 0.644531 0.208796 0.00677083 0.0342593
0 0.591667 0.137963 0.009375 0.0259259
0 0.70599 0.509722 0.0130208 0.0509259
0 0.779948 0.4 0.0526042 0.0796296
0 0.365885 0.438889 0.0390625 0.0296296
0 0.464323 0.417593 0.00572917 0.0111111
0 0.726302 0.192593 0.0317708 0.111111
0 0.819792 0.433796 0.040625 0.10463
0 0.778646 0.203241 0.0177083 0.025
0 0.501823 0.364352 0.0151042 0.0101852
0 0.710938 0.526389 0.0145833 0.0157407
0 0.857292 0.341204 0.0364583 0.115741
0 0.557031 0.247685 0.0109375 0.0157407
0 0.38125 0.45463 0.00625 0.0351852
0 0.736979 0.439815 0.0125 0.0388889
0 0.735937 0.408333 0.0114583 0.012963
0 0.48099 0.456019 0.0078125 0.0287037
0 0.738021 0.172222 0.0364583 0.0203704
0 0.558854 0.310648 0.0135417 0.0194444
0 0.315625 0.510185 0.00833333 0.0296296
0 0.394792 0.421759 0.0177083 0.0212963
0 0.635938 0.39537 0.003125 0.0333333
0 0.317448 0.49213 0.0161458 0.037963
0 0.59401 0.275463 0.0109375 0.0175926
0 0.149219 0.647222 0.0151042 0.0222222
0 0.79401 0.285185 0.0119792 0.0277778
0 0.807552 0.368981 0.0234375 0.0194444
0 0.796615 0.217593 0.0244792 0.0203704
0 0.623438 0.151852 0.015625 0.0203704
0 0.24401 0.522222 0.0192708 0.0351852
0 0.485156 0.35 0.0244792 0.0111111
0 0.5875 0.575926 0.0145833 0.0240741
0 0.61849 0.087037 0.0130208 0.0314815
0 0.654167 0.346296 0.065625 0.0944444
0 0.595312 0.337963 0.00208333 0.0296296
0 0.454948 0.369907 0.0484375 0.0972222
0 0.219271 0.524074 0.0260417 0.0148148
0 0.51849 0.443981 0.00885417 0.012037
0 0.682552 0.488889 0.0255208 0.0222222
0 0.809896 0.502315 0.0375 0.117593
0 0.69401 0.461111 0.0171875 0.0111111
0 0.711458 0.534722 0.0260417 0.0157407
0 0.669271 0.499074 0.0125 0.0185185
0 0.648698 0.297222 0.0109375 0.0148148
0 0.544792 0.250463 0.053125 0.0861111
0 0.826563 0.6 0.021875 0.0592593
0 0.595052 0.243056 0.00364583 0.012037
0 0.610937 0.32037 0.0197917 0.0111111
0 0.726302 0.355093 0.00677083 0.0361111
0 0.594531 0.283333 0.0130208 0.0111111
0 0.823698 0.445833 0.0130208 0.0712963
0 0.385938 0.409722 0.0104167 0.0231481
0 0.23724 0.5375 0.0151042 0.025
0 0.786198 0.397222 0.0078125 0.0407407
0 0.631771 0.356019 0.0114583 0.012037
0 0.733073 0.549074 0.00885417 0.0222222
0 0.570573 0.282407 0.00572917 0.0148148
0 0.814062 0.565278 0.00729167 0.0361111
0 0.615365 0.356019 0.0130208 0.0564815
0 0.601823 0.266204 0.00260417 0.00833333
0 0.761458 0.552778 0.00416667 0.0277778
0 0.809896 0.232407 0.0208333 0.062963
0 0.307031 0.518981 0.0203125 0.0175926
0 0.39349 0.481019 0.0182292 0.0231481
0 0.523177 0.44537 0.0109375 0.0111111
0 0.822396 0.575926 0.00520833 0.05
0 0.56224 0.305093 0.0119792 0.00833333
0 0.527865 0.35 0.00260417 0.012963
0 0.51901 0.452315 0.0109375 0.0138889
0 0.726823 0.467593 0.00677083 0.0407407
0 0.315885 0.460648 0.0161458 0.0324074
0 0.538542 0.287037 0.015625 0.0296296
0 0.85625 0.351852 0.0166667 0.0259259
0 0.622396 0.290741 0.00833333 0.0203704
0 0.698177 0.395833 0.0119792 0.0138889
0 0.349479 0.426852 0.01875 0.012963
0 0.529688 0.556481 0.0104167 0.0592593
0 0.571615 0.319444 0.0151042 0.0185185
0 0.311979 0.510648 0.0114583 0.0175926
0 0.598958 0.329167 0.00208333 0.0305556
0 0.785417 0.285185 0.0145833 0.0296296
0 0.749479 0.441204 0.00625 0.0138889
0 0.574479 0.174074 0.0177083 0.0296296
0 0.568229 0.513889 0.021875 0.0203704
0 0.40599 0.431019 0.0244792 0.0175926
0 0.00729167 0.644444 0.0145833 0.0259259
0 0.826563 0.599537 0.059375 0.0768519
0 0.423438 0.37963 0.0177083 0.0296296
0 0.644271 0.4625 0.0114583 0.0175926
0 0.252865 0.406019 0.0453125 0.0972222
0 0.482031 0.35 0.0130208 0.0333333
0 0.690885 0.496296 0.00260417 0.0425926
0 0.736979 0.290278 0.015625 0.0194444
0 0.786458 0.571296 0.009375 0.0314815
0 0.670313 0.108333 0.00833333 0.0333333
0 0.790104 0.320833 0.0104167 0.0194444
0 0.734115 0.511574 0.0213542 0.0324074
0 0.636198 0.515278 0.0046875 0.0268519
0 0.656771 0.551389 0.0177083 0.012037
0 0.558073 0.493981 0.0182292 0.0212963
0 0.574479 0.40787 0.0177083 0.0138889
0 0.51224 0.52963 0.0171875 0.0296296
0 0.761458 0.314352 0.0104167 0.0138889
0 0.757031 0.238426 0.00260417 0.0490741
0 0.656771 0.544444 0.0177083 0.0203704
0 0.396875 0.482407 0.009375 0.0574074
0 0.564844 0.181481 0.00885417 0.0444444
0 0.824219 0.370833 0.0078125 0.037963
0 0.619531 0.186574 0.0151042 0.0268519
0 0.344531 0.653704 0.0140625 0.0314815
0 0.255469 0.410648 0.00989583 0.0231481
0 0.503646 0.536111 0.00520833 0.0351852
0 0.410417 0.3875 0.0145833 0.012037
0 0.682813 0.233333 0.0177083 0.0222222
0 0.566146 0.377778 0.0291667 0.0222222
0 0.744271 0.159259 0.00729167 0.0333333
0 0.479948 0.557407 0.0276042 0.0351852
0 0.716146 0.308333 0.01875 0.0296296
0 0.666146 0.246759 0.00625 0.025
0 0.703646 0.558333 0.00520833 0.0222222
0 0.728906 0.393056 0.0213542 0.0194444
0 0.760938 0.559722 0.0239583 0.0435185
0 0.544271 0.355556 0.0302083 0.0185185
0 0.760417 0.210185 0.009375 0.0166667
0 0.470313 0.364352 0.0197917 0.0194444
0 0.748438 0.446759 0.0270833 0.0157407
0 0.175781 0.494444 0.0432292 0.0851852
0 0.780208 0.277778 0.0458333 0.116667
0 0.259375 0.42963 0.00208333 0.0240741
0 0.506771 0.452778 0.01875 0.0148148
0 0.711458 0.432407 0.0145833 0.0259259
0 0.845052 0.372685 0.0171875 0.062037
0 0.622917 0.297222 0.00833333 0.0185185
0 0.345052 0.519444 0.00989583 0.0166667
0 0.6625 0.444444 0.0333333 0.0240741
0 0.76875 0.234259 0.00729167 0.0148148
0 0.738021 0.372222 0.0135417 0.0259259
0 0.236198 0.34213 0.0505208 0.0731481
0 0.636458 0.485185 0.00416667 0.0259259
0 0.641146 0.551852 0.015625 0.0185185
0 0.222396 0.435185 0.00520833 0.0203704
0 0.299479 0.437037 0.00520833 0.0185185
0 0.53776 0.422222 0.0380208 0.109259
0 0.201042 0.530093 0.0239583 0.0287037
0 0.33151 0.525 0.0130208 0.0203704
0 0.418229 0.416667 0.0197917 0.0296296
0 0.740104 0.198148 0.01875 0.0203704
0 0.68151 0.194907 0.0109375 0.0712963
0 0.358073 0.426389 0.0109375 0.025
0 0.314583 0.611574 0.003125 0.0342593
0 0.323958 0.526389 0.0177083 0.0194444
0 0.0143229 0.660648 0.0213542 0.0194444
0 0.415885 0.545833 0.00885417 0.0305556
0 0.600781 0.342593 0.0203125 0.0277778
0 0.765104 0.400926 0.01875 0.0333333
0 0.590885 0.575926 0.0182292 0.012963
0 0.460156 0.416667 0.00260417 0.0111111
0 0.590365 0.193519 0.00260417 0.0296296
0 0.646615 0.559722 0.0151042 0.0287037
0 0.736458 0.28287 0.015625 0.0175926
0 0.649219 0.400926 0.00989583 0.0111111
0 0.645052 0.238889 0.0171875 0.0222222
0 0.786458 0.582407 0.0239583 0.0148148
0 0.41849 0.353241 0.0140625 0.0268519
0 0.703125 0.342593 0.0177083 0.012963
0 0.605469 0.268519 0.00989583 0.00925926
0 0.559115 0.469907 0.0182292 0.0231481
0 0.557813 0.45463 0.00520833 0.0462963
0 0.514583 0.401852 0.0125 0.0111111
0 0.691406 0.350463 0.0255208 0.012037
0 0.764063 0.79537 0.015625 0.0722222
0 0.384896 0.456944 0.009375 0.0435185
0 0.458073 0.380093 0.0223958 0.025
0 0.71276 0.610648 0.00885417 0.0175926
0 0.141927 0.514352 0.0651042 0.0490741
0 0.598958 0.0990741 0.0145833 0.0388889
0 0.723958 0.577315 0.0177083 0.0231481
0 0.679688 0.56713 0.0135417 0.0175926
0 0.890104 0.683333 0.0177083 0.0240741
0 0.39349 0.678704 0.0140625 0.012963
0 0.644271 0.156481 0.0114583 0.012963
0 0.727344 0.256019 0.0161458 0.0287037
0 0.323698 0.429167 0.00885417 0.0287037
0 0.573177 0.253704 0.00885417 0.0148148
0 0.802344 0.439352 0.0213542 0.0527778
0 0.565885 0.371759 0.0213542 0.0212963
0 0.148177 0.524074 0.0119792 0.0259259
0 0.598437 0.180093 0.0114583 0.0324074
0 0.732552 0.564352 0.0078125 0.0175926
0 0.348958 0.527315 0.003125 0.0361111
0 0.716146 0.171759 0.00833333 0.0175926
0 0.327604 0.317593 0.0375 0.0925926
0 0.358854 0.43287 0.0197917 0.0342593
0 0.0734375 0.677778 0.0166667 0.0481481
0 0.648698 0.204167 0.0119792 0.0435185
0 0.73724 0.364352 0.0119792 0.012037
0 0.694792 0.209722 0.021875 0.025
0 0.792708 0.431019 0.0114583 0.0546296
0 0.69401 0.454167 0.00989583 0.0138889
0 0.510938 0.533796 0.00625 0.0101852
0 0.572656 0.137963 0.00364583 0.0166667
0 0.485156 0.343519 0.0192708 0.0111111
0 0.744792 0.497685 0.015625 0.0175926
0 0.161458 0.503241 0.0197917 0.0194444
0 0.519792 0.352315 0.00729167 0.0175926
0 0.448438 0.423611 0.0197917 0.0175926
0 0.698177 0.248148 0.0151042 0.0148148
0 0.648958 0.101852 0.00729167 0.0259259
0 0.527865 0.3875 0.0182292 0.0324074
0 0.64401 0.468981 0.00885417 0.0231481
0 0.640365 0.313889 0.0130208 0.0277778
0 0.683333 0.474537 0.015625 0.0342593
0 0.65651 0.475926 0.0203125 0.0166667
0 0.69974 0.619444 0.0119792 0.0166667
0 0.314323 0.521759 0.0203125 0.0324074
0 0.369271 0.534722 0.0135417 0.0231481
0 0.7375 0.16713 0.0104167 0.0175926
0 0.840104 0.460648 0.0208333 0.037963
0 0.522917 0.453241 0.0125 0.012037
0 0.53125 0.52037 0.00208333 0.0388889
0 0.644271 0.149537 0.0114583 0.0157407
0 0.658073 0.209722 0.0255208 0.025
0 0.807031 0.460648 0.0151042 0.0398148
0 0.392969 0.475 0.0130208 0.0203704
0 0.732292 0.498611 0.00208333 0.0361111
0 0.71875 0.526389 0.009375 0.0157407
0 0.727604 0.318519 0.0135417 0.0148148
0 0.323177 0.328241 0.0130208 0.0324074
0 0.160938 0.515278 0.0104167 0.0305556
0 0.670573 0.116667 0.0130208 0.0240741
0 0.335417 0.450463 0.0145833 0.0175926
0 0.791146 0.425 0.0135417 0.0203704
0 0.582292 0.10787 0.0114583 0.025
0 0.59375 0.511111 0.0114583 0.0462963
0 0.860156 0.490278 0.00677083 0.0564815
0 0.63151 0.100926 0.0171875 0.0388889
0 0.624219 0.0935185 0.0213542 0.0333333
0 0.435417 0.453241 0.00416667 0.0175926
0 0.596354 0.527778 0.0270833 0.0333333
0 0.590104 0.568519 0.0166667 0.00925926
0 0.795313 0.211574 0.0114583 0.0138889
0 0.716927 0.699074 0.0390625 0.0518519
0 0.7375 0.551852 0.0145833 0.0185185
0 0.539844 0.4 0.00677083 0.0148148
0 0.314323 0.443519 0.00260417 0.0351852
0 0.728906 0.5875 0.0161458 0.012037
0 0.448438 0.42963 0.0145833 0.012963
0 0.836198 0.397222 0.00989583 0.0296296
0 0.761198 0.53287 0.0192708 0.025
0 0.682552 0.109259 0.0119792 0.0388889
0 0.148177 0.528241 0.0223958 0.0305556
0 0.544531 0.303704 0.00677083 0.0148148
0 0.478646 0.543981 0.0135417 0.0305556
0 0.510417 0.275926 0.0270833 0.0259259
0 0.573438 0.433796 0.00520833 0.0138889
0 0.54375 0.519907 0.0177083 0.0416667
0 0.661719 0.299537 0.0119792 0.0324074
0 0.794792 0.292593 0.0270833 0.0240741
0 0.560417 0.182407 0.00416667 0.037037
0 0.319271 0.511574 0.015625 0.0212963
0 0.715104 0.454167 0.0145833 0.0194444
0 0.741406 0.204167 0.0348958 0.0231481
0 0.25026 0.408796 0.00572917 0.0212963
0 0.65625 0.351389 0.0114583 0.0361111
0 0.578385 0.5375 0.0161458 0.0231481
0 0.53151 0.387037 0.0192708 0.0537037
0 0.703385 0.335185 0.0213542 0.0203704
0 0.69974 0.418519 0.0015625 0.0203704
0 0.853125 0.568519 0.0479167 0.101852
0 0.540625 0.349074 0.00833333 0.0148148
0 0.297396 0.518981 0.0166667 0.0175926
0 0.514844 0.534259 0.0130208 0.012963
0 0.290365 0.448148 0.0307292 0.0222222
0 0.44375 0.402315 0.0177083 0.0361111
0 0.748958 0.530556 0.009375 0.0185185
0 0.760938 0.158796 0.0125 0.0212963
0 0.653385 0.126389 0.0171875 0.0361111
0 0.307292 0.510185 0.0125 0.0185185
0 0.505208 0.551389 0.0229167 0.0305556
0 0.674219 0.372222 0.0140625 0.0314815
0 0.415365 0.425 0.0151042 0.0259259
0 0.857031 0.56713 0.00989583 0.0212963
0 0.685417 0.506019 0.003125 0.0305556
0 0.413802 0.385648 0.00885417 0.0712963
0 0.564062 0.211111 0.00520833 0.0222222
0 0.531771 0.264352 0.00729167 0.037963
0 0.603646 0.537963 0.01875 0.0148148
0 0.235938 0.350926 0.009375 0.0240741
0 0.280469 0.433796 0.0161458 0.0287037
0 0.65026 0.559722 0.0119792 0.0157407
0 0.553125 0.463426 0.00416667 0.0324074
0 0.239323 0.430556 0.0213542 0.0185185
0 0.648698 0.179167 0.0140625 0.025
0 0.557552 0.527315 0.0213542 0.0157407
0 0.310417 0.618056 0.003125 0.0305556
0 0.533073 0.350463 0.00260417 0.00462963
0 0.382552 0.458796 0.0171875 0.0231481
0 0.494531 0.431944 0.0182292 0.0268519
0 0.557552 0.363426 0.0192708 0.012037
0 0.570833 0.305556 0.00833333 0.037037
0 0.469531 0.357407 0.0161458 0.0203704
0 0.570833 0.400463 0.003125 0.0212963
0 0.0140625 0.669907 0.0239583 0.0583333
0 0.615104 0.527778 0.015625 0.0296296
0 0.582812 0.499074 0.00416667 0.0314815
0 0.678646 0.308333 0.0177083 0.0222222
0 0.599219 0.463889 0.0140625 0.0148148
0 0.628125 0.218519 0.0239583 0.0277778
0 0.734115 0.544444 0.0140625 0.0333333
0 0.707552 0.444907 0.0171875 0.0231481
0 0.532552 0.490741 0.0244792 0.012963
0 0.226562 0.436111 0.0125 0.0203704
0 0.864583 0.484722 0.003125 0.0509259
0 0.605469 0.326852 0.0182292 0.0314815
0 0.733073 0.572685 0.0192708 0.0194444
0 0.791406 0.211111 0.00989583 0.0240741
0 0.607552 0.508333 0.0203125 0.0166667
0 0.665625 0.255093 0.01875 0.0212963
0 0.80651 0.362963 0.0140625 0.0222222
0 0.25625 0.511574 0.00520833 0.0157407
0 0.794531 0.359259 0.00989583 0.0222222
0 0.48151 0.462037 0.0151042 0.0240741
0 0.794271 0.414352 0.0239583 0.0342593
0 0.346094 0.535648 0.0265625 0.025
0 0.361458 0.426852 0.0145833 0.0148148
0 0.590365 0.522685 0.0046875 0.025
0 0.506771 0.44537 0.0125 0.0222222
0 0.172135 0.517593 0.0213542 0.0222222
0 0.570833 0.288889 0.0135417 0.0166667
0 0.736198 0.197222 0.0171875 0.0444444
0 0.857813 0.558333 0.00625 0.0314815
0 0.335417 0.443519 0.0114583 0.0222222
0 0.685156 0.147222 0.0213542 0.0407407
0 0.727604 0.196296 0.00833333 0.0185185
0 0.285677 0.633796 0.0109375 0.0472222
0 0.590625 0.309722 0.0197917 0.0175926
0 0.698177 0.165278 0.0109375 0.0324074
0 0.457552 0.465741 0.0203125 0.0222222
0 0.539323 0.425926 0.0078125 0.0259259
0 0.652344 0.298148 0.0119792 0.0148148
0 0.577604 0.431481 0.009375 0.0166667
0 0.778646 0.565278 0.0197917 0.0138889
0 0.641927 0.269907 0.0119792 0.025
0 0.548437 0.304167 0.0166667 0.0175926
0 0.345313 0.526389 0.0135417 0.0138889
0 0.790885 0.365741 0.0192708 0.0333333
0 0.830729 0.605556 0.0197917 0.0277778
0 0.652865 0.248148 0.0046875 0.0166667
0 0.557292 0.519907 0.0125 0.0175926
0 0.63099 0.402778 0.0078125 0.0185185
0 0.651823 0.417593 0.00885417 0.0185185
0 0.745573 0.343519 0.00885417 0.0148148
0 0.345052 0.451389 0.0192708 0.025
0 0.582292 0.445833 0.003125 0.025
0 0.527604 0.315278 0.009375 0.0268519
0 0.749479 0.164815 0.01875 0.0222222
0 0.410937 0.378704 0.00833333 0.0166667
0 0.602083 0.530093 0.0125 0.0101852
0 0.763281 0.466667 0.0140625 0.0277778
0 0.710156 0.402315 0.0151042 0.037963
0 0.276302 0.425463 0.00572917 0.0305556
0 0.758333 0.3125 0.015625 0.0324074
0 0.749479 0.247685 0.0114583 0.0287037
0 0.554167 0.408333 0.00416667 0.0222222
0 0.327604 0.425463 0.00833333 0.0305556
0 0.498958 0.475463 0.009375 0.0231481
0 0.357552 0.568056 0.0130208 0.0157407
0 0.35625 0.45463 0.00416667 0.05
0 0.390885 0.527315 0.0140625 0.012037
0 0.414583 0.518519 0.01875 0.0555556
0 0.757031 0.321759 0.00677083 0.0212963
0 0.314323 0.412037 0.0276042 0.0444444
0 0.357292 0.531482 0.00416667 0.0185185
0 0.549219 0.517593 0.0192708 0.0166667
0 0.230729 0.6125 0.00520833 0.0324074
0 0.698958 0.611574 0.00833333 0.0194444
0 0.745313 0.247685 0.00833333 0.0287037
0 0.538021 0.487037 0.0177083 0.0296296
0 0.540365 0.483796 0.00260417 0.0194444
0 0.578125 0.436574 0.0197917 0.0490741
0 0.377604 0.636574 0.0177083 0.0638889
0 0.728125 0.4625 0.0270833 0.0490741
0 0.679167 0.55 0.0135417 0.0592593
0 0.795833 0.203241 0.0177083 0.0527778
0 0.290104 0.63287 0.0114583 0.0509259
0 0.756771 0.290278 0.0177083 0.0324074
0 0.26875 0.505093 0.00625 0.025
0 0.55599 0.640278 0.0140625 0.0324074
0 0.332812 0.360648 0.00520833 0.0138889
0 0.672656 0.388889 0.00677083 0.0203704
0 0.590885 0.374537 0.0119792 0.0212963
0 0.854688 0.634722 0.015625 0.025
0 0.14349 0.523148 0.0078125 0.0296296
0 0.669792 0.152315 0.00625 0.0212963
0 0.790625 0.546296 0.00104167 0.0296296
0 0.527604 0.32037 0.0166667 0.0185185
0 0.653385 0.356019 0.00885417 0.0231481
0 0.77526 0.239815 0.0151042 0.0388889
0 0.426562 0.348148 0.0229167 0.0407407
0 0.670052 0.527778 0.00364583 0.0314815
0 0.571094 0.408796 0.00885417 0.0175926
0 0.544271 0.351852 0.0114583 0.0166667
0 0.640625 0.260648 0.0125 0.0509259
0 0.791146 0.346296 0.0208333 0.0185185
0 0.548958 0.127778 0.0177083 0.0240741
0 0.59401 0.180556 0.00885417 0.0351852
0 0.473177 0.455093 0.0078125 0.0231481
0 0.561198 0.248148 0.0182292 0.0259259
0 0.432292 0.412037 0.00416667 0.0259259
0 0.436719 0.382407 0.00677083 0.0185185
0 0.357812 0.559259 0.009375 0.012963
0 0.548437 0.5125 0.0114583 0.0157407
0 0.536719 0.491204 0.00364583 0.0212963
0 0.582292 0.451389 0.021875 0.0305556
0 0.759115 0.381481 0.0140625 0.0203704
0 0.561458 0.189352 0.0145833 0.0416667
0 0.725 0.586574 0.0114583 0.0212963
0 0.364062 0.529167 0.009375 0.0472222
0 0.499479 0.481944 0.015625 0.0194444
0 0.728125 0.201389 0.0125 0.0138889
0 0.619271 0.271296 0.009375 0.0296296
0 0.750521 0.253704 0.0260417 0.0277778
0 0.652604 0.423148 0.0135417 0.0166667
0 0.485677 0.492593 0.0161458 0.0185185
0 0.757292 0.618056 0.015625 0.0305556
0 0.666146 0.115741 0.009375 0.0203704
0 0.66901 0.371759 0.0078125 0.025
0 0.554948 0.431481 0.0192708 0.0388889
0 0.753125 0.402315 0.0125 0.0361111
0 0.715885 0.572685 0.0046875 0.025
0 0.341406 0.521759 0.0171875 0.0194444
0 0.533594 0.360185 0.00989583 0.0148148
0 0.570312 0.312963 0.009375 0.00925926
0 0.456771 0.374537 0.0125 0.0268519
0 0.683073 0.115278 0.0265625 0.0324074
0 0.761458 0.525926 0.009375 0.0222222
0 0.557292 0.356481 0.00729167 0.0166667
0 0.540625 0.491667 0.00625 0.0111111
0 0.284635 0.510185 0.00572917 0.0388889
0 0.485417 0.456019 0.0125 0.0305556
0 0.761979 0.321759 0.0197917 0.025
0 0.280729 0.425463 0.00625 0.0287037
0 0.733333 0.166667 0.0104167 0.0240741
0 0.857292 0.628241 0.009375 0.0231481
0 0.611458 0.403241 0.0166667 0.0231481
0 0.239063 0.424074 0.0114583 0.0240741
0 0.835417 0.454167 0.00729167 0.0509259
0 0.0890625 0.635648 0.00729167 0.0435185
0 0.236198 0.529167 0.0119792 0.012037
0 0.744792 0.337963 0.00416667 0.0222222
0 0.456771 0.458796 0.015625 0.0231481
0 0.5 0.541667 0.003125 0.0314815
0 0.653906 0.255556 0.0119792 0.0222222
0 0.675521 0.393056 0.0145833 0.0342593
0 0.60651 0.471296 0.0130208 0.0351852
0 0.748177 0.275 0.0223958 0.0407407
0 0.582292 0.530556 0.00729167 0.0203704
0 0.745833 0.443981 0.0125 0.0175926
0 0.532031 0.553241 0.0046875 0.0212963
0 0.686979 0.432407 0.0135417 0.0222222
0 0.544531 0.4 0.0119792 0.0203704
0 0.632552 0.489815 0.0078125 0.0185185
0 0.41276 0.484259 0.00364583 0.0222222
0 0.644792 0.400926 0.0145833 0.0222222
0 0.586458 0.12963 0.00416667 0.0518519
0 0.683333 0.189815 0.00833333 0.0185185
0 0.778385 0.556944 0.00885417 0.0212963
0 0.37526 0.481944 0.0046875 0.0194444
0 0.520573 0.356944 0.0151042 0.0138889
0 0.698698 0.566204 0.00677083 0.0194444
0 0.557031 0.302778 0.0119792 0.0148148
0 0.649479 0.551852 0.00625 0.0166667
0 0.649479 0.106481 0.0166667 0.0185185
0 0.303906 0.443056 0.0151042 0.0231481
0 0.353646 0.56713 0.00729167 0.0175926
0 0.370313 0.426389 0.00625 0.025
0 0.675781 0.536111 0.0161458 0.0277778
0 0.486198 0.485648 0.00572917 0.0342593
0 0.30625 0.358333 0.015625 0.0277778
0 0.394271 0.413889 0.015625 0.0203704
0 0.585938 0.200463 0.00208333 0.0157407
0 0.728906 0.351389 0.0046875 0.0138889
0 0.761979 0.248611 0.00833333 0.025
0 0.548437 0.260648 0.0125 0.0601852
0 0.763021 0.356944 0.0135417 0.0305556
0 0.704687 0.424074 0.00729167 0.0203704
0 0.595312 0.463889 0.0135417 0.0222222
0 0.694531 0.610185 0.0182292 0.0333333
0 0.80651 0.334259 0.0213542 0.0462963
0 0.473698 0.550926 0.0140625 0.0296296
0 0.732292 0.156944 0.015625 0.0453704
0 0.314844 0.449537 0.00989583 0.0287037
0 0.263802 0.429167 0.00885417 0.0268519
0 0.297135 0.511111 0.0119792 0.0259259
0 0.37474 0.430093 0.0171875 0.0268519
0 0.611198 0.460648 0.00572917 0.0472222
0 0.40625 0.423148 0.0166667 0.0277778
0 0.63724 0.556944 0.0192708 0.0287037
0 0.796094 0.365278 0.0192708 0.0212963
0 0.361198 0.462963 0.00885417 0.0259259
0 0.745573 0.4375 0.00572917 0.025
0 0.789844 0.320833 0.0192708 0.0712963
0 0.515625 0.350926 0.00416667 0.0277778
0 0.461979 0.642593 0.0104167 0.0703704
0 0.665885 0.150926 0.00572917 0.0203704
0 0.715625 0.580556 0.015625 0.0203704
0 0.411979 0.323611 0.0197917 0.0287037
0 0.677865 0.496759 0.0213542 0.0435185
0 0.857292 0.469444 0.0114583 0.0240741
0 0.46875 0.453241 0.00520833 0.0231481
0 0.181771 0.499537 0.025 0.0564815
0 0.301562 0.35787 0.0135417 0.0212963
0 0.36849 0.446296 0.0213542 0.0537037
0 0.527865 0.542593 0.00260417 0.037037
0 0.753125 0.200926 0.0229167 0.0759259
0 0.452865 0.374074 0.00885417 0.0314815
0 0.575 0.399074 0.003125 0.0203704
0 0.723437 0.469907 0.00416667 0.0305556
0 0.530729 0.525926 0.00625 0.0296296
0 0.558073 0.409259 0.00885417 0.0185185
0 0.702865 0.45463 0.0213542 0.0351852
0 0.41276 0.475 0.0151042 0.05
0 0.441146 0.381481 0.0135417 0.0222222
0 0.686198 0.396296 0.0203125 0.0722222
0 0.534896 0.424074 0.00833333 0.0259259
0 0.759635 0.211111 0.0223958 0.0685185
0 0.386458 0.460648 0.0197917 0.0342593
0 0.592188 0.246759 0.00729167 0.0268519
0 0.439844 0.453704 0.0130208 0.0240741
0 0.352344 0.559259 0.00885417 0.012963
0 0.249479 0.528704 0.0104167 0.0277778
0 0.636198 0.401852 0.0130208 0.0277778
0 0.554167 0.360648 0.0145833 0.025
0 0.665625 0.497222 0.0114583 0.0259259
0 0.617708 0.473148 0.00625 0.037037
0 0.728906 0.563426 0.00572917 0.025
0 0.595312 0.522222 0.0135417 0.0166667
0 0.352344 0.522685 0.0015625 0.037963
0 0.416667 0.476389 0.003125 0.0231481
0 0.364844 0.66713 0.0182292 0.0675926
0 0.81901 0.439815 0.0130208 0.037037
0 0.557813 0.402778 0.003125 0.0222222
0 0.816406 0.393056 0.0130208 0.0212963
0 0.678646 0.343981 0.009375 0.0212963
0 0.348698 0.646296 0.0171875 0.0444444
0 0.707031 0.207407 0.0182292 0.0666667
0 0.574219 0.143981 0.0109375 0.025
0 0.515104 0.491204 0.01875 0.0564815
0 0.636979 0.489815 0.0177083 0.0277778
0 0.748177 0.393519 0.0161458 0.0574074
0 0.310937 0.418519 0.003125 0.0185185
0 0.328125 0.327778 0.0166667 0.0277778
0 0.554688 0.403704 0.0197917 0.0166667
0 0.273177 0.510648 0.0203125 0.0305556
0 0.383073 0.535185 0.0119792 0.0259259
0 0.303906 0.436574 0.00989583 0.0194444
0 0.86224 0.343519 0.0151042 0.0592593
0 0.58724 0.452315 0.0161458 0.0212963
0 0.616146 0.403704 0.0322917 0.0296296
0 0.411458 0.507407 0.009375 0.0166667
0 0.536458 0.526852 0.0145833 0.0333333
0 0.382552 0.411574 0.00364583 0.0231481
0 0.623177 0.465741 0.0046875 0.0481481
0 0.754687 0.491204 0.0114583 0.0287037
0 0.173698 0.640741 0.0140625 0.0203704
0 0.703385 0.565278 0.0130208 0.0212963
0 0.640885 0.515278 0.0130208 0.0194444
0 0.260156 0.512037 0.0151042 0.0296296
0 0.752865 0.525926 0.00885417 0.0222222
0 0.725 0.352315 0.00416667 0.0175926
0 0.290885 0.438889 0.0046875 0.0240741
0 0.624219 0.549537 0.0161458 0.0305556
0 0.284635 0.51713 0.0119792 0.0324074
0 0.486719 0.54537 0.0182292 0.05
0 0.516667 0.357407 0.0114583 0.0185185
0 0.852083 0.616667 0.0166667 0.0240741
0 0.757031 0.459259 0.00364583 0.0296296
0 0.765104 0.550926 0.00729167 0.012963
0 0.590885 0.241667 0.00364583 0.0222222
0 0.527865 0.269444 0.0130208 0.0277778
0 0.61901 0.187037 0.0203125 0.0703704
0 0.590365 0.200463 0.00677083 0.0212963
0 0.608073 0.223611 0.0151042 0.037963
0 0.76224 0.460185 0.00885417 0.0277778
0 0.557813 0.462963 0.0114583 0.0314815
0 0.767448 0.443519 0.0130208 0.0296296
0 0.580729 0.106481 0.0239583 0.0685185
0 0.490885 0.536111 0.0046875 0.0240741
0 0.378385 0.477778 0.00260417 0.0111111
0 0.68151 0.157407 0.0244792 0.0722222
0 0.644271 0.240278 0.0239583 0.0768519
0 0.327865 0.430093 0.0223958 0.025
0 0.872135 0.685648 0.0161458 0.0305556
0 0.148958 0.511574 0.0208333 0.0231481
0 0.586458 0.493056 0.00416667 0.0305556
0 0.841146 0.397222 0.0125 0.0333333
0 0.651563 0.352315 0.00833333 0.0398148
0 0.703385 0.41713 0.0046875 0.0175926
0 0.536979 0.281481 0.00833333 0.0111111
0 0.780729 0.283333 0.0197917 0.0722222
0 0.428125 0.465741 0.01875 0.0259259
0 0.758073 0.350463 0.00364583 0.0324074
0 0.757552 0.247222 0.00677083 0.0277778
0 0.766927 0.556019 0.0140625 0.0268519
0 0.852604 0.468519 0.00625 0.0240741
0 0.529688 0.359259 0.00520833 0.0222222
0 0.815885 0.385185 0.00677083 0.0296296
0 0.46224 0.516204 0.00572917 0.0194444
0 0.786719 0.403704 0.0171875 0.0314815
0 0.729427 0.569444 0.0109375 0.0333333
0 0.864844 0.49213 0.0151042 0.0490741
0 0.551823 0.633796 0.0161458 0.025
0 0.711198 0.603704 0.00572917 0.0222222
0 0.611198 0.468981 0.0130208 0.0435185
0 0.428906 0.418056 0.00677083 0.0342593
0 0.4125 0.514815 0.0145833 0.0259259
0 0.338542 0.529167 0.0208333 0.0305556
0 0.92474 0.728241 0.0161458 0.0527778
0 0.586719 0.446296 0.0078125 0.0296296
0 0.382812 0.526852 0.003125 0.0185185
0 0.272396 0.504167 0.0104167 0.0342593
0 0.573958 0.68287 0.021875 0.0398148
0 0.328646 0.321759 0.00833333 0.0305556
0 0.786979 0.551852 0.00208333 0.0240741
0 0.586719 0.499537 0.0119792 0.0287037
0 0.286458 0.439815 0.00208333 0.0203704
0 0.674479 0.343056 0.015625 0.0305556
0 0.314583 0.618056 0.009375 0.0361111
0 0.247917 0.522222 0.00625 0.0277778
0 0.577865 0.528704 0.00572917 0.0314815
0 0.374479 0.426389 0.00729167 0.0231481
0 0.491406 0.543056 0.0151042 0.0268519
0 0.463281 0.517593 0.0130208 0.0333333
0 0.723698 0.474537 0.0119792 0.0324074
0 0.3875 0.418981 0.0114583 0.0268519
0 0.840365 0.455093 0.00989583 0.0490741
0 0.329688 0.366204 0.0104167 0.0305556
0 0.853385 0.628241 0.0109375 0.0175926
0 0.827604 0.575463 0.00520833 0.037963
0 0.203646 0.530556 0.0197917 0.0648148
0 0.461458 0.536574 0.00729167 0.037963
0 0.761979 0.35 0.00520833 0.0240741
0 0.67474 0.528241 0.0078125 0.0268519
0 0.439583 0.530093 0.0208333 0.0731481
0 0.732813 0.505093 0.0125 0.0305556
0 0.678646 0.189815 0.00729167 0.0259259
0 0.31224 0.424537 0.0109375 0.0287037
0 0.411458 0.544444 0.0166667 0.0444444
0 0.422917 0.350926 0.021875 0.0814815
0 0.719531 0.39213 0.0182292 0.062037
0 0.817969 0.557407 0.0234375 0.037037
0 0.636458 0.550926 0.00833333 0.0314815
0 0.286979 0.445833 0.0114583 0.0175926
0 0.0789063 0.675463 0.0213542 0.0305556
0 0.84375 0.513889 0.0229167 0.05
0 0.730729 0.377778 0.021875 0.0481481
0 0.153906 0.638889 0.0140625 0.037037
0 0.383854 0.418056 0.00833333 0.0287037
0 0.598437 0.0962963 0.0229167 0.0777778
0 0.736198 0.446759 0.0223958 0.0527778
0 0.636198 0.12963 0.0203125 0.0537037
0 0.59974 0.336574 0.00677083 0.0212963
0 0.53151 0.498611 0.0203125 0.0564815
0 0.615885 0.268981 0.0109375 0.0342593
0 0.307031 0.520833 0.0265625 0.0601852
0 0.416927 0.483333 0.00989583 0.0277778
0 0.219531 0.515278 0.0192708 0.062037
0 0.0744792 0.676389 0.0197917 0.0194444
0 0.648438 0.180093 0.0229167 0.0601852
0 0.778125 0.202778 0.021875 0.0537037
0 0.378906 0.483333 0.0078125 0.0222222
0 0.611458 0.140741 0.0177083 0.0666667
0 0.503646 0.543519 0.0125 0.0296296
0 0.619531 0.638426 0.0171875 0.0509259
0 0.677083 0.258796 0.0197917 0.0675926
0 0.560677 0.187037 0.0234375 0.0611111
0 0.347396 0.422222 0.0208333 0.0388889
0 0.35651 0.458796 0.00885417 0.0416667
0 0.55599 0.489352 0.0223958 0.0527778
0 0.594531 0.17963 0.0234375 0.0666667
0 0.792448 0.526852 0.0234375 0.0592593
0 0.698958 0.16713 0.0239583 0.0675926
0 0.565365 0.209722 0.0234375 0.0694444
0 0.669792 0.373611 0.0229167 0.0675926
0 0.527604 0.551389 0.00416667 0.0361111
0 0.761458 0.534259 0.0229167 0.0555556
0 0.753125 0.483796 0.00208333 0.0287037
0 0.461979 0.542593 0.0197917 0.0333333
0 0.411458 0.331019 0.0239583 0.0675926
0 0.461979 0.650926 0.0197917 0.0648148
0 0.756771 0.284722 0.0239583 0.075
0 0.748958 0.483333 0.00104167 0.0296296
0 0.586458 0.136111 0.0125 0.0407407
0 0.577604 0.312037 0.01875 0.0592593
0 0.79401 0.29213 0.0213542 0.0712963
0 0.702865 0.503704 0.0234375 0.0685185
0 0.623438 0.474537 0.0135417 0.0416667
0 0.728646 0.394907 0.0177083 0.0527778
0 0.678385 0.55463 0.00885417 0.0296296
0 0.673177 0.436574 0.0182292 0.0638889
0 0.690885 0.504167 0.0109375 0.0305556
0 0.184635 0.550926 0.0255208 0.0425926
0 0.719271 0.222685 0.0197917 0.0638889
0 0.735937 0.364352 0.0239583 0.0694444
0 0.714583 0.356944 0.01875 0.0527778
0 0.594792 0.459259 0.0270833 0.0611111
0 0.328385 0.359722 0.0046875 0.0305556
0 0.690104 0.54213 0.0208333 0.0675926
0 0.619271 0.348148 0.015625 0.0611111
0 0.569531 0.171759 0.0234375 0.062037
0 0.352604 0.52963 0.00520833 0.0351852
0 0.49375 0.364352 0.0166667 0.0435185
0 0.477865 0.40787 0.0223958 0.062037
0 0.569792 0.288889 0.0229167 0.0537037
0 0.0953125 0.633333 0.0208333 0.0277778
0 0.739583 0.195833 0.0229167 0.0731481
0 0.765885 0.437037 0.0046875 0.0333333
0 0.589844 0.371759 0.0223958 0.0657407
0 0.83724 0.34213 0.0223958 0.0694444
0 0.682031 0.481481 0.0255208 0.0611111
0 0.660677 0.4375 0.0223958 0.062037
0 0.827865 0.581944 0.0140625 0.0342593
0 0.760938 0.380556 0.0229167 0.0444444
0 0.706771 0.274537 0.0177083 0.0601852
0 0.37526 0.477315 0.0182292 0.0342593
0 0.790885 0.550463 0.0078125 0.0305556
0 0.623698 0.149537 0.0203125 0.0731481
0 0.657292 0.209722 0.0229167 0.062037
0 0.606771 0.26713 0.0229167 0.0509259
0 0.569271 0.506481 0.0208333 0.0555556
0 0.522656 0.451852 0.0223958 0.0592593
0 0.806771 0.421759 0.01875 0.0675926
0 0.597917 0.141204 0.0197917 0.0675926
0 0.67474 0.389352 0.0255208 0.0694444
0 0.645312 0.45787 0.0197917 0.0731481
0 0.698958 0.393519 0.021875 0.0833333
0 0.34401 0.520833 0.0244792 0.0509259
0 0.605729 0.505556 0.0229167 0.0481481
0 0.364844 0.526852 0.0276042 0.0666667
0 0.767969 0.400463 0.0203125 0.0601852
0 0.39349 0.675926 0.0203125 0.0351852
0 0.323698 0.529167 0.0223958 0.0509259
0 0.623958 0.288889 0.0197917 0.0740741
0 0.65599 0.548611 0.0213542 0.0712963
0 0.63151 0.100926 0.0255208 0.0777778
0 0.85651 0.350463 0.0203125 0.0694444
0 0.63151 0.355556 0.0182292 0.0685185
0 0.502604 0.365741 0.021875 0.0444444
0 0.433333 0.418056 0.0114583 0.0324074
0 0.609896 0.318981 0.0239583 0.0472222
0 0.823698 0.37963 0.0234375 0.0555556
0 0.640625 0.3125 0.0239583 0.0564815
0 0.460677 0.415741 0.0213542 0.0703704
0 0.686719 0.631944 0.0182292 0.0527778
0 0.710417 0.533333 0.021875 0.0555556
0 0.594531 0.281019 0.0223958 0.0675926
0 0.226302 0.437963 0.0255208 0.037037
0 0.745052 0.49537 0.0234375 0.0666667
0 0.68151 0.231944 0.0255208 0.0638889
0 0.665365 0.30463 0.0182292 0.0611111
0 0.336198 0.443981 0.0244792 0.0583333
0 0.785677 0.580556 0.0213542 0.0648148
0 0.697917 0.129167 0.0197917 0.0564815
0 0.727604 0.255093 0.025 0.0731481
0 0.251302 0.411111 0.0265625 0.0537037
0 0.419792 0.423148 0.0229167 0.0648148
0 0.791406 0.341667 0.0276042 0.0740741
0 0.723958 0.525 0.021875 0.0666667
0 0.761458 0.322685 0.0270833 0.0583333
0 0.0903646 0.63287 0.0234375 0.0453704
0 0.614844 0.533796 0.0234375 0.0527778
0 0.514063 0.401389 0.021875 0.0583333
0 0.564844 0.374074 0.0213542 0.0518519
0 0.727604 0.319907 0.0239583 0.0583333
0 0.689583 0.350463 0.025 0.0564815
0 0.739844 0.408333 0.0213542 0.0574074
0 0.607031 0.223611 0.0276042 0.0564815
0 0.689323 0.281944 0.0203125 0.0675926
0 0.39401 0.475926 0.0223958 0.0648148
0 0.648438 0.209722 0.0260417 0.0675926
0 0.657552 0.475926 0.0223958 0.062963
0 0.789583 0.424537 0.0239583 0.062037
0 0.640885 0.268519 0.0244792 0.0574074
0 0.573177 0.252778 0.0213542 0.0666667
0 0.773958 0.23287 0.025 0.0787037
0 0.811458 0.291204 0.0208333 0.062037
0 0.64401 0.149537 0.0203125 0.0583333
0 0.31849 0.5125 0.0234375 0.0583333
0 0.736458 0.282407 0.0239583 0.05
0 0.332031 0.529167 0.0234375 0.0453704
0 0.624479 0.0856481 0.0229167 0.0694444
0 0.753906 0.401389 0.0244792 0.075
0 0.702083 0.334722 0.025 0.062037
0 0.159896 0.512037 0.0239583 0.0388889
0 0.707552 0.445833 0.0234375 0.0546296
0 0.714844 0.692593 0.0203125 0.0537037
0 0.510417 0.27037 0.021875 0.0574074
0 0.778906 0.35 0.0265625 0.0574074
0 0.807031 0.363426 0.0223958 0.062037
0 0.795313 0.362963 0.0260417 0.0518519
0 0.485677 0.343056 0.0213542 0.0509259
0 0.409635 0.506481 0.0265625 0.0555556
0 0.694792 0.203241 0.0239583 0.0564815
0 0.810417 0.49213 0.028125 0.062037
0 0.448177 0.425 0.0244792 0.0648148
0 0.81901 0.564352 0.0286458 0.0731481
0 0.588542 0.564352 0.0197917 0.0601852
0 0.715365 0.173148 0.0223958 0.0611111
0 0.714844 0.452778 0.0234375 0.0740741
0 0.714844 0.306481 0.0244792 0.0611111
0 0.344792 0.45463 0.0239583 0.0648148
0 0.647656 0.4 0.0255208 0.0574074
0 0.34401 0.366204 0.0234375 0.062037
0 0.234635 0.350926 0.0223958 0.0444444
0 0.469531 0.356481 0.0234375 0.0574074
0 0.495313 0.430556 0.0239583 0.05
0 0.536458 0.52963 0.0260417 0.0833333
0 0.361458 0.424537 0.0229167 0.0657407
0 0.602604 0.529167 0.0229167 0.0546296
0 0.557292 0.522222 0.021875 0.062963
0 0.748698 0.159259 0.0234375 0.0648148
0 0.547917 0.126852 0.021875 0.0685185
0 0.698438 0.245833 0.0229167 0.0694444
0 0.514844 0.534722 0.0213542 0.0564815
0 0.694792 0.454167 0.0239583 0.0546296
0 0.85599 0.562963 0.0234375 0.0537037
0 0.773177 0.267593 0.0255208 0.0555556
0 0.652604 0.416667 0.025 0.0592593
0 0.628125 0.218056 0.0239583 0.0731481
0 0.652344 0.352778 0.0276042 0.0555556
0 0.590104 0.311574 0.021875 0.0546296
0 0.390625 0.528704 0.0208333 0.0648148
0 0.548177 0.304167 0.0223958 0.062037
0 0.665625 0.25463 0.0239583 0.0666667
0 0.852865 0.468056 0.0244792 0.0712963
0 0.573177 0.431019 0.0234375 0.0731481
0 0.352083 0.55787 0.0239583 0.0472222
0 0.681771 0.10787 0.0239583 0.0731481
0 0.615104 0.403241 0.0270833 0.0787037
0 0.280469 0.426389 0.0276042 0.0509259
0 0.544271 0.399537 0.025 0.0657407
0 0.573438 0.144444 0.0260417 0.0666667
0 0.674219 0.343519 0.0276042 0.0685185
0 0.640625 0.514815 0.0260417 0.0666667
0 0.39401 0.415278 0.0255208 0.0675926
0 0.635156 0.401852 0.0265625 0.0555556
0 0.611719 0.469907 0.0255208 0.0768519
0 0.386979 0.459722 0.025 0.0675926
0 0.652604 0.297222 0.021875 0.0555556
0 0.840885 0.393519 0.0265625 0.062963
0 0.865625 0.492593 0.0270833 0.0685185
0 0.561198 0.244907 0.0255208 0.0583333
0 0.535417 0.425 0.0270833 0.0666667
0 0.790625 0.210185 0.021875 0.0759259
0 0.75599 0.617593 0.0234375 0.0555556
0 0.486198 0.460185 0.0265625 0.0611111
0 0.736979 0.551389 0.021875 0.0694444
0 0.456771 0.460648 0.0239583 0.0601852
0 0.297396 0.5125 0.025 0.0583333
0 0.569271 0.313426 0.0208333 0.0694444
0 0.572917 0.400926 0.028125 0.0740741
0 0.507031 0.449074 0.0244792 0.0555556
0 0.527344 0.269444 0.0276042 0.0703704
0 0.142708 0.521759 0.025 0.0509259
0 0.410937 0.380556 0.021875 0.0703704
0 0.744531 0.247685 0.0244792 0.0601852
0 0.778125 0.558796 0.0229167 0.0675926
0 0.819531 0.439352 0.0265625 0.0638889
0 0.653646 0.255093 0.025 0.0638889
0 0.556771 0.306481 0.0229167 0.0574074
0 0.760156 0.15787 0.0223958 0.0694444
0 0.40625 0.424537 0.025 0.0509259
0 0.648698 0.101389 0.0255208 0.0638889
0 0.727083 0.195833 0.021875 0.0657407
0 0.547917 0.512037 0.0239583 0.0648148
0 0.544271 0.35 0.025 0.0648148
0 0.727083 0.571296 0.0239583 0.0685185
0 0.676302 0.306481 0.0234375 0.0574074
0 0.238542 0.425 0.025 0.0407407
0 0.752344 0.529167 0.0265625 0.0712963
0 0.263802 0.433796 0.0265625 0.0453704
0 0.285677 0.52037 0.0276042 0.062963
0 0.527865 0.314352 0.0234375 0.0638889
0 0.301042 0.358333 0.025 0.0537037
0 0.473437 0.552315 0.025 0.0731481
0 0.473177 0.452778 0.0234375 0.0592593
0 0.73099 0.166204 0.0244792 0.0657407
0 0.485677 0.485185 0.0265625 0.0648148
0 0.314583 0.45463 0.025 0.0555556
0 0.665885 0.151389 0.0276042 0.0731481
0 0.327083 0.431481 0.0270833 0.05
0 0.539583 0.491667 0.021875 0.0685185
0 0.664844 0.497222 0.0255208 0.0592593
0 0.452865 0.372685 0.0276042 0.0638889
0 0.623958 0.550926 0.0260417 0.0666667
0 0.410417 0.543981 0.028125 0.0712963
0 0.686979 0.431481 0.0239583 0.0648148
0 0.235417 0.52963 0.021875 0.0537037
0 0.498698 0.484259 0.0223958 0.0722222
0 0.515625 0.351852 0.0260417 0.0592593
0 0.664323 0.114352 0.0244792 0.0787037
0 0.840365 0.454167 0.0265625 0.0675926
0 0.327344 0.321296 0.0255208 0.0611111
0 0.526302 0.357407 0.0244792 0.0555556
0 0.697656 0.610185 0.0223958 0.062963
0 0.636198 0.490278 0.0265625 0.0638889
0 0.260156 0.512963 0.0255208 0.0555556
0 0.716146 0.580556 0.025 0.0685185
0 0.59401 0.52037 0.0255208 0.0685185
0 0.744792 0.440741 0.0260417 0.0759259
0 0.648698 0.549537 0.0244792 0.0601852
0 0.302604 0.438889 0.0239583 0.062963
0 0.440104 0.452778 0.025 0.0592593
0 0.55599 0.360185 0.0244792 0.0537037
0 0.761198 0.462037 0.0265625 0.0611111
0 0.623698 0.476852 0.0286458 0.0666667
0 0.702865 0.564352 0.0255208 0.0657407
0 0.373177 0.425 0.0265625 0.0592593
0 0.427344 0.468519 0.0255208 0.0592593
0 0.702604 0.417593 0.0260417 0.062963
0 0.440104 0.381019 0.0239583 0.0527778
0 0.75625 0.246759 0.0260417 0.0583333
0 0.313542 0.618981 0.021875 0.0398148
0 0.556771 0.403704 0.025 0.0703704
0 0.285677 0.447222 0.0276042 0.0759259
0 0.744531 0.337037 0.0255208 0.0703704
0 0.585417 0.447685 0.0260417 0.0583333
0 0.247656 0.522685 0.0265625 0.0657407
0 0.673698 0.529167 0.0265625 0.0694444
0 0.38125 0.410648 0.0260417 0.0638889
0 0.766146 0.551852 0.0239583 0.0759259
0 0.723177 0.476852 0.0265625 0.0611111
0 0.586458 0.493056 0.0270833 0.0546296
0 0.556771 0.462037 0.0239583 0.0685185
0 0.309896 0.424537 0.028125 0.0472222
0 0.536198 0.284259 0.0265625 0.0648148
0 0.815625 0.388889 0.0260417 0.0759259
0 0.723698 0.351389 0.0244792 0.0731481
0 0.827865 0.581481 0.0286458 0.0759259
0 0.635677 0.551389 0.0276042 0.062037
0 0.460677 0.543519 0.0286458 0.0666667
0 0.761458 0.350926 0.028125 0.0666667
0 0.589844 0.202778 0.0255208 0.0611111
0 0.785677 0.403704 0.0276042 0.0666667
0 0.272917 0.506944 0.0270833 0.0527778
0 0.677865 0.188889 0.0255208 0.0685185
0 0.576563 0.529167 0.0260417 0.0583333
0 0.382031 0.527778 0.0244792 0.0703704
0 0.615104 0.269907 0.028125 0.062037
0 0.851042 0.625 0.025 0.0462963
0 0.415365 0.482407 0.0255208 0.0777778
0 0.378125 0.48287 0.0260417 0.0712963
0 0.232031 0.619444 0.0234375 0.0351852
0 0.490885 0.543981 0.0255208 0.0805556
0 0.586458 0.136574 0.0260417 0.0787037
0 0.732552 0.506481 0.0265625 0.0685185
0 0.678385 0.557407 0.0255208 0.0685185
0 0.35651 0.4625 0.0265625 0.0509259
0 0.689844 0.506944 0.0286458 0.0564815
0 0.502865 0.543981 0.0276042 0.0638889
0 0.590365 0.240741 0.0265625 0.0666667
0 0.764583 0.439352 0.0270833 0.0564815
0 0.432813 0.41713 0.028125 0.075
0 0.598437 0.337037 0.0260417 0.0703704
0 0.710938 0.603704 0.0239583 0.0611111
0 0.526302 0.551852 0.0265625 0.0648148
0 0.461198 0.513889 0.0265625 0.0703704
0 0.351302 0.52963 0.0276042 0.0666667
0 0.327604 0.359259 0.0260417 0.0611111
0 0.752604 0.484722 0.028125 0.0601852
0 0.789583 0.551389 0.0291667 0.0527778
