0 0.803439 0.825 0.00406805 0.0210526
0 0.778846 0.794079 0.033284 0.0236842
0 0.540865 0.630921 0.0247781 0.0210526
0 0.359283 0.123355 0.0144231 0.0309211
0 0.63628 0.804276 0.00776627 0.0151316
0 0.509615 0.362171 0.0155325 0.0440789
0 0.750185 0.815132 0.00702663 0.0302632
0 0.674741 0.579276 0.0255178 0.0190789
0 0.620932 0.804276 0.010355 0.0138158
0 0.591346 0.630263 0.0170118 0.0157895
0 0.402922 0.165789 0.0173817 0.0118421
0 0.56287 0.713158 0.0147929 0.0184211
0 0.604105 0.774671 0.00850592 0.0203947
0 0.43787 0.244737 0.0133136 0.0276316
0 0.406805 0.245724 0.00369822 0.0467105
0 0.421043 0.19375 0.0151627 0.0480263
0 0.590976 0.713816 0.010355 0.0171053
0 0.611501 0.639474 0.0188609 0.0421053
0 0.598558 0.744079 0.00998521 0.0197368
0 0.563055 0.607566 0.00628698 0.0282895
0 0.386649 0.211842 0.00776627 0.0342105
0 0.419009 0.245395 0.00221893 0.0184211
0 0.776997 0.817434 0.0207101 0.0375
0 0.608543 0.750329 0.00776627 0.0256579
0 0.528476 0.616776 0.0221893 0.0296053
0 0.420118 0.2 0.00517751 0.0131579
0 0.448595 0.225329 0.00221893 0.00986842
0 0.657175 0.564474 0.012574 0.0513158
0 0.677885 0.741776 0.012574 0.0335526
0 0.461908 0.335197 0.035503 0.0243421
0 0.49963 0.313816 0.00517751 0.0223684
0 0.708395 0.802961 0.0159024 0.00986842
0 0.833765 0.852632 0.0232988 0.0144737
0 0.58284 0.660855 0.00295858 0.0203947
0 0.548632 0.444079 0.0225592 0.0342105
0 0.589497 0.320724 0.0170118 0.0309211
0 0.379438 0.150987 0.00813609 0.0164474
0 0.694712 0.726645 0.00776627 0.0217105
0 0.607064 0.686184 0.0114645 0.0223684
0 0.711169 0.623026 0.00887574 0.0263158
0 0.705991 0.639803 0.0214497 0.0230263
0 0.787352 0.739145 0.00961538 0.0230263
0 0.700444 0.544408 0.00813609 0.0190789
0 0.415865 0.25625 0.00110947 0.0203947
0 0.820636 0.764145 0.00813609 0.0230263
0 0.708025 0.73125 0.016642 0.0125
0 0.610207 0.660197 0.00961538 0.0559211
0 0.712093 0.596711 0.00258876 0.0184211
0 0.471154 0.364803 0.0170118 0.0164474
0 0.803624 0.794079 0.00739645 0.0302632
0 0.502959 0.358553 0.00517751 0.0328947
0 0.35466 0.125329 0.0110947 0.0348684
0 0.538462 0.686842 0.0118343 0.0302632
0 0.615015 0.759868 0.0221893 0.0421053
0 0.620747 0.778947 0.0210799 0.0157895
0 0.495007 0.351316 0.00702663 0.0407895
0 0.665865 0.782895 0.00702663 0.0144737
0 0.47892 0.364145 0.00369822 0.0217105
0 0.716161 0.718092 0.00702663 0.0203947
0 0.656435 0.511513 0.0199704 0.0282895
0 0.729105 0.625987 0.00554734 0.0125
0 0.637759 0.777961 0.0188609 0.0217105
0 0.538831 0.708224 0.0214497 0.0427632
0 0.720414 0.615789 0.0118343 0.0276316
0 0.625 0.771053 0.0162722 0.0197368
0 0.575259 0.587171 0.0181213 0.0190789
0 0.633506 0.697697 0.0214497 0.0177632
0 0.798447 0.759211 0.00147929 0.0157895
0 0.515717 0.410197 0.0114645 0.0348684
0 0.727256 0.659539 0.0122041 0.0309211
0 0.494453 0.296711 0.00147929 0.0105263
0 0.602996 0.721053 0.0129438 0.0236842
0 0.412167 0.256579 0.00554734 0.00789474
0 0.632766 0.772368 0.00961538 0.0105263
0 0.699519 0.759211 0.0181213 0.0473684
0 0.802885 0.799671 0.022929 0.0217105
0 0.850037 0.801974 0.00628698 0.0171053
0 0.703587 0.750658 0.00776627 0.0447368
0 0.820821 0.749671 0.0218195 0.0177632
0 0.474297 0.260855 0.0122041 0.0203947
0 0.67696 0.788816 0.0188609 0.0302632
0 0.710799 0.772368 0.00961538 0.0131579
0 0.825444 0.769737 0.0177515 0.0276316
0 0.535873 0.39375 0.0266272 0.0177632
0 0.653291 0.641776 0.0114645 0.0177632
0 0.391827 0.199342 0.029216 0.0236842
0 0.559911 0.601316 0.0236686 0.0289474
0 0.849852 0.808553 0.0295858 0.0236842
0 0.421043 0.261184 0.0173817 0.0289474
0 0.531435 0.469408 0.0192308 0.0348684
0 0.799556 0.784539 0.0066568 0.0230263
0 0.683062 0.722697 0.00517751 0.0164474
0 0.46912 0.276645 0.00628698 0.0177632
0 0.662722 0.573026 0.00739645 0.0171053
0 0.52034 0.453947 0.00369822 0.0197368
0 0.782914 0.808553 0.0251479 0.0157895
0 0.766087 0.794079 0.0255178 0.0210526
0 0.824704 0.861513 0.0199704 0.0138158
0 0.413277 0.207237 0.0188609 0.0407895
0 0.720969 0.655921 0.0107249 0.0144737
0 0.778476 0.787171 0.022929 0.0151316
0 0.583765 0.553618 0.00554734 0.0111842
0 0.83321 0.793092 0.0192308 0.0217105
0 0.581916 0.784868 0.00628698 0.0421053
0 0.600037 0.677303 0.0129438 0.0177632
0 0.505917 0.408882 0.0066568 0.0203947
0 0.81287 0.750329 0.0133136 0.0296053
0 0.832655 0.845724 0.0136834 0.00986842
0 0.329327 0.0743421 0.0232988 0.0315789
0 0.717456 0.600987 0.0118343 0.0269737
0 0.734098 0.8375 0.0236686 0.0394737
0 0.691938 0.803289 0.0281065 0.0263158
0 0.564904 0.632895 0.016642 0.0342105
0 0.387389 0.178947 0.00924556 0.0144737
0 0.817677 0.835197 0.0133136 0.0269737
0 0.336908 0.094079 0.0066568 0.00657895
0 0.837093 0.805592 0.0181213 0.0151316
0 0.745747 0.800329 0.0188609 0.0138158
0 0.74963 0.732237 0.0066568 0.0105263
0 0.593195 0.464145 0.00887574 0.0453947
0 0.73003 0.703947 0.022929 0.0197368
0 0.780695 0.790789 0.00961538 0.05
0 0.72929 0.808882 0.0199704 0.0282895
0 0.422337 0.214803 0.00739645 0.0480263
0 0.554364 0.446711 0.00443787 0.0210526
0 0.678624 0.652961 0.0155325 0.0177632
0 0.699149 0.631908 0.00924556 0.0111842
0 0.72892 0.755592 0.00591716 0.0230263
0 0.650148 0.607566 0.0133136 0.0217105
0 0.820821 0.786513 0.00110947 0.0230263
0 0.733543 0.63125 0.0173817 0.0177632
0 0.683802 0.585855 0.0207101 0.0177632
0 0.70747 0.795066 0.00887574 0.0125
0 0.590607 0.567105 0.00739645 0.0342105
0 0.556398 0.707237 0.016642 0.0289474
0 0.608913 0.692434 0.0188609 0.0256579
0 0.476701 0.291447 0.0066568 0.0197368
0 0.549741 0.669408 0.0114645 0.0177632
0 0.829882 0.852303 0.0244083 0.0282895
0 0.419933 0.225 0.00554734 0.0197368
0 0.828957 0.845724 0.00998521 0.0217105
0 0.650333 0.557237 0.0151627 0.0473684
0 0.672337 0.636513 0.0147929 0.0532895
0 0.561021 0.70625 0.0162722 0.0151316
0 0.591716 0.729276 0.00813609 0.0177632
0 0.8125 0.786842 0.00887574 0.0105263
0 0.735947 0.728947 0.0214497 0.0434211
0 0.478735 0.314803 0.00258876 0.0243421
0 0.661612 0.681908 0.0258876 0.0138158
0 0.696191 0.611513 0.00998521 0.0138158
0 0.578772 0.794079 0.012574 0.0539474
0 0.66753 0.579276 0.0184911 0.0453947
0 0.499445 0.339474 0.00628698 0.0276316
0 0.645895 0.765789 0.0173817 0.0118421
0 0.741494 0.718092 0.0133136 0.0151316
0 0.649963 0.615132 0.0343935 0.0263158
0 0.443787 0.321053 0.0177515 0.0315789
0 0.586538 0.774013 0.0214497 0.0190789
0 0.645895 0.698355 0.0129438 0.0151316
0 0.316198 0.0523026 0.00517751 0.0203947
0 0.708025 0.630921 0.00480769 0.0144737
0 0.695636 0.75 0.00517751 0.0131579
0 0.64497 0.759211 0.0133136 0.00789474
0 0.700444 0.6375 0.0155325 0.0171053
0 0.742234 0.799342 0.0147929 0.025
0 0.600407 0.626316 0.00998521 0.0328947
0 0.633321 0.734211 0.0107249 0.0184211
0 0.633691 0.742763 0.016642 0.0197368
0 0.50074 0.35625 0.0199704 0.0335526
0 0.503883 0.525 0.0225592 0.0394737
0 0.828957 0.830592 0.0159024 0.0138158
0 0.570081 0.582566 0.00628698 0.00723684
0 0.632027 0.780263 0.0214497 0.0302632
0 0.607249 0.807895 0.0184911 0.0381579
0 0.566013 0.692434 0.0247781 0.0243421
0 0.586169 0.574342 0.00591716 0.0302632
0 0.598927 0.597697 0.00554734 0.0348684
0 0.657544 0.53125 0.010355 0.00986842
0 0.658654 0.742434 0.0133136 0.0296053
0 0.77034 0.71875 0.00443787 0.0138158
0 0.898114 0.831908 0.00628698 0.0296053
0 0.469675 0.320395 0.00443787 0.0118421
0 0.62537 0.607895 0.00517751 0.0552632
0 0.712463 0.822697 0.0277367 0.0309211
0 0.583395 0.707566 0.0144231 0.0217105
0 0.553624 0.659868 0.0170118 0.0223684
0 0.715052 0.644737 0.00998521 0.0486842
0 0.608358 0.728947 0.0133136 0.0184211
0 0.504253 0.557895 0.016642 0.0342105
0 0.581916 0.772697 0.0151627 0.0296053
0 0.453587 0.223355 0.00480769 0.0125
0 0.431213 0.226974 0.0133136 0.0157895
0 0.735762 0.834539 0.0159024 0.0164474
0 0.714127 0.733882 0.0177515 0.0282895
0 0.754623 0.703289 0.016642 0.025
0 0.329882 0.08125 0.0140533 0.0361842
0 0.595044 0.713158 0.0118343 0.0171053
0 0.483173 0.373026 0.0122041 0.0197368
0 0.407729 0.196382 0.00998521 0.0269737
0 0.722448 0.789145 0.00258876 0.0111842
0 0.799556 0.732895 0.00295858 0.0131579
0 0.527922 0.529605 0.00998521 0.0236842
0 0.648299 0.71875 0.0170118 0.0480263
0 0.627589 0.818421 0.00443787 0.0105263
0 0.723927 0.764145 0.0144231 0.0440789
0 0.466901 0.327961 0.00702663 0.0190789
0 0.591716 0.617105 0.0288462 0.0276316
0 0.545673 0.404276 0.00924556 0.0138158
0 0.583395 0.741776 0.0151627 0.0203947
0 0.428439 0.278618 0.00702663 0.0230263
0 0.707286 0.820066 0.0114645 0.00855263
0 0.437685 0.225658 0.0107249 0.0118421
0 0.523854 0.535526 0.0173817 0.0184211
0 0.645895 0.572039 0.00776627 0.0282895
0 0.394416 0.142763 0.00258876 0.025
0 0.762019 0.719079 0.00628698 0.0144737
0 0.742049 0.747697 0.0129438 0.0138158
0 0.345599 0.0996711 0.00554734 0.0177632
0 0.732803 0.747368 0.00184911 0.0210526
0 0.764608 0.756908 0.0159024 0.0361842
0 0.837463 0.844408 0.00776627 0.0256579
0 0.462093 0.246382 0.00702663 0.0151316
0 0.757212 0.688487 0.0136834 0.0625
0 0.658839 0.577303 0.0136834 0.0309211
0 0.482618 0.363816 0.0066568 0.025
0 0.77108 0.725658 0.0147929 0.0157895
0 0.618343 0.665789 0.0170118 0.0552632
0 0.522004 0.332237 0.0107249 0.0197368
0 0.679179 0.620395 0.00554734 0.0105263
0 0.49963 0.527961 0.00813609 0.0282895
0 0.645155 0.521053 0.00776627 0.0328947
0 0.598003 0.616447 0.0170118 0.05
0 0.611317 0.804276 0.0214497 0.0217105
0 0.528107 0.602632 0.0140533 0.0197368
0 0.661797 0.673684 0.0181213 0.0223684
0 0.676036 0.704605 0.0192308 0.0315789
0 0.708025 0.579934 0.0306953 0.0361842
0 0.788092 0.772368 0.0221893 0.0131579
0 0.724852 0.771711 0.00813609 0.00921053
0 0.704142 0.572697 0.0177515 0.0309211
0 0.646635 0.738816 0.0122041 0.0236842
0 0.454512 0.231908 0.010355 0.0164474
0 0.894786 0.83125 0.00406805 0.0243421
0 0.637019 0.771711 0.00924556 0.0171053
0 0.817493 0.749013 0.0107249 0.0243421
0 0.591531 0.668421 0.0232988 0.0171053
0 0.673817 0.751974 0.00443787 0.0263158
0 0.465237 0.250329 0.00517751 0.0151316
0 0.741494 0.79375 0.010355 0.00986842
0 0.808617 0.749342 0.0151627 0.0105263
0 0.683247 0.579276 0.0107249 0.0164474
0 0.740939 0.667105 0.00258876 0.0302632
0 0.529031 0.349671 0.0159024 0.0217105
0 0.587278 0.797368 0.010355 0.0263158
0 0.79142 0.801645 0.0162722 0.0164474
0 0.517751 0.569737 0.0207101 0.0276316
0 0.701553 0.682566 0.0207101 0.0546053
0 0.765348 0.804276 0.0188609 0.0388158
0 0.816568 0.784868 0.010355 0.0157895
0 0.558617 0.615461 0.0188609 0.0217105
0 0.523669 0.603289 0.00739645 0.0210526
0 0.529401 0.676974 0.00998521 0.0368421
0 0.712093 0.755592 0.0107249 0.00986842
0 0.596893 0.654605 0.0133136 0.025
0 0.68713 0.699671 0.0155325 0.0203947
0 0.382766 0.169079 0.00221893 0.0197368
0 0.569527 0.689474 0.022929 0.0552632
0 0.692677 0.755592 0.0147929 0.0269737
0 0.512019 0.438816 0.0033284 0.0394737
0 0.574889 0.530592 0.00628698 0.0111842
0 0.503698 0.631579 0.0147929 0.0434211
0 0.741309 0.772368 0.00924556 0.0118421
0 0.662722 0.786513 0.0207101 0.0256579
0 0.657544 0.641447 0.00961538 0.0171053
0 0.594859 0.583224 0.0033284 0.0138158
0 0.60392 0.623684 0.0118343 0.0184211
0 0.53125 0.580263 0.00480769 0.0184211
0 0.515902 0.595066 0.00887574 0.0256579
0 0.816383 0.825658 0.0136834 0.0644737
0 0.754623 0.739803 0.0173817 0.0138158
0 0.532729 0.676316 0.0151627 0.0184211
0 0.64497 0.789474 0.0147929 0.025
0 0.620747 0.722697 0.00554734 0.00986842
0 0.686206 0.796382 0.00850592 0.0111842
0 0.670488 0.683553 0.0236686 0.0197368
0 0.720599 0.771711 0.00554734 0.00921053
0 0.580436 0.558882 0.0144231 0.0348684
0 0.716346 0.758224 0.012574 0.0151316
0 0.73003 0.673684 0.0192308 0.0223684
0 0.654031 0.79375 0.0188609 0.0230263
0 0.395895 0.232237 0.00850592 0.0105263
0 0.628328 0.692434 0.00147929 0.0164474
0 0.820821 0.742105 0.00480769 0.0144737
0 0.420858 0.208882 0.0147929 0.0111842
0 0.625555 0.794079 0.00628698 0.0184211
0 0.637019 0.810855 0.0122041 0.0138158
0 0.670118 0.676645 0.0133136 0.0217105
0 0.647374 0.663487 0.00184911 0.00986842
0 0.673262 0.739474 0.0151627 0.0157895
0 0.691013 0.796053 0.0136834 0.00789474
0 0.524223 0.326645 0.00850592 0.0243421
0 0.527552 0.670395 0.00628698 0.0197368
0 0.649038 0.781908 0.0118343 0.0203947
0 0.762204 0.725329 0.0162722 0.0151316
0 0.545488 0.446382 0.0110947 0.0177632
0 0.612056 0.817105 0.0258876 0.025
0 0.515533 0.438158 0.00517751 0.0407895
0 0.586538 0.742434 0.00147929 0.0203947
0 0.66753 0.652961 0.0177515 0.0361842
0 0.70784 0.684211 0.0214497 0.0263158
0 0.533654 0.585526 0.012574 0.0473684
0 0.704697 0.801316 0.0151627 0.0197368
0 0.754068 0.817434 0.0147929 0.0125
0 0.539756 0.604605 0.00554734 0.0171053
0 0.657544 0.803947 0.0266272 0.0184211
0 0.578033 0.757237 0.0214497 0.0407895
0 0.796043 0.742105 0.00480769 0.0144737
0 0.58321 0.629934 0.0199704 0.0151316
0 0.622596 0.712829 0.0159024 0.0427632
0 0.383321 0.149671 0.00998521 0.0125
0 0.645895 0.600329 0.0188609 0.0230263
0 0.517382 0.600987 0.0147929 0.0296053
0 0.703957 0.755592 0.0144231 0.00986842
0 0.386465 0.195724 0.00295858 0.0177632
0 0.450074 0.257237 0.0170118 0.0210526
0 0.714127 0.821053 0.0133136 0.0381579
0 0.524408 0.661513 0.0221893 0.0243421
0 0.470969 0.354934 0.00776627 0.0217105
0 0.367049 0.138487 0.00554734 0.0151316
0 0.628883 0.786513 0.00406805 0.0151316
0 0.491309 0.305592 0.00110947 0.0111842
0 0.639423 0.520395 0.0155325 0.0342105
0 0.586169 0.561184 0.00443787 0.0197368
0 0.435281 0.227632 0.00887574 0.0381579
0 0.420118 0.276974 0.0133136 0.0315789
0 0.537352 0.683882 0.00295858 0.00986842
0 0.724482 0.615789 0.00591716 0.0184211
0 0.83321 0.785855 0.0118343 0.0230263
0 0.375185 0.140789 0.0122041 0.0223684
0 0.644046 0.725 0.0122041 0.0421053
0 0.823225 0.833553 0.0214497 0.0447368
0 0.715976 0.749013 0.012574 0.0217105
0 0.846154 0.807566 0.0133136 0.0230263
0 0.577848 0.700329 0.00480769 0.0138158
0 0.66568 0.611184 0.0066568 0.0131579
0 0.596524 0.588158 0.0155325 0.025
0 0.825074 0.792763 0.0162722 0.0197368
0 0.54068 0.395066 0.00369822 0.0453947
0 0.409578 0.259211 0.00998521 0.0407895
0 0.716901 0.741447 0.0203402 0.0263158
0 0.695451 0.774671 0.00998521 0.0125
0 0.432877 0.239474 0.00554734 0.025
0 0.347633 0.104934 0.0170118 0.0414474
0 0.515902 0.447697 0.0140533 0.0230263
0 0.602996 0.811513 0.0033284 0.0243421
0 0.679364 0.758224 0.0147929 0.0230263
0 0.644046 0.681908 0.0196006 0.0519737
0 0.577293 0.545395 0.00221893 0.0157895
0 0.374815 0.185526 0.0151627 0.0263158
0 0.534578 0.451974 0.00776627 0.0355263
0 0.517567 0.667763 0.0240385 0.0447368
0 0.783099 0.742434 0.00554734 0.0217105
0 0.769786 0.795066 0.0144231 0.0322368
0 0.72929 0.652303 0.0192308 0.0256579
0 0.752774 0.810197 0.00998521 0.0125
0 0.549371 0.599342 0.00702663 0.0223684
0 0.747966 0.796382 0.0218195 0.0282895
0 0.699519 0.779934 0.016642 0.0230263
0 0.594859 0.822368 0.0107249 0.0315789
0 0.507951 0.348026 0.00258876 0.0276316
0 0.648484 0.7375 0.00924556 0.00921053
0 0.711169 0.818092 0.0147929 0.0138158
0 0.437315 0.292763 0.00702663 0.0157895
0 0.567308 0.6 0.0177515 0.0315789
0 0.64571 0.706908 0.0155325 0.0164474
0 0.816568 0.742105 0.00591716 0.0131579
0 0.639978 0.552961 0.0203402 0.0282895
0 0.635355 0.553289 0.00887574 0.0223684
0 0.565274 0.730263 0.0159024 0.0328947
0 0.477441 0.337171 0.000739645 0.0111842
0 0.703033 0.704934 0.0066568 0.0256579
0 0.595969 0.719737 0.0247781 0.025
0 0.696191 0.587829 0.0159024 0.0177632
0 0.602256 0.727632 0.0188609 0.0394737
0 0.605214 0.601316 0.0203402 0.0394737
0 0.307692 0.0457237 0.00739645 0.0322368
0 0.358173 0.129934 0.0225592 0.0282895
0 0.487241 0.492434 0.00924556 0.0269737
0 0.64608 0.529276 0.0221893 0.0335526
0 0.624815 0.722368 0.00628698 0.00921053
0 0.824519 0.785526 0.00776627 0.0184211
0 0.795488 0.796711 0.0258876 0.0302632
0 0.483913 0.496382 0.0181213 0.0309211
0 0.598373 0.822697 0.0244083 0.0269737
0 0.545858 0.453618 0.0207101 0.0243421
0 0.708765 0.667105 0.0151627 0.0157895
0 0.390163 0.225658 0.00739645 0.0368421
0 0.669933 0.793421 0.026997 0.0236842
0 0.68713 0.543421 0.0147929 0.0289474
0 0.553809 0.66875 0.0203402 0.0243421
0 0.695821 0.579605 0.00628698 0.0197368
0 0.628143 0.623026 0.00258876 0.0302632
0 0.591161 0.647039 0.00776627 0.0230263
0 0.841346 0.844408 0.012574 0.0177632
0 0.657914 0.758224 0.00591716 0.0138158
0 0.719305 0.713816 0.00443787 0.00921053
0 0.516272 0.321053 0.00813609 0.0184211
0 0.670118 0.735855 0.00369822 0.0111842
0 0.841161 0.838816 0.00628698 0.0184211
0 0.64608 0.580592 0.0118343 0.0243421
0 0.778476 0.725658 0.0147929 0.0236842
0 0.724852 0.566776 0.00221893 0.0217105
0 0.604105 0.781579 0.0033284 0.0157895
0 0.691198 0.623684 0.012574 0.0328947
0 0.64534 0.671053 0.00147929 0.0131579
0 0.59449 0.832566 0.0122041 0.0177632
0 0.560466 0.683224 0.0188609 0.0361842
0 0.746117 0.774342 0.016642 0.0157895
0 0.62463 0.822697 0.00813609 0.0256579
0 0.537907 0.588158 0.0159024 0.0302632
0 0.720414 0.720066 0.0110947 0.0151316
0 0.651812 0.646382 0.0232988 0.0269737
0 0.511834 0.379934 0.0155325 0.0217105
0 0.845784 0.800329 0.0066568 0.0190789
0 0.720784 0.624013 0.00813609 0.0217105
0 0.549741 0.608224 0.0203402 0.0282895
0 0.794933 0.767105 0.00184911 0.00789474
0 0.51997 0.482237 0.00813609 0.0197368
0 0.686945 0.652632 0.00554734 0.0276316
0 0.634246 0.587171 0.012574 0.0322368
0 0.641827 0.691447 0.00924556 0.0197368
0 0.682877 0.780921 0.0136834 0.0184211
0 0.520155 0.578289 0.00776627 0.025
0 0.586723 0.719079 0.0122041 0.0421053
0 0.575629 0.607895 0.0107249 0.0289474
0 0.375 0.149013 0.0162722 0.0203947
0 0.537352 0.376645 0.00295858 0.0322368
0 0.620562 0.848026 0.0147929 0.0197368
0 0.499815 0.534211 0.0188609 0.0236842
0 0.600037 0.749671 0.0151627 0.0217105
0 0.582286 0.610526 0.0173817 0.0223684
0 0.404771 0.199342 0.00850592 0.0210526
0 0.580991 0.799013 0.0236686 0.0361842
0 0.607249 0.773355 0.00221893 0.0111842
0 0.54105 0.610526 0.0133136 0.0131579
0 0.570821 0.629605 0.0196006 0.0197368
0 0.625925 0.788487 0.0159024 0.0217105
0 0.585984 0.56875 0.0122041 0.0190789
0 0.629068 0.793421 0.0147929 0.0184211
0 0.753328 0.783882 0.010355 0.0203947
0 0.691568 0.544408 0.00591716 0.0269737
0 0.745377 0.790789 0.0151627 0.0171053
0 0.721339 0.574013 0.0033284 0.0164474
0 0.650333 0.571053 0.0129438 0.0289474
0 0.689719 0.669737 0.0155325 0.0421053
0 0.653107 0.735855 0.00147929 0.00723684
0 0.683432 0.704934 0.0118343 0.0282895
0 0.828402 0.825 0.00591716 0.0144737
0 0.338203 0.0746711 0.0218195 0.0348684
0 0.712463 0.778289 0.0151627 0.0144737
0 0.661612 0.712829 0.0214497 0.0375
0 0.303809 0.0230263 0.0107249 0.0302632
0 0.661243 0.758882 0.00739645 0.0151316
0 0.628143 0.639145 0.0277367 0.0322368
0 0.641087 0.637829 0.00850592 0.0282895
0 0.608543 0.704934 0.0218195 0.0164474
0 0.579142 0.529934 0.0118343 0.0138158
0 0.68713 0.721711 0.0118343 0.0184211
0 0.580436 0.771711 0.0225592 0.0552632
0 0.732803 0.624671 0.00998521 0.0138158
0 0.545858 0.644408 0.0162722 0.0256579
0 0.599482 0.58125 0.00591716 0.0177632
0 0.617234 0.644408 0.0184911 0.0243421
0 0.389238 0.196711 0.0151627 0.0210526
0 0.45895 0.335855 0.0118343 0.0243421
0 0.5625 0.593092 0.00591716 0.0230263
0 0.391642 0.148684 0.00221893 0.0236842
0 0.433062 0.223684 0.00739645 0.0171053
0 0.328772 0.0697368 0.0170118 0.0157895
0 0.649778 0.563487 0.00517751 0.0348684
0 0.450444 0.326316 0.0236686 0.0289474
0 0.537352 0.447039 0.00961538 0.0217105
0 0.68824 0.630592 0.0140533 0.0230263
0 0.824704 0.820724 0.00813609 0.0190789
0 0.727626 0.804276 0.00110947 0.0177632
0 0.820451 0.829934 0.00850592 0.0217105
0 0.682692 0.698026 0.00517751 0.0184211
0 0.578587 0.602961 0.00628698 0.0164474
0 0.418454 0.228947 0.0240385 0.0368421
0 0.523854 0.564803 0.0188609 0.0203947
0 0.412167 0.200987 0.0114645 0.0190789
0 0.583395 0.565789 0.00628698 0.0263158
0 0.595414 0.675987 0.0118343 0.0296053
0 0.519601 0.565789 0.0140533 0.0118421
0 0.40625 0.242763 0.016642 0.0460526
0 0.745192 0.661184 0.000739645 0.0184211
0 0.585614 0.733224 0.0196006 0.0282895
0 0.712278 0.629934 0.0066568 0.0125
0 0.799741 0.742434 0.00850592 0.00986842
0 0.579697 0.70625 0.016642 0.0322368
0 0.398854 0.166776 0.00850592 0.0177632
0 0.795858 0.720395 0.00739645 0.0131579
0 0.299741 0.0230263 0.00554734 0.0289474
0 0.462463 0.328947 0.00850592 0.0157895
0 0.410503 0.195066 0.00813609 0.0703947
0 0.699889 0.773026 0.0144231 0.0157895
0 0.47929 0.341776 0.00961538 0.0282895
0 0.570451 0.646711 0.0114645 0.0210526
0 0.532175 0.670066 0.0066568 0.0138158
0 0.466716 0.260526 0.00591716 0.0118421
0 0.733728 0.808882 0.012574 0.0138158
0 0.641272 0.644408 0.0147929 0.0190789
0 0.54142 0.681908 0.00517751 0.0125
0 0.795858 0.712171 0.00221893 0.0111842
0 0.621302 0.587171 0.0155325 0.0296053
0 0.519046 0.515132 0.00554734 0.0223684
0 0.705067 0.823355 0.0173817 0.0243421
0 0.546043 0.705263 0.00998521 0.0210526
0 0.673817 0.735855 0.00443787 0.0138158
0 0.766272 0.788487 0.00813609 0.0111842
0 0.724297 0.624013 0.0173817 0.0190789
0 0.716531 0.842105 0.0159024 0.0355263
0 0.799371 0.767434 0.00406805 0.0111842
0 0.558432 0.445066 0.00591716 0.0269737
0 0.619083 0.697697 0.0199704 0.0453947
0 0.700444 0.732566 0.0118343 0.0203947
0 0.652922 0.53125 0.00998521 0.0138158
0 0.537722 0.475 0.0221893 0.0302632
0 0.758506 0.697368 0.00887574 0.0197368
0 0.570636 0.548684 0.00591716 0.0184211
0 0.529401 0.496711 0.0159024 0.0236842
0 0.607433 0.720395 0.0122041 0.0171053
0 0.380362 0.156908 0.0218195 0.0519737
0 0.58321 0.750329 0.00221893 0.0190789
0 0.524778 0.482566 0.0192308 0.0256579
0 0.424556 0.224013 0.010355 0.0151316
0 0.582655 0.669737 0.0144231 0.0197368
0 0.383321 0.177961 0.00850592 0.0190789
0 0.621302 0.756908 0.0133136 0.0230263
0 0.558617 0.452961 0.0159024 0.0309211
0 0.482988 0.341776 0.00961538 0.0190789
0 0.491679 0.385197 0.0181213 0.0230263
0 0.54142 0.357237 0.0236686 0.0381579
0 0.652182 0.563158 0.0255178 0.0302632
0 0.783654 0.749013 0.0133136 0.0151316
0 0.754068 0.791447 0.0221893 0.0210526
0 0.522559 0.528618 0.0110947 0.0335526
0 0.557877 0.607566 0.00850592 0.0230263
0 0.60429 0.631908 0.0236686 0.0230263
0 0.527552 0.34375 0.00554734 0.0111842
0 0.753513 0.733553 0.00776627 0.0131579
0 0.460429 0.250987 0.0133136 0.0322368
0 0.76128 0.765789 0.0188609 0.0302632
0 0.528107 0.550329 0.0207101 0.0375
0 0.641457 0.529605 0.0114645 0.0223684
0 0.731324 0.719737 0.0196006 0.0486842
0 0.786797 0.765461 0.00776627 0.00855263
0 0.666605 0.646382 0.0122041 0.0256579
0 0.616124 0.794079 0.00221893 0.0144737
0 0.791975 0.71875 0.00258876 0.0138158
0 0.482249 0.305921 0.00147929 0.0131579
0 0.715976 0.5875 0.012574 0.0671053
0 0.754068 0.698684 0.00517751 0.0210526
0 0.695451 0.66875 0.00776627 0.0164474
0 0.45858 0.296711 0.00887574 0.0184211
0 0.478365 0.536842 0.00924556 0.0210526
0 0.733358 0.573026 0.00813609 0.0157895
0 0.478735 0.299013 0.0129438 0.0190789
0 0.490385 0.336184 0.00147929 0.0118421
0 0.433062 0.283882 0.00369822 0.0309211
0 0.437315 0.238487 0.00998521 0.0151316
0 0.403846 0.192105 0.00295858 0.0184211
0 0.482803 0.536513 0.0159024 0.0190789
0 0.626664 0.603947 0.00998521 0.0302632
0 0.450444 0.231908 0.00443787 0.0151316
0 0.711723 0.857566 0.0196006 0.0190789
0 0.47929 0.261184 0.0140533 0.0276316
0 0.528846 0.327303 0.0118343 0.0230263
0 0.729105 0.667105 0.0136834 0.0144737
0 0.449334 0.266447 0.00961538 0.0263158
0 0.695821 0.543421 0.0114645 0.0342105
0 0.329142 0.0621711 0.00813609 0.0230263
0 0.561575 0.707237 0.0247781 0.05
0 0.77034 0.801645 0.0258876 0.0203947
0 0.824889 0.762829 0.00998521 0.0203947
0 0.45784 0.330921 0.00295858 0.0144737
0 0.440459 0.298026 0.00369822 0.0289474
0 0.678624 0.699013 0.00887574 0.0217105
0 0.486501 0.520724 0.0144231 0.0309211
0 0.661243 0.781908 0.00961538 0.0138158
0 0.503143 0.30625 0.00776627 0.0230263
0 0.691383 0.749013 0.00702663 0.0151316
0 0.730769 0.652303 0.0199704 0.0559211
0 0.648114 0.594408 0.0188609 0.0493421
0 0.762019 0.786842 0.00480769 0.0144737
0 0.479105 0.371382 0.00998521 0.0256579
0 0.544749 0.699342 0.00517751 0.0118421
0 0.628883 0.608553 0.0181213 0.0263158
0 0.368898 0.151974 0.0232988 0.0368421
0 0.51128 0.322368 0.00998521 0.0157895
0 0.628513 0.581579 0.0033284 0.0210526
0 0.57378 0.581908 0.00702663 0.0164474
0 0.446376 0.252632 0.012574 0.0197368
0 0.716161 0.595395 0.00628698 0.0184211
0 0.658099 0.571711 0.00406805 0.0236842
0 0.400703 0.172368 0.0136834 0.0223684
0 0.655141 0.533882 0.00924556 0.0361842
0 0.608173 0.780263 0.00998521 0.0184211
0 0.524778 0.452632 0.00813609 0.0197368
0 0.56213 0.534539 0.00221893 0.0296053
0 0.561021 0.667434 0.0184911 0.0361842
0 0.66716 0.617105 0.012574 0.025
0 0.345229 0.114803 0.00184911 0.0203947
0 0.571376 0.557566 0.0133136 0.0203947
0 0.732803 0.755592 0.00776627 0.0164474
0 0.620192 0.58125 0.00813609 0.0243421
0 0.740754 0.833882 0.0273669 0.0256579
0 0.576553 0.638487 0.0214497 0.0296053
0 0.759985 0.749342 0.0214497 0.0447368
0 0.595969 0.646053 0.0144231 0.0197368
0 0.644786 0.736513 0.0033284 0.0138158
0 0.676036 0.622368 0.00813609 0.0355263
0 0.50943 0.617434 0.0210799 0.0480263
0 0.688979 0.55 0.0214497 0.0447368
0 0.726701 0.6 0.0199704 0.0565789
0 0.609837 0.613816 0.0192308 0.0539474
0 0.52182 0.517763 0.0266272 0.0144737
0 0.342271 0.104605 0.00776627 0.0210526
0 0.590791 0.575 0.00924556 0.0157895
0 0.895895 0.838816 0.00924556 0.0236842
0 0.473373 0.275658 0.00443787 0.0171053
0 0.574519 0.601974 0.00406805 0.0157895
0 0.649593 0.671382 0.00628698 0.0151316
0 0.390902 0.209868 0.00739645 0.0197368
0 0.68713 0.658882 0.0118343 0.0243421
0 0.491864 0.490461 0.0140533 0.0375
0 0.683617 0.652961 0.0203402 0.0361842
0 0.36372 0.141776 0.0144231 0.0375
0 0.51997 0.647039 0.0177515 0.0217105
0 0.504623 0.312829 0.016642 0.0296053
0 0.441753 0.253618 0.00776627 0.0151316
0 0.392012 0.216118 0.0184911 0.0269737
0 0.799741 0.793092 0.0151627 0.0203947
0 0.539386 0.631579 0.0203402 0.0592105
0 0.65625 0.601316 0.0203402 0.0578947
0 0.694342 0.728289 0.0210799 0.0407895
0 0.710244 0.683882 0.0247781 0.0532895
0 0.523114 0.343421 0.00480769 0.0144737
0 0.681028 0.771711 0.0129438 0.0447368
0 0.703587 0.818092 0.00850592 0.0151316
0 0.616494 0.802303 0.00887574 0.0203947
0 0.512759 0.327632 0.0188609 0.0302632
0 0.519786 0.365132 0.0144231 0.0223684
0 0.505362 0.386842 0.0255178 0.0368421
0 0.58247 0.700329 0.00961538 0.0190789
0 0.565089 0.675329 0.0221893 0.0611842
0 0.524778 0.578618 0.0192308 0.0282895
0 0.527367 0.603947 0.0258876 0.0539474
0 0.725222 0.795724 0.00443787 0.0138158
0 0.45821 0.238487 0.00147929 0.0177632
0 0.727441 0.703289 0.0214497 0.05
0 0.462648 0.260197 0.00517751 0.0151316
0 0.396265 0.148026 0.00776627 0.0302632
0 0.691753 0.578618 0.0136834 0.0414474
0 0.52034 0.408553 0.0214497 0.025
0 0.524223 0.446053 0.00258876 0.025
0 0.455067 0.246711 0.0240385 0.0381579
0 0.674556 0.699342 0.00739645 0.0171053
0 0.620377 0.750329 0.00702663 0.0151316
0 0.716716 0.652632 0.00961538 0.0197368
0 0.632766 0.689145 0.00887574 0.0203947
0 0.699334 0.725329 0.00887574 0.0138158
0 0.721524 0.566447 0.0118343 0.0355263
0 0.470414 0.325987 0.010355 0.0190789
0 0.403476 0.232237 0.00221893 0.0184211
0 0.566198 0.59375 0.00813609 0.0296053
0 0.612056 0.742434 0.00517751 0.0190789
0 0.732249 0.801645 0.00517751 0.0125
0 0.391457 0.194737 0.00480769 0.0131579
0 0.54142 0.400329 0.00813609 0.0217105
0 0.808987 0.829605 0.0114645 0.0263158
0 0.424926 0.285526 0.0147929 0.0289474
0 0.678994 0.751316 0.00887574 0.0144737
0 0.495562 0.305263 0.00591716 0.0184211
0 0.471524 0.280921 0.00739645 0.0223684
0 0.657729 0.735197 0.00406805 0.00855263
0 0.565828 0.647039 0.010355 0.0296053
0 0.521265 0.394079 0.016642 0.0276316
0 0.474667 0.298684 0.00998521 0.0157895
0 0.669749 0.743421 0.0236686 0.0421053
0 0.602441 0.704276 0.0207101 0.0493421
0 0.628698 0.825329 0.012574 0.0177632
0 0.512019 0.446711 0.00702663 0.0289474
0 0.492973 0.489474 0.0244083 0.0631579
0 0.725222 0.572697 0.00961538 0.0217105
0 0.475222 0.281579 0.012574 0.0236842
0 0.491309 0.379276 0.00850592 0.0309211
0 0.616309 0.637829 0.00998521 0.0190789
0 0.692123 0.823684 0.0129438 0.0210526
0 0.461723 0.238816 0.00184911 0.0157895
0 0.483358 0.489145 0.00739645 0.0309211
0 0.705806 0.735197 0.0218195 0.0440789
0 0.508136 0.357237 0.00591716 0.0210526
0 0.536797 0.581579 0.00924556 0.025
0 0.507396 0.416776 0.0184911 0.0203947
0 0.449334 0.319408 0.0140533 0.0243421
0 0.606879 0.75 0.0236686 0.0631579
0 0.584135 0.818092 0.0144231 0.0269737
0 0.689719 0.609211 0.0214497 0.0565789
0 0.436945 0.306579 0.00480769 0.0184211
0 0.349297 0.113487 0.00480769 0.0217105
0 0.816198 0.829934 0.0066568 0.0164474
0 0.524038 0.515132 0.00813609 0.0184211
0 0.587463 0.75 0.00628698 0.0210526
0 0.629623 0.634211 0.00998521 0.0276316
0 0.587093 0.726316 0.00998521 0.0197368
0 0.521635 0.327961 0.0210799 0.0625
0 0.392382 0.230592 0.00813609 0.0230263
0 0.596709 0.4625 0.0247781 0.0565789
0 0.466346 0.352632 0.00369822 0.0302632
0 0.467271 0.360526 0.00850592 0.0342105
0 0.604105 0.596382 0.0114645 0.0256579
0 0.634061 0.645066 0.0151627 0.0322368
0 0.590237 0.615789 0.0199704 0.05
0 0.674741 0.620066 0.00258876 0.0164474
0 0.552515 0.638816 0.0192308 0.0631579
0 0.691013 0.817434 0.00776627 0.0151316
0 0.533099 0.445724 0.0033284 0.0164474
0 0.632581 0.640461 0.00480769 0.0282895
0 0.58284 0.808553 0.00739645 0.0263158
0 0.632951 0.580921 0.00628698 0.0236842
0 0.522189 0.617105 0.0251479 0.0394737
0 0.582655 0.796053 0.0114645 0.0381579
0 0.45747 0.289803 0.00295858 0.0177632
0 0.625185 0.630592 0.0033284 0.0282895
0 0.482064 0.334868 0.00184911 0.0157895
0 0.483358 0.313487 0.00369822 0.0164474
0 0.708395 0.704605 0.0114645 0.0197368
0 0.536612 0.386184 0.00887574 0.0289474
0 0.357618 0.119737 0.00295858 0.0171053
0 0.606879 0.688816 0.0214497 0.0552632
0 0.518306 0.482895 0.0255178 0.0644737
0 0.706916 0.794737 0.0262574 0.0592105
0 0.579327 0.551645 0.00776627 0.0203947
0 0.337463 0.0700658 0.0114645 0.0296053
0 0.333025 0.0914474 0.0151627 0.0302632
0 0.362426 0.138487 0.00591716 0.0190789
0 0.420303 0.255592 0.00406805 0.0138158
0 0.491494 0.342434 0.0066568 0.0243421
0 0.82267 0.861513 0.0225592 0.0677632
0 0.60392 0.816776 0.0155325 0.0296053
0 0.5 0.348684 0.010355 0.0263158
0 0.562685 0.542434 0.0107249 0.0309211
0 0.607618 0.654934 0.0192308 0.0572368
0 0.898484 0.830263 0.026997 0.0302632
0 0.612796 0.750329 0.0118343 0.0269737
0 0.625925 0.604605 0.0218195 0.0565789
0 0.745562 0.668092 0.00591716 0.0217105
0 0.514053 0.596053 0.0273669 0.0486842
0 0.498891 0.34375 0.0199704 0.0677632
0 0.619823 0.838487 0.00813609 0.0282895
0 0.535688 0.475658 0.0247781 0.0578947
0 0.619268 0.777632 0.0240385 0.0618421
0 0.526257 0.551645 0.0281065 0.0651316
0 0.441753 0.305263 0.00998521 0.0236842
0 0.807877 0.823355 0.00480769 0.0177632
0 0.526812 0.669079 0.0240385 0.0592105
0 0.48909 0.521382 0.0255178 0.0598684
0 0.588203 0.322368 0.0262574 0.0486842
0 0.578587 0.807237 0.0033284 0.0289474
0 0.341531 0.0983553 0.00184911 0.0203947
0 0.407914 0.232237 0.0066568 0.0210526
0 0.76017 0.766118 0.0255178 0.0519737
0 0.71912 0.740132 0.0255178 0.0578947
0 0.751109 0.810197 0.022929 0.0519737
0 0.584504 0.79375 0.0255178 0.0901316
0 0.727626 0.793092 0.0247781 0.0348684
0 0.719305 0.719079 0.0221893 0.0539474
0 0.408284 0.253947 0.00517751 0.0210526
0 0.673262 0.580592 0.0203402 0.0664474
0 0.506472 0.536842 0.0247781 0.0394737
0 0.699149 0.633224 0.0218195 0.0703947
0 0.518676 0.565461 0.026997 0.0585526
0 0.741124 0.750329 0.022929 0.0598684
0 0.67807 0.654276 0.0196006 0.0664474
0 0.835614 0.809539 0.0218195 0.0690789
0 0.57193 0.528947 0.0255178 0.0605263
0 0.644601 0.765461 0.0244083 0.0625
0 0.581731 0.63125 0.0251479 0.0506579
0 0.526442 0.496711 0.0255178 0.0552632
0 0.433617 0.290789 0.00702663 0.0276316
0 0.543084 0.448026 0.0225592 0.0578947
0 0.690274 0.793421 0.0247781 0.0578947
0 0.51054 0.380592 0.0262574 0.0703947
0 0.777367 0.788158 0.0192308 0.0565789
0 0.706546 0.667105 0.0232988 0.05
0 0.476701 0.259539 0.0244083 0.0598684
0 0.686206 0.630263 0.0262574 0.0526316
0 0.598373 0.748355 0.0258876 0.0532895
0 0.623891 0.720724 0.0266272 0.0585526
0 0.677885 0.75625 0.0266272 0.0480263
0 0.655695 0.639145 0.0236686 0.0506579
0 0.497966 0.557895 0.0255178 0.0552632
0 0.743898 0.770724 0.0247781 0.0677632
0 0.523299 0.365789 0.0273669 0.0631579
0 0.519046 0.646053 0.0277367 0.0526316
0 0.627774 0.624013 0.0218195 0.0532895
0 0.480954 0.535855 0.0247781 0.0559211
0 0.831176 0.846711 0.0210799 0.0697368
0 0.643861 0.578289 0.0258876 0.0618421
0 0.644601 0.705263 0.0236686 0.0657895
0 0.769601 0.721382 0.0177515 0.0677632
0 0.594305 0.718421 0.0207101 0.0657895
0 0.781435 0.809868 0.0221893 0.0684211
0 0.711169 0.779605 0.0273669 0.0460526
0 0.506472 0.633224 0.0277367 0.0585526
0 0.644231 0.608882 0.0221893 0.0519737
0 0.523669 0.579934 0.0281065 0.0559211
0 0.569157 0.630263 0.0236686 0.0618421
0 0.715052 0.75625 0.0247781 0.0598684
0 0.714867 0.816118 0.0236686 0.0690789
0 0.639793 0.551645 0.0251479 0.0664474
0 0.594675 0.645724 0.0258876 0.0532895
0 0.681398 0.579934 0.0218195 0.0638158
0 0.418269 0.208882 0.0199704 0.0638158
0 0.710059 0.854276 0.0273669 0.0532895
0 0.718565 0.838487 0.0266272 0.0703947
0 0.317862 0.0555921 0.0255178 0.0493421
0 0.660688 0.677303 0.0225592 0.0480263
0 0.727256 0.669408 0.0247781 0.0664474
0 0.527367 0.34375 0.022929 0.0664474
0 0.632581 0.734868 0.0247781 0.0618421
0 0.823595 0.794079 0.0251479 0.0684211
0 0.443972 0.252303 0.0262574 0.0585526
0 0.73983 0.719408 0.0225592 0.0756579
0 0.722448 0.624342 0.0240385 0.0578947
0 0.73946 0.830921 0.0247781 0.0684211
0 0.651442 0.528289 0.0232988 0.0618421
0 0.810651 0.750658 0.0236686 0.0513158
0 0.397374 0.171053 0.026997 0.0618421
0 0.76091 0.727303 0.0218195 0.0717105
0 0.657175 0.803618 0.022929 0.0664474
0 0.790126 0.801974 0.0210799 0.0644737
0 0.556213 0.446382 0.0273669 0.0611842
0 0.669749 0.677303 0.022929 0.0638158
0 0.664386 0.615789 0.026997 0.0526316
0 0.776812 0.728618 0.0232988 0.0585526
0 0.447485 0.320724 0.0244083 0.0611842
0 0.669009 0.796053 0.0236686 0.0552632
0 0.5527 0.668092 0.0255178 0.0519737
0 0.668454 0.647039 0.0247781 0.0598684
0 0.518121 0.393421 0.0281065 0.0513158
0 0.393491 0.149013 0.0266272 0.0638158
0 0.744638 0.793092 0.0277367 0.0611842
0 0.795118 0.744408 0.0236686 0.0585526
0 0.549001 0.604276 0.0240385 0.0598684
0 0.535133 0.446053 0.0244083 0.0736842
0 0.409948 0.201316 0.0218195 0.0802632
0 0.606879 0.720066 0.0236686 0.0677632
0 0.831916 0.788158 0.0232988 0.0736842
0 0.568972 0.728618 0.0232988 0.0743421
0 0.639053 0.528289 0.0266272 0.0526316
0 0.703217 0.574013 0.0225592 0.0638158
0 0.51017 0.322039 0.0255178 0.0690789
0 0.423447 0.223026 0.0244083 0.0671053
0 0.498336 0.536184 0.0247781 0.0565789
0 0.59375 0.580592 0.0240385 0.0664474
0 0.372226 0.187171 0.0203402 0.0572368
0 0.815274 0.7875 0.0232988 0.0578947
0 0.372781 0.149671 0.0244083 0.0664474
0 0.535133 0.684211 0.0214497 0.0644737
0 0.543639 0.646053 0.0251479 0.0631579
0 0.844675 0.803947 0.0214497 0.0736842
0 0.723188 0.772039 0.0218195 0.0690789
0 0.63628 0.771382 0.0210799 0.0677632
0 0.602256 0.630263 0.0232988 0.075
0 0.435836 0.238487 0.0218195 0.0611842
0 0.714497 0.652303 0.0251479 0.0598684
0 0.693232 0.588158 0.0210799 0.0815789
0 0.305104 0.0493421 0.0281065 0.0473684
0 0.649223 0.780592 0.0240385 0.0585526
0 0.693787 0.543421 0.0221893 0.0815789
0 0.752404 0.698355 0.0232988 0.0690789
0 0.505917 0.418092 0.0251479 0.0611842
0 0.710614 0.63125 0.0232988 0.0598684
0 0.44804 0.269737 0.026997 0.0486842
0 0.682138 0.699013 0.0232988 0.0717105
0 0.63591 0.810526 0.0232988 0.0697368
0 0.330621 0.0921053 0.0281065 0.0618421
0 0.627034 0.794079 0.0240385 0.0657895
0 0.389793 0.194737 0.0244083 0.0763158
0 0.556768 0.611184 0.0247781 0.0671053
0 0.593935 0.676974 0.022929 0.0671053
0 0.840422 0.841118 0.0255178 0.0769737
0 0.447485 0.23125 0.0244083 0.0638158
0 0.543084 0.402303 0.0232988 0.0756579
0 0.694527 0.66875 0.0236686 0.0690789
0 0.640163 0.647039 0.0251479 0.0730263
0 0.681398 0.779934 0.0247781 0.0651316
0 0.301405 0.0253289 0.0258876 0.0467105
0 0.538831 0.604934 0.0266272 0.0625
0 0.782359 0.744737 0.0218195 0.0815789
0 0.577293 0.602632 0.0236686 0.0644737
0 0.464127 0.260526 0.0251479 0.0657895
0 0.65699 0.759211 0.0247781 0.0657895
0 0.380732 0.180263 0.0262574 0.0526316
0 0.593565 0.833553 0.0244083 0.0592105
0 0.827848 0.824671 0.0247781 0.0703947
0 0.707101 0.704934 0.0273669 0.0703947
0 0.68676 0.721382 0.0258876 0.0717105
0 0.644601 0.735526 0.0258876 0.0710526
0 0.473003 0.282237 0.0251479 0.0605263
0 0.402552 0.195395 0.0218195 0.0802632
0 0.752589 0.734868 0.0236686 0.0644737
0 0.893306 0.839803 0.0277367 0.0401316
0 0.567862 0.558553 0.0255178 0.0657895
0 0.535133 0.581579 0.0281065 0.0631579
0 0.768861 0.803289 0.0266272 0.0644737
0 0.389053 0.230921 0.0251479 0.0697368
0 0.698964 0.727961 0.0266272 0.0625
0 0.816383 0.744408 0.0210799 0.0730263
0 0.731694 0.624671 0.0218195 0.0703947
0 0.82304 0.765461 0.0218195 0.0743421
0 0.698964 0.773684 0.0266272 0.075
0 0.789386 0.721053 0.0240385 0.0631579
0 0.58247 0.699013 0.0266272 0.0559211
0 0.723188 0.795395 0.0262574 0.0723684
0 0.76091 0.787829 0.0255178 0.0625
0 0.657175 0.734868 0.0273669 0.0736842
0 0.476331 0.373355 0.0273669 0.0664474
0 0.564349 0.647039 0.0266272 0.0625
0 0.46912 0.328289 0.0262574 0.0618421
0 0.702293 0.817763 0.0258876 0.0671053
0 0.614645 0.802303 0.0258876 0.0572368
0 0.586169 0.727303 0.0273669 0.0572368
0 0.423817 0.276316 0.0236686 0.0697368
0 0.564164 0.594737 0.026997 0.0605263
0 0.606139 0.780592 0.0281065 0.0598684
0 0.455991 0.328618 0.0266272 0.0743421
0 0.580991 0.669737 0.0251479 0.0618421
0 0.617788 0.580921 0.026997 0.0763158
0 0.686206 0.661842 0.0247781 0.075
0 0.523114 0.514474 0.029216 0.0486842
0 0.335429 0.0690789 0.0251479 0.0631579
0 0.798632 0.766118 0.0247781 0.0782895
0 0.65588 0.573355 0.0247781 0.0743421
0 0.543824 0.699342 0.0240385 0.0684211
0 0.786243 0.766776 0.0236686 0.0756579
0 0.798632 0.794737 0.0277367 0.0631579
0 0.602256 0.595066 0.0262574 0.0690789
0 0.492788 0.305592 0.029216 0.0598684
0 0.715052 0.595395 0.0232988 0.0789474
0 0.731139 0.573026 0.0221893 0.0763158
0 0.584874 0.566447 0.0247781 0.0592105
0 0.690828 0.750329 0.0244083 0.0677632
0 0.674186 0.735526 0.0258876 0.0684211
0 0.648299 0.66875 0.0273669 0.0664474
0 0.439719 0.305592 0.0288462 0.0532895
0 0.731879 0.757895 0.0236686 0.0697368
0 0.631472 0.58125 0.026997 0.0703947
0 0.522374 0.448684 0.0284763 0.0592105
0 0.632027 0.691447 0.0281065 0.0539474
0 0.577108 0.811184 0.026997 0.0684211
0 0.481139 0.491776 0.0281065 0.0651316
0 0.732618 0.803289 0.0251479 0.0657895
0 0.347633 0.114803 0.0273669 0.0546053
0 0.586169 0.750658 0.0266272 0.0605263
0 0.661058 0.780921 0.0255178 0.0697368
0 0.619823 0.750987 0.0251479 0.0651316
0 0.615385 0.639803 0.0258876 0.0717105
0 0.673262 0.616776 0.026997 0.0703947
0 0.690089 0.818421 0.0273669 0.0684211
0 0.506102 0.357566 0.026997 0.0638158
0 0.488905 0.38125 0.0281065 0.0664474
0 0.465052 0.358553 0.0262574 0.0671053
0 0.627404 0.824671 0.0255178 0.0532895
0 0.509246 0.448355 0.0281065 0.0677632
0 0.489645 0.343092 0.0281065 0.0743421
0 0.815643 0.832566 0.0255178 0.0769737
0 0.576368 0.551316 0.0262574 0.0802632
0 0.673632 0.698684 0.0240385 0.0631579
0 0.534393 0.388487 0.0281065 0.0546053
0 0.723003 0.572368 0.0236686 0.0684211
0 0.559541 0.544408 0.0273669 0.0690789
0 0.632212 0.640461 0.0247781 0.0822368
0 0.481509 0.336842 0.0288462 0.0565789
0 0.5723 0.58125 0.026997 0.0638158
0 0.481139 0.312171 0.0273669 0.0717105
0 0.602441 0.817763 0.0266272 0.0671053
0 0.407729 0.231579 0.0284763 0.0618421
0 0.359652 0.1375 0.0284763 0.0657895
0 0.806953 0.825329 0.0258876 0.0703947
0 0.460059 0.239474 0.0258876 0.0657895
0 0.619638 0.840461 0.0277367 0.0546053
0 0.743343 0.669737 0.0266272 0.0684211
0 0.455991 0.292434 0.0266272 0.0717105
0 0.339127 0.0993421 0.0281065 0.0776316
0 0.419194 0.254276 0.0277367 0.0690789
0 0.431213 0.291118 0.0258876 0.0756579
0 0.405695 0.254934 0.0281065 0.0730263
