0 0.511719 0.719444 0.0317708 0.0259259
0 0.576823 0.681019 0.0119792 0.0305556
0 0.579427 0.665741 0.0109375 0.0203704
0 0.698177 0.66713 0.0130208 0.025
0 0.558073 0.86713 0.00572917 0.0157407
0 0.691667 0.755093 0.00625 0.0212963
0 0.521094 0.676852 0.0244792 0.0222222
0 0.429688 0.735648 0.0260417 0.0231481
0 0.63724 0.841204 0.0171875 0.0101852
0 0.674219 0.698611 0.00885417 0.0361111
0 0.771875 0.825463 0.0114583 0.0175926
0 0.570833 0.834259 0.00416667 0.0222222
0 0.76224 0.713889 0.0338542 0.0277778
0 0.591146 0.661574 0.0322917 0.025
0 0.770312 0.863889 0.0197917 0.0222222
0 0.641927 0.821296 0.00677083 0.0166667
0 0.671875 0.844444 0.0114583 0.0462963
0 0.638281 0.718518 0.00885417 0.0203704
0 0.558594 0.693981 0.0078125 0.0157407
0 0.477604 0.881944 0.0145833 0.0398148
0 0.679688 0.836111 0.00833333 0.0111111
0 0.521354 0.79537 0.025 0.0166667
0 0.629948 0.705093 0.00885417 0.025
0 0.626562 0.702778 0.009375 0.0111111
0 0.739062 0.769444 0.0135417 0.0611111
0 0.584115 0.668519 0.0286458 0.0277778
0 0.579427 0.71713 0.00677083 0.0101852
0 0.529427 0.754167 0.00572917 0.0175926
0 0.596615 0.805093 0.00677083 0.0157407
0 0.451562 0.68287 0.015625 0.0342593
0 0.766667 0.758796 0.0208333 0.0194444
0 0.733333 0.702778 0.00729167 0.0203704
0 0.566406 0.719907 0.0338542 0.012037
0 0.595573 0.689352 0.0223958 0.012037
0 0.709375 0.694907 0.00729167 0.0231481
0 0.591667 0.666204 0.00625 0.0138889
0 0.586198 0.662037 0.0171875 0.0185185
0 0.663542 0.828704 0.0375 0.037037
0 0.578125 0.689352 0.04375 0.0342593
0 0.491406 0.690278 0.0244792 0.0194444
0 0.521875 0.741204 0.00833333 0.0231481
0 0.658594 0.718518 0.00885417 0.0259259
0 0.567187 0.69537 0.00625 0.0203704
0 0.721094 0.734722 0.00677083 0.0157407
0 0.510417 0.710185 0.0145833 0.0407407
0 0.535677 0.70463 0.0151042 0.0314815
0 0.613281 0.668056 0.00677083 0.0212963
0 0.767969 0.846296 0.0119792 0.037037
0 0.500521 0.739815 0.00833333 0.0166667
0 0.708333 0.682407 0.0385417 0.0277778
0 0.754687 0.75 0.0302083 0.037037
0 0.608073 0.824537 0.0453125 0.0361111
0 0.62474 0.837963 0.0338542 0.0240741
0 0.579167 0.711574 0.025 0.0194444
0 0.559115 0.73287 0.00572917 0.0231481
0 0.476823 0.748611 0.0140625 0.0342593
0 0.741927 0.786111 0.00677083 0.012963
0 0.565625 0.662963 0.0270833 0.0259259
0 0.417448 0.854167 0.0203125 0.0157407
0 0.576563 0.64537 0.0135417 0.0388889
0 0.702865 0.673611 0.0130208 0.0398148
0 0.650521 0.741667 0.00625 0.0166667
0 0.557813 0.698148 0.0375 0.0314815
0 0.739323 0.726852 0.0161458 0.0296296
0 0.613021 0.755093 0.00729167 0.0231481
0 0.683594 0.793056 0.00677083 0.0157407
0 0.679688 0.731019 0.00625 0.012037
0 0.591146 0.885648 0.0260417 0.012037
0 0.635677 0.813889 0.0119792 0.0333333
0 0.671094 0.793056 0.00677083 0.0194444
0 0.542188 0.718982 0.00625 0.0194444
0 0.696094 0.690278 0.00677083 0.0175926
0 0.704427 0.733333 0.00677083 0.0185185
0 0.788281 0.796759 0.0161458 0.012037
0 0.51224 0.746296 0.00572917 0.012963
0 0.708854 0.824074 0.00625 0.0166667
0 0.604427 0.740278 0.00677083 0.0231481
0 0.677865 0.653241 0.00989583 0.037963
0 0.564323 0.733333 0.0130208 0.0314815
0 0.494792 0.868519 0.009375 0.0185185
0 0.591927 0.712037 0.0317708 0.0222222
0 0.572396 0.681019 0.0104167 0.0324074
0 0.74375 0.814815 0.0177083 0.012963
0 0.63125 0.653241 0.009375 0.0324074
0 0.671094 0.860185 0.0192708 0.012963
0 0.776563 0.743056 0.0104167 0.0231481
0 0.532812 0.679167 0.0291667 0.0305556
0 0.575781 0.702778 0.0119792 0.0240741
0 0.720833 0.771759 0.0322917 0.0212963
0 0.729167 0.698611 0.034375 0.0194444
0 0.528906 0.886574 0.00989583 0.00648148
0 0.5875 0.824074 0.0239583 0.0185185
0 0.536198 0.690741 0.0140625 0.0296296
0 0.625521 0.710185 0.00833333 0.0185185
0 0.681771 0.681481 0.0135417 0.0333333
0 0.539323 0.756019 0.0109375 0.0527778
0 0.623698 0.68287 0.0109375 0.0361111
0 0.694271 0.763426 0.0135417 0.037963
0 0.791146 0.795833 0.00625 0.0361111
0 0.774219 0.80787 0.0296875 0.0212963
0 0.51224 0.739352 0.00677083 0.0175926
0 0.590104 0.72037 0.00729167 0.037037
0 0.671354 0.871296 0.00833333 0.00740741
0 0.71901 0.696296 0.00989583 0.05
0 0.613542 0.660648 0.0104167 0.0398148
0 0.766667 0.787963 0.0166667 0.0203704
0 0.74974 0.698611 0.0286458 0.0194444
0 0.445052 0.844444 0.0244792 0.0314815
0 0.666667 0.706019 0.00625 0.0305556
0 0.667188 0.792593 0.00833333 0.0148148
0 0.628385 0.688889 0.00989583 0.0407407
0 0.532552 0.843518 0.00572917 0.0166667
0 0.583854 0.694907 0.00729167 0.0175926
0 0.666927 0.709722 0.0078125 0.0138889
0 0.7625 0.79213 0.00625 0.0138889
0 0.528906 0.713426 0.0223958 0.0157407
0 0.671875 0.813889 0.0114583 0.0240741
0 0.734635 0.681944 0.0119792 0.0453704
0 0.570833 0.749074 0.021875 0.00925926
0 0.558333 0.755093 0.00520833 0.0175926
0 0.354167 0.869444 0.04375 0.037037
0 0.83776 0.781944 0.0130208 0.0342593
0 0.669531 0.725463 0.00677083 0.037963
0 0.546094 0.738426 0.00677083 0.012037
0 0.622396 0.798611 0.0104167 0.0398148
0 0.519271 0.701852 0.0104167 0.0296296
0 0.529427 0.740278 0.0328125 0.0212963
0 0.552083 0.681944 0.0135417 0.0305556
0 0.50651 0.696759 0.0151042 0.0305556
0 0.660937 0.696296 0.0114583 0.0240741
0 0.73151 0.763426 0.0130208 0.037963
0 0.522917 0.747685 0.0135417 0.0342593
0 0.81276 0.770833 0.00885417 0.012037
0 0.570833 0.725463 0.0479167 0.0231481
0 0.686719 0.666667 0.00989583 0.0240741
0 0.589323 0.791667 0.0119792 0.0388889
0 0.533594 0.697685 0.0359375 0.0101852
0 0.557813 0.871296 0.0125 0.037037
0 0.691406 0.663426 0.0369792 0.0398148
0 0.645573 0.826852 0.0473958 0.0296296
0 0.510417 0.846759 0.0114583 0.0342593
0 0.846615 0.794444 0.0255208 0.0259259
0 0.695052 0.75 0.0109375 0.012963
0 0.629687 0.70463 0.0322917 0.0222222
0 0.59974 0.699537 0.0140625 0.0287037
0 0.791667 0.799074 0.00625 0.0166667
0 0.55026 0.806944 0.0213542 0.0194444
0 0.58724 0.690741 0.0265625 0.0240741
0 0.66276 0.718982 0.0244792 0.0194444
0 0.625521 0.818056 0.0125 0.025
0 0.497396 0.703241 0.0166667 0.0416667
0 0.747656 0.691204 0.00989583 0.0268519
0 0.479427 0.741204 0.0338542 0.0287037
0 0.596094 0.762037 0.0078125 0.0259259
0 0.833333 0.809722 0.015625 0.0231481
0 0.613021 0.720833 0.028125 0.0101852
0 0.652344 0.725 0.0119792 0.037037
0 0.754167 0.794907 0.03125 0.0157407
0 0.520312 0.670833 0.0135417 0.0138889
0 0.697917 0.799537 0.0114583 0.0342593
0 0.643229 0.843982 0.0135417 0.0490741
0 0.579687 0.694907 0.00729167 0.0175926
0 0.685938 0.69537 0.00625 0.0259259
0 0.5625 0.840278 0.0114583 0.00833333
0 0.469271 0.750926 0.0197917 0.0203704
0 0.589583 0.697685 0.0104167 0.037963
0 0.588021 0.665741 0.00729167 0.0148148
0 0.61875 0.792593 0.0114583 0.0314815
0 0.39349 0.969907 0.0130208 0.0342593
0 0.573438 0.783796 0.0114583 0.0324074
0 0.675521 0.805556 0.009375 0.012963
0 0.770312 0.85463 0.0177083 0.0222222
0 0.515885 0.787037 0.0140625 0.0259259
0 0.616927 0.756019 0.0276042 0.0138889
0 0.825 0.758333 0.00416667 0.0111111
0 0.679427 0.807407 0.00572917 0.0166667
0 0.57526 0.733796 0.0348958 0.0175926
0 0.739583 0.688889 0.0114583 0.0388889
0 0.6125 0.668056 0.0177083 0.025
0 0.669792 0.787037 0.00625 0.0314815
0 0.673698 0.651389 0.00989583 0.0398148
0 0.598958 0.755093 0.025 0.0231481
0 0.715365 0.711111 0.0192708 0.0444444
0 0.791667 0.804167 0.0125 0.0138889
0 0.488802 0.786574 0.0161458 0.0657407
0 0.642187 0.740278 0.00729167 0.025
0 0.479948 0.843518 0.0328125 0.0314815
0 0.754948 0.778704 0.0338542 0.0240741
0 0.64375 0.765278 0.015625 0.0361111
0 0.61875 0.668981 0.0145833 0.0305556
0 0.486719 0.749074 0.0161458 0.0185185
0 0.744792 0.780093 0.0208333 0.0138889
0 0.568229 0.650463 0.0145833 0.0453704
0 0.636979 0.676852 0.0229167 0.0240741
0 0.582552 0.761574 0.00677083 0.0287037
0 0.583854 0.77037 0.00729167 0.0185185
0 0.648177 0.756019 0.0046875 0.0268519
0 0.683073 0.830556 0.0203125 0.0111111
0 0.624479 0.765741 0.021875 0.0148148
0 0.526563 0.886574 0.0125 0.0398148
0 0.466146 0.710648 0.015625 0.012037
0 0.608854 0.740741 0.0291667 0.0111111
0 0.579167 0.725 0.00729167 0.0203704
0 0.515625 0.67037 0.0145833 0.0111111
0 0.558594 0.702778 0.00677083 0.0185185
0 0.695573 0.781018 0.0130208 0.0305556
0 0.577604 0.763426 0.0104167 0.0324074
0 0.695312 0.72037 0.00833333 0.0148148
0 0.552083 0.794444 0.0125 0.0388889
0 0.733594 0.799537 0.00989583 0.012037
0 0.557813 0.838426 0.0177083 0.00648148
0 0.652604 0.675926 0.009375 0.0314815
0 0.445833 0.695833 0.0145833 0.0231481
0 0.741406 0.722222 0.0161458 0.0148148
0 0.604167 0.690741 0.0197917 0.00925926
0 0.74349 0.681944 0.0151042 0.0361111
0 0.649219 0.711111 0.0223958 0.0111111
0 0.583333 0.74213 0.0302083 0.0157407
0 0.441406 0.706481 0.0151042 0.0240741
0 0.645573 0.743056 0.0286458 0.0101852
0 0.551823 0.695833 0.0119792 0.0398148
0 0.763542 0.800463 0.0385417 0.0324074
0 0.541667 0.696296 0.0322917 0.0240741
0 0.653906 0.684259 0.0255208 0.0148148
0 0.775781 0.816204 0.0203125 0.0175926
0 0.447135 0.719907 0.0151042 0.0324074
0 0.475521 0.717593 0.0239583 0.0148148
0 0.539844 0.688889 0.00989583 0.0351852
0 0.508594 0.771296 0.0307292 0.012963
0 0.54974 0.736574 0.0276042 0.012037
0 0.683073 0.785648 0.0078125 0.0175926
0 0.613021 0.653704 0.0260417 0.0259259
0 0.575521 0.77037 0.00833333 0.0222222
0 0.570833 0.725 0.00625 0.0259259
0 0.673177 0.674537 0.0109375 0.0472222
0 0.575521 0.77963 0.0302083 0.0222222
0 0.723177 0.696759 0.0140625 0.037963
0 0.546094 0.719907 0.0307292 0.012037
0 0.665104 0.650926 0.0114583 0.0388889
0 0.683594 0.73287 0.00677083 0.0194444
0 0.607552 0.793519 0.0296875 0.0203704
0 0.692448 0.792593 0.0161458 0.0314815
0 0.596354 0.733333 0.0333333 0.0240741
0 0.450521 0.862963 0.0166667 0.00925926
0 0.616927 0.833333 0.0151042 0.0111111
0 0.644271 0.668519 0.0125 0.0425926
0 0.81849 0.750926 0.00885417 0.0425926
0 0.727604 0.75463 0.0166667 0.0314815
0 0.688542 0.743056 0.021875 0.0212963
0 0.691146 0.698148 0.0208333 0.0259259
0 0.428646 0.846759 0.00625 0.025
0 0.565625 0.828704 0.00833333 0.0425926
0 0.613021 0.711574 0.025 0.0175926
0 0.623958 0.6625 0.0239583 0.0231481
0 0.654167 0.74213 0.0270833 0.012037
0 0.57474 0.727778 0.0255208 0.012963
0 0.566927 0.762037 0.0078125 0.0203704
0 0.504427 0.74213 0.0338542 0.0138889
0 0.529948 0.69537 0.00885417 0.0222222
0 0.735937 0.711111 0.0135417 0.0333333
0 0.645312 0.7875 0.0197917 0.012037
0 0.579687 0.697685 0.028125 0.0157407
0 0.476823 0.734722 0.0151042 0.0324074
0 0.438281 0.869444 0.0213542 0.0314815
0 0.575 0.837963 0.0427083 0.0240741
0 0.471615 0.716667 0.0078125 0.0259259
0 0.70599 0.756019 0.0119792 0.0490741
0 0.801562 0.793519 0.0114583 0.037037
0 0.821094 0.87037 0.0130208 0.0203704
0 0.704167 0.706481 0.0354167 0.0277778
0 0.639583 0.673148 0.0145833 0.05
0 0.832031 0.805093 0.00677083 0.0138889
0 0.575521 0.843982 0.025 0.0231481
0 0.6375 0.788426 0.0197917 0.012037
0 0.679948 0.816204 0.0317708 0.0212963
0 0.5 0.761111 0.0197917 0.0314815
0 0.55599 0.688426 0.00989583 0.025
0 0.616667 0.749074 0.0270833 0.0111111
0 0.497917 0.681944 0.0145833 0.0361111
0 0.551823 0.718982 0.0140625 0.0361111
0 0.582552 0.84537 0.0161458 0.05
0 0.46901 0.837963 0.0119792 0.0481481
0 0.738542 0.807407 0.0354167 0.0333333
0 0.571875 0.798148 0.0104167 0.037037
0 0.470313 0.684722 0.0208333 0.0287037
0 0.478385 0.711574 0.0265625 0.0138889
0 0.699479 0.662963 0.0302083 0.0277778
0 0.567448 0.84537 0.0203125 0.0185185
0 0.500521 0.726389 0.0333333 0.0194444
0 0.652344 0.75463 0.0109375 0.0351852
0 0.52474 0.757407 0.0234375 0.012963
0 0.708073 0.699537 0.0317708 0.0194444
0 0.484115 0.860648 0.0307292 0.0138889
0 0.616927 0.689352 0.0213542 0.0231481
0 0.659115 0.756019 0.0223958 0.025
0 0.663021 0.86713 0.009375 0.0324074
0 0.627083 0.793056 0.0145833 0.037963
0 0.65026 0.718056 0.0213542 0.0138889
0 0.614583 0.810648 0.0239583 0.0231481
0 0.622396 0.646296 0.0125 0.0314815
0 0.470833 0.845833 0.01875 0.0175926
0 0.745573 0.826389 0.0109375 0.012037
0 0.554948 0.861111 0.0192708 0.0148148
0 0.754427 0.84537 0.0265625 0.0148148
0 0.778385 0.809259 0.0140625 0.012963
0 0.678906 0.765278 0.0203125 0.0194444
0 0.613281 0.747685 0.00885417 0.0194444
0 0.676823 0.702315 0.0161458 0.0601852
0 0.61901 0.756019 0.0171875 0.037963
0 0.747656 0.776389 0.0171875 0.0342593
0 0.570833 0.748611 0.00729167 0.0212963
0 0.813021 0.786574 0.0125 0.0509259
0 0.522917 0.760185 0.0145833 0.0277778
0 0.75599 0.850926 0.0109375 0.0407407
0 0.635417 0.868519 0.0145833 0.0462963
0 0.648958 0.689352 0.0145833 0.0342593
0 0.52474 0.886111 0.0109375 0.00925926
0 0.717448 0.815278 0.0276042 0.0287037
0 0.504427 0.780093 0.0203125 0.012037
0 0.520573 0.689815 0.0265625 0.012963
0 0.614583 0.7625 0.0125 0.0490741
0 0.578906 0.843982 0.0286458 0.012037
0 0.599219 0.831019 0.00885417 0.012037
0 0.673437 0.799074 0.0125 0.0388889
0 0.626562 0.644907 0.0114583 0.0268519
0 0.646354 0.876852 0.0208333 0.0203704
0 0.501823 0.689352 0.0161458 0.0416667
0 0.523438 0.702315 0.009375 0.0305556
0 0.57526 0.877778 0.00989583 0.0111111
0 0.580469 0.785648 0.0161458 0.0342593
0 0.483333 0.839352 0.0166667 0.012037
0 0.65 0.845833 0.0166667 0.0194444
0 0.686458 0.674537 0.0135417 0.0305556
0 0.758594 0.831944 0.0151042 0.025
0 0.724219 0.714815 0.0317708 0.0240741
0 0.5125 0.739815 0.053125 0.0314815
0 0.591927 0.894444 0.0161458 0.0166667
0 0.604688 0.727315 0.0177083 0.0157407
0 0.623177 0.858796 0.0255208 0.0287037
0 0.504427 0.843982 0.0182292 0.0175926
0 0.525521 0.718518 0.03125 0.0185185
0 0.701823 0.710648 0.0161458 0.0287037
0 0.719271 0.702778 0.0125 0.0222222
0 0.61875 0.717593 0.015625 0.037037
0 0.595312 0.663426 0.0145833 0.012037
0 0.513021 0.725926 0.0239583 0.0148148
0 0.607031 0.831481 0.0171875 0.0407407
0 0.56901 0.780093 0.0140625 0.0398148
0 0.659635 0.799537 0.00885417 0.0509259
0 0.534115 0.846296 0.0119792 0.0148148
0 0.552604 0.756944 0.00729167 0.0101852
0 0.5 0.751389 0.0229167 0.0231481
0 0.623438 0.69537 0.015625 0.0388889
0 0.635677 0.725463 0.0130208 0.037963
0 0.654427 0.822685 0.0140625 0.0101852
0 0.807031 0.764815 0.0130208 0.0407407
0 0.761719 0.863889 0.0109375 0.012963
0 0.542969 0.681019 0.0151042 0.0324074
0 0.602604 0.7125 0.0114583 0.0453704
0 0.640885 0.651852 0.0140625 0.0351852
0 0.608594 0.763889 0.0234375 0.00925926
0 0.751042 0.868519 0.0302083 0.0277778
0 0.466927 0.718056 0.0265625 0.0175926
0 0.533854 0.733796 0.0291667 0.0175926
0 0.796094 0.765278 0.0338542 0.0287037
0 0.390625 0.855093 0.009375 0.0175926
0 0.507812 0.763426 0.01875 0.0101852
0 0.721094 0.809722 0.00364583 0.0287037
0 0.55 0.668981 0.0239583 0.0231481
0 0.682031 0.712037 0.0192708 0.0333333
0 0.677083 0.776389 0.0125 0.0305556
0 0.758073 0.721759 0.0255208 0.0268519
0 0.783073 0.752778 0.0140625 0.0111111
0 0.465885 0.871296 0.0182292 0.0259259
0 0.710156 0.793519 0.0140625 0.0296296
0 0.558854 0.731944 0.03125 0.0194444
0 0.583854 0.721296 0.015625 0.0166667
0 0.746094 0.831944 0.0255208 0.0157407
0 0.50599 0.741667 0.0171875 0.0481481
0 0.776823 0.764815 0.0161458 0.0388889
0 0.48125 0.71713 0.0166667 0.0453704
0 0.657812 0.662963 0.0302083 0.0259259
0 0.58099 0.681944 0.0119792 0.0361111
0 0.6875 0.838426 0.021875 0.025
0 0.650781 0.853241 0.0244792 0.0212963
0 0.571615 0.8375 0.0140625 0.0212963
0 0.775 0.705556 0.0177083 0.0259259
0 0.495833 0.85463 0.0125 0.0148148
0 0.504687 0.851389 0.0291667 0.0212963
0 0.53151 0.80787 0.0151042 0.0490741
0 0.472656 0.701389 0.0140625 0.0416667
0 0.415365 0.846296 0.0151042 0.0203704
0 0.623177 0.731944 0.0140625 0.0416667
0 0.658073 0.682407 0.0151042 0.0333333
0 0.683333 0.837963 0.0208333 0.012963
0 0.66901 0.674074 0.0119792 0.0351852
0 0.58724 0.84537 0.00885417 0.0203704
0 0.616146 0.682407 0.01875 0.0166667
0 0.819792 0.757407 0.00625 0.0148148
0 0.61224 0.866204 0.0244792 0.0157407
0 0.683333 0.800463 0.0208333 0.0194444
0 0.57474 0.793981 0.0119792 0.025
0 0.62474 0.831481 0.0255208 0.0166667
0 0.457552 0.7125 0.0151042 0.012037
0 0.702083 0.746759 0.0145833 0.0342593
0 0.485938 0.718982 0.01875 0.0324074
0 0.736979 0.793981 0.00833333 0.0472222
0 0.497656 0.852778 0.0161458 0.0314815
0 0.571354 0.7625 0.0270833 0.0138889
0 0.62526 0.772222 0.0286458 0.0148148
0 0.816146 0.764815 0.0177083 0.0185185
0 0.827865 0.80463 0.00572917 0.0166667
0 0.373698 0.852315 0.0161458 0.025
0 0.723958 0.803241 0.00729167 0.0175926
0 0.541927 0.809259 0.0151042 0.0425926
0 0.496875 0.880556 0.015625 0.0351852
0 0.420573 0.846296 0.0078125 0.0166667
0 0.470573 0.74213 0.0171875 0.012037
0 0.647917 0.770833 0.0166667 0.0268519
0 0.726302 0.816667 0.0182292 0.037037
0 0.458594 0.719444 0.0244792 0.0203704
0 0.697135 0.733796 0.0151042 0.0416667
0 0.629167 0.712963 0.0270833 0.0166667
0 0.553906 0.736111 0.0161458 0.0185185
0 0.746094 0.787037 0.0296875 0.0185185
0 0.73724 0.706481 0.0276042 0.0240741
0 0.522396 0.733796 0.0166667 0.0453704
0 0.579167 0.77037 0.0302083 0.012963
0 0.563021 0.75463 0.0291667 0.0166667
0 0.48151 0.844907 0.0119792 0.0342593
0 0.534115 0.7625 0.0255208 0.0212963
0 0.43724 0.852315 0.0078125 0.0212963
0 0.375 0.860185 0.0145833 0.0203704
0 0.579427 0.675463 0.0213542 0.0324074
0 0.707292 0.681944 0.015625 0.0435185
0 0.482552 0.751389 0.0130208 0.0361111
0 0.759635 0.771759 0.0182292 0.0305556
0 0.633594 0.855093 0.0078125 0.012037
0 0.701823 0.799074 0.0130208 0.0407407
0 0.594792 0.830556 0.00625 0.0185185
0 0.636458 0.654167 0.009375 0.0435185
0 0.649219 0.797222 0.0203125 0.0296296
0 0.727083 0.785185 0.0177083 0.0296296
0 0.580469 0.75463 0.0151042 0.0462963
0 0.657552 0.773148 0.0182292 0.012963
0 0.765625 0.76713 0.0166667 0.0194444
0 0.591927 0.70463 0.0213542 0.0166667
0 0.648698 0.650926 0.0119792 0.0462963
0 0.489844 0.709722 0.0192708 0.037963
0 0.46276 0.84537 0.0151042 0.0222222
0 0.579167 0.721759 0.0114583 0.0398148
0 0.586979 0.818056 0.0114583 0.0138889
0 0.4625 0.70787 0.0364583 0.0305556
0 0.591667 0.727778 0.0260417 0.012963
0 0.657031 0.652778 0.0109375 0.0481481
0 0.579427 0.660648 0.0286458 0.0138889
0 0.41276 0.852315 0.0192708 0.0268519
0 0.808594 0.862963 0.0109375 0.0111111
0 0.545313 0.736574 0.0125 0.0564815
0 0.670833 0.794907 0.03125 0.0138889
0 0.56224 0.75 0.0171875 0.00925926
0 0.607292 0.80787 0.0114583 0.0305556
0 0.797396 0.793056 0.0145833 0.0305556
0 0.633594 0.77963 0.0296875 0.0166667
0 0.55026 0.855093 0.0078125 0.0194444
0 0.751823 0.74213 0.0171875 0.0472222
0 0.590365 0.733333 0.0192708 0.037037
0 0.382552 0.853704 0.0161458 0.0203704
0 0.650781 0.831481 0.0244792 0.0185185
0 0.779688 0.699074 0.0208333 0.0537037
0 0.67526 0.706019 0.0244792 0.0175926
0 0.525521 0.862037 0.0208333 0.012963
0 0.803125 0.778704 0.0114583 0.0277778
0 0.558854 0.682407 0.01875 0.0277778
0 0.545833 0.757407 0.0125 0.00925926
0 0.4875 0.754167 0.0208333 0.0175926
0 0.715885 0.809259 0.0244792 0.0111111
0 0.596615 0.668056 0.0265625 0.0212963
0 0.491146 0.853704 0.0125 0.012963
0 0.642448 0.822222 0.0244792 0.0203704
0 0.700521 0.729167 0.00833333 0.0138889
0 0.49375 0.864815 0.00729167 0.0425926
0 0.744792 0.750926 0.01875 0.0222222
0 0.56224 0.866204 0.0255208 0.0194444
0 0.658333 0.838889 0.01875 0.0166667
0 0.51875 0.789815 0.0135417 0.0555556
0 0.528125 0.671759 0.0239583 0.0287037
0 0.648177 0.857407 0.0119792 0.0425926
0 0.695833 0.75787 0.028125 0.0212963
0 0.366406 0.8625 0.0161458 0.0212963
0 0.602865 0.852778 0.0171875 0.0444444
0 0.483333 0.852315 0.015625 0.0138889
0 0.70625 0.659722 0.0166667 0.0472222
0 0.772396 0.831019 0.0166667 0.0342593
0 0.603646 0.668981 0.009375 0.0416667
0 0.660937 0.830556 0.0208333 0.0259259
0 0.658333 0.811574 0.0260417 0.0305556
0 0.488281 0.690278 0.0182292 0.0472222
0 0.685938 0.727315 0.0125 0.0398148
0 0.554688 0.74213 0.0197917 0.0157407
0 0.707812 0.815741 0.0166667 0.0277778
0 0.535417 0.748148 0.0177083 0.0351852
0 0.84974 0.780093 0.00885417 0.0398148
0 0.581771 0.823148 0.0197917 0.0407407
0 0.685938 0.659259 0.0177083 0.0444444
0 0.595833 0.726389 0.0208333 0.0231481
0 0.707031 0.725 0.0119792 0.0444444
0 0.425781 0.853704 0.0182292 0.0351852
0 0.679948 0.847222 0.0130208 0.0111111
0 0.519792 0.854167 0.0145833 0.0101852
0 0.519531 0.710185 0.0161458 0.05
0 0.55651 0.816204 0.0171875 0.0416667
0 0.666927 0.75 0.0140625 0.0148148
0 0.688281 0.712037 0.0296875 0.0203704
0 0.603646 0.817593 0.00625 0.0148148
0 0.323958 0.937963 0.0104167 0.0222222
0 0.792448 0.832407 0.0203125 0.0314815
0 0.50026 0.77963 0.0151042 0.0222222
0 0.767448 0.800926 0.0244792 0.0203704
0 0.319531 0.937963 0.00572917 0.0222222
0 0.717969 0.785648 0.0161458 0.0416667
0 0.783854 0.830093 0.0260417 0.0324074
0 0.649479 0.824537 0.0208333 0.012037
0 0.703646 0.772685 0.025 0.025
0 0.820312 0.849074 0.009375 0.0185185
0 0.525521 0.853241 0.01875 0.025
0 0.845052 0.787037 0.0182292 0.0185185
0 0.63724 0.662037 0.0307292 0.0277778
0 0.65026 0.764352 0.0244792 0.0212963
0 0.566146 0.86713 0.015625 0.0361111
0 0.524219 0.773611 0.00885417 0.0138889
0 0.60651 0.756944 0.00989583 0.0472222
0 0.795573 0.781018 0.0140625 0.0231481
0 0.616927 0.7875 0.0244792 0.0212963
0 0.746094 0.721759 0.0255208 0.0231481
0 0.765885 0.823611 0.0161458 0.0194444
0 0.546354 0.763426 0.025 0.0138889
0 0.671094 0.711574 0.0140625 0.0194444
0 0.517187 0.747685 0.025 0.0194444
0 0.63776 0.79537 0.0223958 0.0166667
0 0.42526 0.727778 0.0140625 0.0240741
0 0.475521 0.690741 0.01875 0.0314815
0 0.536719 0.839352 0.00885417 0.0472222
0 0.575521 0.746759 0.0239583 0.0175926
0 0.541927 0.853241 0.0119792 0.0194444
0 0.814323 0.800926 0.0119792 0.0333333
0 0.67526 0.770833 0.0317708 0.0212963
0 0.763281 0.814815 0.0244792 0.0240741
0 0.583854 0.725926 0.021875 0.0166667
0 0.695833 0.851852 0.028125 0.0296296
0 0.479167 0.839352 0.0114583 0.0157407
0 0.59974 0.763426 0.0213542 0.0157407
0 0.525521 0.780556 0.0229167 0.0259259
0 0.741667 0.846296 0.021875 0.0203704
0 0.667188 0.823611 0.0197917 0.0212963
0 0.658594 0.778704 0.0213542 0.0148148
0 0.682031 0.84537 0.0161458 0.037037
0 0.610937 0.861111 0.0125 0.0314815
0 0.454948 0.696759 0.0182292 0.0453704
0 0.67526 0.737037 0.0119792 0.0148148
0 0.600521 0.80787 0.0208333 0.0157407
0 0.510156 0.733796 0.0151042 0.025
0 0.579427 0.869907 0.0171875 0.025
0 0.441406 0.846759 0.0078125 0.0194444
0 0.547396 0.705093 0.0166667 0.0472222
0 0.578125 0.839352 0.0114583 0.0509259
0 0.66875 0.659722 0.015625 0.0398148
0 0.602865 0.823148 0.0203125 0.0351852
0 0.566667 0.838426 0.0135417 0.0101852
0 0.696354 0.787037 0.021875 0.012963
0 0.774219 0.788426 0.0130208 0.0138889
0 0.608854 0.675926 0.0208333 0.0185185
0 0.685938 0.853241 0.0166667 0.0416667
0 0.600521 0.706944 0.0177083 0.0138889
0 0.616406 0.780556 0.0182292 0.0148148
0 0.669531 0.846296 0.0213542 0.0259259
0 0.71276 0.786574 0.0234375 0.0212963
0 0.471094 0.875926 0.0234375 0.0185185
0 0.632812 0.744444 0.0239583 0.0203704
0 0.732813 0.730556 0.021875 0.0277778
0 0.535156 0.852778 0.0192708 0.0425926
0 0.517708 0.793056 0.0333333 0.0287037
0 0.720573 0.727315 0.00989583 0.0435185
0 0.710156 0.77963 0.0109375 0.0314815
0 0.5875 0.669907 0.015625 0.0157407
0 0.690625 0.66713 0.0177083 0.0342593
0 0.777344 0.786111 0.0119792 0.0444444
0 0.700781 0.868981 0.0234375 0.0268519
0 0.566406 0.690741 0.0255208 0.0203704
0 0.677865 0.724537 0.0140625 0.037963
0 0.746094 0.810185 0.0161458 0.0148148
0 0.626823 0.658796 0.0151042 0.0416667
0 0.6 0.867593 0.0145833 0.0111111
0 0.582812 0.818056 0.00833333 0.0138889
0 0.591667 0.843982 0.00625 0.0212963
0 0.567708 0.697685 0.0177083 0.0231481
0 0.423438 0.839815 0.0104167 0.0407407
0 0.563281 0.704167 0.0244792 0.025
0 0.433333 0.852315 0.01875 0.0268519
0 0.632031 0.695833 0.0171875 0.0527778
0 0.603906 0.722222 0.0161458 0.0111111
0 0.581771 0.656944 0.0125 0.0416667
0 0.571354 0.818056 0.00208333 0.0175926
0 0.716146 0.76713 0.0166667 0.0231481
0 0.710938 0.741667 0.015625 0.0425926
0 0.6125 0.705093 0.0145833 0.012037
0 0.732292 0.696759 0.009375 0.0472222
0 0.803646 0.803704 0.0229167 0.0148148
0 0.574479 0.809259 0.00625 0.0203704
0 0.832552 0.77037 0.0046875 0.0259259
0 0.554427 0.763889 0.0203125 0.012963
0 0.763021 0.870833 0.015625 0.0194444
0 0.807552 0.77963 0.0140625 0.0351852
0 0.74349 0.801389 0.00885417 0.0416667
0 0.561198 0.771296 0.0078125 0.0111111
0 0.741146 0.825 0.00729167 0.0148148
0 0.733854 0.778704 0.0197917 0.0259259
0 0.520573 0.802315 0.0192708 0.0268519
0 0.829948 0.828241 0.0213542 0.0712963
0 0.533333 0.756019 0.0177083 0.0157407
0 0.68724 0.869907 0.0151042 0.0157407
0 0.595312 0.74213 0.0145833 0.0194444
0 0.470052 0.869907 0.0182292 0.0175926
0 0.573698 0.8625 0.00885417 0.0194444
0 0.545573 0.806944 0.00989583 0.0268519
0 0.572917 0.674537 0.015625 0.0490741
0 0.673698 0.682407 0.0182292 0.0537037
0 0.778646 0.751852 0.0125 0.0148148
0 0.657812 0.803241 0.0166667 0.0194444
0 0.53776 0.843982 0.0203125 0.0231481
0 0.854427 0.788426 0.0223958 0.0342593
0 0.6625 0.748148 0.0125 0.012963
0 0.715365 0.689815 0.0161458 0.05
0 0.510417 0.689352 0.0197917 0.0416667
0 0.68724 0.706481 0.0182292 0.0185185
0 0.59974 0.801389 0.0130208 0.0138889
0 0.645052 0.70463 0.0161458 0.0407407
0 0.566667 0.802315 0.00833333 0.0157407
0 0.516406 0.741204 0.0130208 0.0138889
0 0.664583 0.850463 0.0114583 0.0361111
0 0.599479 0.722685 0.0114583 0.0175926
0 0.546094 0.816667 0.0151042 0.0222222
0 0.436719 0.727315 0.0265625 0.0212963
0 0.600521 0.838426 0.0125 0.0175926
0 0.783073 0.788426 0.0078125 0.0212963
0 0.796354 0.801389 0.0229167 0.0175926
0 0.592188 0.764352 0.0166667 0.025
0 0.625 0.868056 0.00625 0.0194444
0 0.628385 0.809722 0.0078125 0.0138889
0 0.613021 0.837963 0.0229167 0.0259259
0 0.516406 0.809722 0.0213542 0.0231481
0 0.708854 0.824537 0.0135417 0.0231481
0 0.297656 0.879167 0.0182292 0.0175926
0 0.757292 0.861574 0.00833333 0.0231481
0 0.742448 0.829167 0.0140625 0.0361111
0 0.578385 0.8625 0.0130208 0.0175926
0 0.458073 0.845833 0.0151042 0.0138889
0 0.563281 0.806481 0.0130208 0.0277778
0 0.696094 0.861574 0.0223958 0.0287037
0 0.691667 0.730093 0.0114583 0.0268519
0 0.554167 0.853241 0.009375 0.0138889
0 0.7625 0.79537 0.0135417 0.0185185
0 0.803125 0.854167 0.003125 0.0157407
0 0.771875 0.794444 0.0104167 0.0314815
0 0.594271 0.683333 0.0166667 0.05
0 0.619271 0.858796 0.00520833 0.0194444
0 0.55625 0.728241 0.0166667 0.0509259
0 0.775521 0.793981 0.0166667 0.0212963
0 0.786719 0.826389 0.0046875 0.0175926
0 0.394792 0.853704 0.009375 0.0277778
0 0.68724 0.786111 0.0234375 0.0203704
0 0.73776 0.800926 0.0244792 0.0166667
0 0.564323 0.659722 0.0151042 0.0509259
0 0.56276 0.777778 0.0161458 0.0166667
0 0.564844 0.72037 0.0182292 0.037037
0 0.596615 0.8375 0.00989583 0.0231481
0 0.739844 0.839352 0.0161458 0.0268519
0 0.609375 0.65 0.0177083 0.05
0 0.638021 0.763889 0.0166667 0.0240741
0 0.693229 0.701852 0.015625 0.0574074
0 0.679427 0.807407 0.0203125 0.0185185
0 0.608073 0.816667 0.0140625 0.0240741
0 0.677083 0.660648 0.015625 0.0509259
0 0.671615 0.74213 0.0213542 0.0342593
0 0.351562 0.861111 0.0229167 0.0277778
0 0.654948 0.868519 0.0307292 0.0444444
0 0.641406 0.815278 0.0192708 0.0194444
0 0.347135 0.86713 0.0203125 0.0157407
0 0.6625 0.809259 0.0125 0.0166667
0 0.569792 0.868981 0.0125 0.0157407
0 0.708333 0.735648 0.0197917 0.0212963
0 0.720833 0.736111 0.021875 0.0222222
0 0.61224 0.781482 0.0192708 0.0222222
0 0.661719 0.681944 0.0161458 0.0509259
0 0.822656 0.828704 0.0182292 0.0555556
0 0.572135 0.793519 0.0171875 0.0574074
0 0.815625 0.860185 0.0114583 0.0185185
0 0.645573 0.865741 0.0171875 0.0166667
0 0.752604 0.793056 0.0166667 0.0546296
0 0.76875 0.860185 0.025 0.05
0 0.58776 0.851389 0.0119792 0.0231481
0 0.491667 0.878241 0.00416667 0.012037
0 0.644271 0.784259 0.0166667 0.0481481
0 0.403906 0.852315 0.0161458 0.0287037
0 0.763021 0.832407 0.00833333 0.0240741
0 0.766667 0.795833 0.0114583 0.0157407
0 0.557552 0.699537 0.0151042 0.037963
0 0.630208 0.674537 0.0177083 0.0398148
0 0.666667 0.737037 0.0104167 0.0203704
0 0.733854 0.837037 0.0197917 0.0259259
0 0.528906 0.843982 0.0171875 0.0157407
0 0.673958 0.840741 0.00520833 0.0148148
0 0.522135 0.879167 0.0203125 0.0435185
0 0.745833 0.861111 0.00729167 0.0185185
0 0.629427 0.751852 0.0244792 0.0259259
0 0.789323 0.758796 0.0171875 0.037963
0 0.76276 0.809259 0.0119792 0.0296296
0 0.683854 0.877778 0.015625 0.0296296
0 0.632552 0.839352 0.0171875 0.0194444
0 0.815885 0.811574 0.0151042 0.0194444
0 0.571875 0.695833 0.01875 0.0490741
0 0.661198 0.741667 0.0130208 0.0462963
0 0.571094 0.874537 0.00989583 0.0157407
0 0.813281 0.772685 0.0151042 0.0324074
0 0.615104 0.807407 0.0208333 0.0537037
0 0.629687 0.814352 0.0125 0.0194444
0 0.75026 0.861111 0.00885417 0.0240741
0 0.654167 0.802778 0.0135417 0.0296296
0 0.547135 0.666667 0.0192708 0.0518519
0 0.751562 0.837963 0.015625 0.0240741
0 0.708333 0.846759 0.0104167 0.0231481
0 0.352604 0.879167 0.01875 0.0194444
0 0.723958 0.7125 0.0208333 0.0583333
0 0.520052 0.773148 0.00885417 0.0185185
0 0.704427 0.844907 0.00885417 0.0287037
0 0.697917 0.658796 0.0166667 0.0509259
0 0.53099 0.731481 0.0192708 0.0537037
0 0.666406 0.859259 0.00572917 0.0185185
0 0.594531 0.809259 0.0213542 0.037037
0 0.497917 0.72037 0.01875 0.0481481
0 0.666667 0.867593 0.0104167 0.0203704
0 0.59375 0.843982 0.01875 0.0361111
0 0.697656 0.688426 0.0182292 0.0472222
0 0.660417 0.717593 0.0177083 0.0518519
0 0.640365 0.689815 0.0213542 0.0462963
0 0.759375 0.86713 0.0125 0.0305556
0 0.42474 0.844444 0.0151042 0.0203704
0 0.611719 0.832407 0.0140625 0.0185185
0 0.602865 0.689352 0.0171875 0.0527778
0 0.60599 0.738889 0.0203125 0.0555556
0 0.733073 0.830093 0.0130208 0.025
0 0.816667 0.867593 0.0166667 0.0259259
0 0.652083 0.739352 0.01875 0.0435185
0 0.433073 0.844907 0.0078125 0.0194444
0 0.640625 0.717593 0.01875 0.0555556
0 0.585938 0.778704 0.0208333 0.0388889
0 0.672656 0.816667 0.0182292 0.0351852
0 0.727344 0.697222 0.0182292 0.0574074
0 0.555729 0.680556 0.01875 0.0481481
0 0.65651 0.836111 0.0203125 0.0481481
0 0.629687 0.860648 0.015625 0.0268519
0 0.539062 0.697222 0.0177083 0.0611111
0 0.422656 0.727315 0.0223958 0.0527778
0 0.623438 0.769444 0.0208333 0.0537037
0 0.728385 0.773148 0.0151042 0.0407407
0 0.580729 0.69537 0.0177083 0.0574074
0 0.620573 0.86713 0.0109375 0.0231481
0 0.761719 0.823148 0.0109375 0.0296296
0 0.695312 0.718982 0.009375 0.075
0 0.767448 0.831944 0.0130208 0.025
0 0.68099 0.799074 0.0151042 0.0425926
0 0.75651 0.77037 0.0182292 0.0611111
0 0.592188 0.852315 0.0125 0.0268519
0 0.741927 0.878241 0.0255208 0.0268519
0 0.53151 0.696296 0.0182292 0.05
0 0.699479 0.818519 0.0125 0.0203704
0 0.590365 0.756481 0.0109375 0.0166667
0 0.586198 0.765278 0.0171875 0.0287037
0 0.321615 0.943519 0.0213542 0.0203704
0 0.575521 0.816667 0.0114583 0.0148148
0 0.586198 0.662037 0.0109375 0.0666667
0 0.75651 0.831019 0.0244792 0.037963
0 0.683073 0.868519 0.0109375 0.0259259
0 0.64349 0.740278 0.0213542 0.0527778
0 0.71901 0.846296 0.0182292 0.05
0 0.54349 0.717593 0.0203125 0.0574074
0 0.771875 0.698148 0.0229167 0.0462963
0 0.853646 0.781018 0.00833333 0.0342593
0 0.664583 0.814352 0.0166667 0.0527778
0 0.747917 0.696296 0.0177083 0.0592593
0 0.804427 0.860648 0.00989583 0.0194444
0 0.671094 0.736574 0.0119792 0.0212963
0 0.660156 0.774537 0.0182292 0.0657407
0 0.5875 0.893056 0.0197917 0.0287037
0 0.574219 0.837963 0.0161458 0.0703704
0 0.694271 0.843982 0.0177083 0.0564815
0 0.791667 0.826389 0.009375 0.0212963
0 0.695833 0.726389 0.009375 0.0175926
0 0.723177 0.8 0.0130208 0.0425926
0 0.697135 0.824074 0.0119792 0.0351852
0 0.630729 0.775463 0.0197917 0.0509259
0 0.683854 0.735185 0.01875 0.0185185
0 0.622656 0.82963 0.0213542 0.0407407
0 0.752865 0.844444 0.0213542 0.05
0 0.685677 0.740741 0.0213542 0.0407407
0 0.725781 0.809722 0.0109375 0.0212963
0 0.513802 0.724537 0.0192708 0.0527778
0 0.708854 0.854167 0.0166667 0.025
0 0.501302 0.734259 0.0171875 0.0462963
0 0.653385 0.681944 0.0203125 0.0509259
0 0.472396 0.718982 0.021875 0.0361111
0 0.681771 0.7625 0.01875 0.0472222
0 0.572656 0.726389 0.0182292 0.0601852
0 0.832812 0.77963 0.0125 0.0351852
0 0.784115 0.794444 0.0151042 0.0240741
0 0.764063 0.704167 0.0208333 0.0564815
0 0.527083 0.717593 0.0177083 0.0611111
0 0.509375 0.854167 0.0177083 0.0472222
0 0.675781 0.84537 0.0109375 0.0203704
0 0.706771 0.696759 0.0197917 0.0490741
0 0.741927 0.869444 0.00989583 0.0185185
0 0.828385 0.778241 0.00885417 0.0361111
0 0.815104 0.838889 0.00416667 0.0203704
0 0.829948 0.862963 0.0213542 0.0407407
0 0.442708 0.705556 0.021875 0.0444444
0 0.656771 0.659722 0.0197917 0.0638889
0 0.577083 0.660185 0.0197917 0.0555556
0 0.473177 0.683796 0.0244792 0.0583333
0 0.527083 0.668056 0.01875 0.0638889
0 0.622917 0.666667 0.015625 0.0481481
0 0.627344 0.711111 0.0213542 0.0574074
0 0.497135 0.772685 0.0192708 0.0601852
0 0.517708 0.66713 0.0197917 0.0509259
0 0.557031 0.8375 0.0213542 0.0601852
0 0.51901 0.689352 0.0192708 0.0527778
0 0.445312 0.8625 0.0135417 0.0212963
0 0.522396 0.755556 0.0197917 0.0666667
0 0.632552 0.843982 0.0234375 0.0453704
0 0.50651 0.764815 0.0213542 0.0518519
0 0.615365 0.681019 0.0192708 0.0564815
0 0.723437 0.673148 0.0208333 0.0537037
0 0.614583 0.746759 0.01875 0.0453704
0 0.589063 0.703241 0.0208333 0.0509259
0 0.463542 0.719444 0.0208333 0.037037
0 0.75651 0.711574 0.0182292 0.0509259
0 0.744531 0.785648 0.0203125 0.0546296
0 0.60651 0.762963 0.0192708 0.0648148
0 0.793229 0.7625 0.0208333 0.0638889
0 0.495833 0.873611 0.00833333 0.0157407
0 0.610937 0.785185 0.0229167 0.0462963
0 0.692969 0.783796 0.0213542 0.0527778
0 0.560417 0.749074 0.0208333 0.0611111
0 0.598437 0.702778 0.021875 0.0611111
0 0.776823 0.815278 0.0182292 0.0527778
0 0.64974 0.719444 0.0203125 0.0537037
0 0.501302 0.852315 0.0140625 0.0546296
0 0.56875 0.762963 0.0208333 0.0518519
0 0.577083 0.771296 0.0197917 0.0537037
0 0.816927 0.845833 0.00885417 0.0287037
0 0.51849 0.853704 0.0213542 0.0481481
0 0.821615 0.755556 0.0213542 0.05
0 0.715365 0.808333 0.0203125 0.0611111
0 0.435156 0.727315 0.0255208 0.0453704
0 0.610156 0.867593 0.0203125 0.05
0 0.476823 0.8375 0.0223958 0.062037
0 0.736979 0.868981 0.00833333 0.0212963
0 0.372396 0.860648 0.025 0.0287037
0 0.635417 0.792593 0.0197917 0.0537037
0 0.744271 0.754167 0.0208333 0.0490741
0 0.438802 0.84537 0.0182292 0.0611111
0 0.565625 0.69213 0.01875 0.0694444
0 0.610156 0.703241 0.0182292 0.0564815
0 0.455729 0.714352 0.0197917 0.0472222
0 0.759375 0.808333 0.021875 0.0518519
0 0.673698 0.769444 0.0213542 0.0574074
0 0.669531 0.793519 0.0203125 0.0592593
0 0.472396 0.740741 0.021875 0.0481481
0 0.764323 0.764815 0.0192708 0.0611111
0 0.409896 0.846759 0.021875 0.0583333
0 0.805729 0.77963 0.021875 0.0592593
0 0.651823 0.859722 0.0171875 0.0675926
0 0.73125 0.73287 0.0229167 0.0583333
0 0.296875 0.877315 0.025 0.0342593
0 0.628646 0.853241 0.00625 0.0194444
0 0.468229 0.84537 0.0197917 0.0666667
0 0.572917 0.747685 0.0229167 0.0527778
0 0.652344 0.762963 0.0192708 0.0555556
0 0.552083 0.740278 0.021875 0.0583333
0 0.514063 0.808796 0.01875 0.0601852
0 0.635677 0.660648 0.0182292 0.0638889
0 0.485677 0.757407 0.0234375 0.062963
0 0.49375 0.756019 0.021875 0.0564815
0 0.685417 0.836574 0.0208333 0.062037
0 0.74349 0.717593 0.0203125 0.062963
0 0.648698 0.824074 0.0192708 0.0703704
0 0.594271 0.725926 0.021875 0.0574074
0 0.602344 0.718982 0.0234375 0.0657407
0 0.597656 0.867593 0.0223958 0.0574074
0 0.635417 0.761574 0.0197917 0.0472222
0 0.714323 0.762963 0.0223958 0.05
0 0.710417 0.787037 0.021875 0.0537037
0 0.701823 0.768981 0.0213542 0.0527778
0 0.735677 0.703704 0.0203125 0.0666667
0 0.801042 0.802778 0.0229167 0.05
0 0.627083 0.748148 0.0239583 0.0611111
0 0.660156 0.748611 0.0234375 0.0564815
0 0.586979 0.816204 0.0229167 0.0768519
0 0.797917 0.785185 0.0208333 0.0555556
0 0.598177 0.762963 0.0213542 0.062963
0 0.594271 0.666667 0.021875 0.0685185
0 0.694271 0.755093 0.021875 0.0657407
0 0.38099 0.855556 0.0234375 0.05
0 0.66901 0.711574 0.0203125 0.0546296
0 0.480729 0.854167 0.0208333 0.0527778
0 0.46849 0.868981 0.0234375 0.0601852
0 0.775781 0.749074 0.0244792 0.0351852
0 0.363802 0.8625 0.0265625 0.0361111
0 0.561198 0.869444 0.0203125 0.0518519
0 0.773438 0.786111 0.0208333 0.0759259
0 0.581771 0.725463 0.0208333 0.062037
0 0.560938 0.807407 0.021875 0.0537037
0 0.585938 0.668056 0.021875 0.0731481
0 0.60651 0.672685 0.0203125 0.062037
0 0.697656 0.860648 0.0151042 0.0657407
0 0.660156 0.80787 0.0192708 0.075
0 0.545052 0.764815 0.0223958 0.0537037
0 0.577344 0.860648 0.0213542 0.0694444
0 0.73125 0.777778 0.0229167 0.0592593
0 0.518229 0.771296 0.025 0.062963
0 0.351042 0.875 0.0239583 0.0407407
0 0.684896 0.786111 0.021875 0.0574074
0 0.490104 0.854167 0.0197917 0.0694444
0 0.677344 0.808796 0.0234375 0.0564815
0 0.530469 0.756944 0.0223958 0.062037
0 0.719271 0.733796 0.0239583 0.0601852
0 0.552865 0.762963 0.0223958 0.0648148
0 0.559896 0.703704 0.021875 0.0648148
0 0.814062 0.769444 0.0239583 0.0611111
0 0.74375 0.80787 0.021875 0.0564815
0 0.84375 0.788889 0.0229167 0.0611111
0 0.652344 0.800926 0.0234375 0.0611111
0 0.825521 0.802778 0.0239583 0.05
0 0.54375 0.853704 0.0208333 0.0703704
0 0.318229 0.937037 0.0260417 0.0240741
0 0.740104 0.824074 0.021875 0.0611111
0 0.735937 0.801852 0.0229167 0.0574074
0 0.585156 0.888426 0.0265625 0.0583333
0 0.75625 0.867593 0.0260417 0.0555556
0 0.514583 0.742593 0.0239583 0.0611111
0 0.640625 0.816667 0.0229167 0.0722222
0 0.564844 0.837963 0.0223958 0.0666667
0 0.560677 0.778704 0.0255208 0.062963
0 0.68151 0.866667 0.0234375 0.0648148
0 0.598437 0.837037 0.0229167 0.0648148
0 0.686198 0.705556 0.0203125 0.0611111
0 0.707812 0.823611 0.0229167 0.0638889
0 0.401302 0.853704 0.0244792 0.0537037
0 0.456771 0.846759 0.0239583 0.0583333
0 0.79349 0.801389 0.0223958 0.0675926
0 0.527344 0.84537 0.0244792 0.0648148
0 0.66849 0.733333 0.0234375 0.0685185
0 0.644792 0.868519 0.0229167 0.0555556
0 0.573958 0.814352 0.0260417 0.062037
0 0.707031 0.73287 0.0234375 0.0657407
0 0.422135 0.845833 0.0234375 0.0564815
0 0.60651 0.814815 0.0244792 0.0592593
0 0.627083 0.814352 0.021875 0.0675926
0 0.598177 0.800463 0.0213542 0.0657407
0 0.698438 0.82037 0.0239583 0.0648148
0 0.814062 0.869444 0.0260417 0.0537037
0 0.443229 0.859259 0.025 0.0407407
0 0.544271 0.816667 0.021875 0.0666667
0 0.589844 0.756481 0.0234375 0.0666667
0 0.764844 0.793056 0.0203125 0.0694444
0 0.552604 0.853241 0.021875 0.0638889
0 0.68151 0.734259 0.0244792 0.0722222
0 0.664323 0.867593 0.0234375 0.0574074
0 0.731771 0.831019 0.0239583 0.0638889
0 0.610677 0.830556 0.0234375 0.0685185
0 0.830729 0.780093 0.025 0.0638889
0 0.430469 0.846296 0.0234375 0.0703704
0 0.569531 0.875926 0.0244792 0.0574074
0 0.851823 0.781018 0.0244792 0.0694444
0 0.673958 0.838889 0.0208333 0.062963
0 0.78125 0.793056 0.0229167 0.0657407
0 0.723958 0.80787 0.0260417 0.0638889
0 0.764583 0.830093 0.0270833 0.0601852
0 0.69349 0.725926 0.0234375 0.0814815
0 0.590104 0.853704 0.0239583 0.062963
0 0.813281 0.846296 0.0265625 0.0444444
0 0.392708 0.85463 0.0229167 0.05
0 0.789062 0.821759 0.0260417 0.0601852
0 0.619531 0.868981 0.0255208 0.0583333
0 0.814062 0.810185 0.0260417 0.0537037
0 0.801823 0.860648 0.0265625 0.0527778
0 0.70651 0.852315 0.0234375 0.0583333
0 0.748177 0.859722 0.0244792 0.0731481
0 0.735937 0.868056 0.0270833 0.0694444
0 0.49401 0.875926 0.0265625 0.0481481
0 0.628125 0.853704 0.0270833 0.0740741
