0 0.574479 0.425926 0.0229167 0.0240741
0 0.754167 0.278704 0.0114583 0.0444444
0 0.732031 0.255556 0.0265625 0.0222222
0 0.595312 0.239352 0.01875 0.0287037
0 0.602604 0.475926 0.015625 0.0425926
0 0.853906 0.472685 0.00364583 0.0194444
0 0.373177 0.46713 0.00572917 0.0305556
0 0.695312 0.151852 0.00416667 0.0296296
0 0.733594 0.223611 0.0213542 0.0231481
0 0.616406 0.306019 0.00677083 0.0157407
0 0.683073 0.158796 0.0119792 0.0212963
0 0.488281 0.462037 0.0223958 0.012963
0 0.567969 0.364352 0.0161458 0.0287037
0 0.374479 0.626389 0.00625 0.00648148
0 0.532031 0.613426 0.0015625 0.0138889
0 0.620833 0.403704 0.01875 0.0240741
0 0.395052 0.526852 0.00885417 0.0148148
0 0.413021 0.550926 0.0135417 0.0203704
0 0.650521 0.255093 0.0166667 0.0416667
0 0.703906 0.222222 0.0161458 0.0148148
0 0.336979 0.544444 0.0166667 0.0333333
0 0.7125 0.105556 0.0104167 0.0166667
0 0.445312 0.581481 0.0104167 0.0388889
0 0.711458 0.180093 0.00416667 0.0194444
0 0.735677 0.152315 0.0119792 0.012037
0 0.51901 0.380556 0.0192708 0.0166667
0 0.407552 0.714352 0.0119792 0.0138889
0 0.602604 0.423611 0.0177083 0.0342593
0 0.407552 0.604167 0.0046875 0.0101852
0 0.402604 0.525926 0.0114583 0.012963
0 0.39375 0.612963 0.00729167 0.00740741
0 0.794271 0.296296 0.01875 0.012963
0 0.696094 0.325926 0.0182292 0.0185185
0 0.48724 0.527778 0.0140625 0.00925926
0 0.45651 0.415741 0.0171875 0.0481481
0 0.66875 0.453704 0.0260417 0.0388889
0 0.765625 0.189352 0.0104167 0.0175926
0 0.430208 0.493981 0.0145833 0.037963
0 0.679427 0.241204 0.00885417 0.0287037
0 0.727865 0.35787 0.0161458 0.0175926
0 0.703385 0.407407 0.0328125 0.0222222
0 0.465885 0.529167 0.0130208 0.0175926
0 0.657292 0.468056 0.01875 0.0175926
0 0.691927 0.285648 0.0119792 0.0212963
0 0.801562 0.406481 0.0125 0.0611111
0 0.741406 0.373148 0.0078125 0.0148148
0 0.573438 0.520833 0.00625 0.0305556
0 0.741406 0.262963 0.0015625 0.0185185
0 0.60026 0.386574 0.0171875 0.0157407
0 0.558333 0.363426 0.028125 0.012037
0 0.658333 0.225 0.0125 0.0148148
0 0.674219 0.301852 0.00989583 0.0166667
0 0.26224 0.823148 0.00885417 0.0555556
0 0.677604 0.476852 0.0177083 0.0388889
0 0.397917 0.609259 0.00729167 0.012963
0 0.658333 0.300926 0.0166667 0.0166667
0 0.55026 0.344907 0.00677083 0.00648148
0 0.645573 0.225926 0.0182292 0.0166667
0 0.898958 0.366204 0.00416667 0.012037
0 0.47526 0.494444 0.0078125 0.037037
0 0.732292 0.249537 0.00416667 0.0194444
0 0.40625 0.466204 0.00833333 0.0268519
0 0.631771 0.323148 0.00625 0.0185185
0 0.586979 0.305556 0.00416667 0.0148148
0 0.307552 0.692593 0.0151042 0.012963
0 0.570052 0.32963 0.00677083 0.012963
0 0.645833 0.188426 0.0104167 0.0175926
0 0.799479 0.395833 0.00208333 0.0287037
0 0.716406 0.35463 0.0223958 0.0203704
0 0.595833 0.175463 0.009375 0.012037
0 0.777865 0.17963 0.00572917 0.0166667
0 0.728646 0.30463 0.009375 0.0222222
0 0.581771 0.506019 0.021875 0.0657407
0 0.434635 0.609722 0.0171875 0.0398148
0 0.590625 0.363889 0.01875 0.0185185
0 0.892448 0.632407 0.0223958 0.0111111
0 0.698698 0.269907 0.0119792 0.0231481
0 0.554167 0.492593 0.01875 0.0166667
0 0.532812 0.550926 0.0125 0.0111111
0 0.625 0.108333 0.0114583 0.0166667
0 0.636198 0.197222 0.0213542 0.0259259
0 0.536979 0.445833 0.00833333 0.0342593
0 0.560677 0.541667 0.0244792 0.0481481
0 0.441667 0.589352 0.00208333 0.00648148
0 0.783333 0.221759 0.0135417 0.0212963
0 0.54974 0.483796 0.0151042 0.0361111
0 0.580469 0.406944 0.0203125 0.037963
0 0.566146 0.319444 0.00520833 0.0166667
0 0.632552 0.106944 0.0140625 0.0305556
0 0.604167 0.386574 0.0104167 0.012037
0 0.692187 0.231019 0.01875 0.0175926
0 0.595052 0.30463 0.0109375 0.0166667
0 0.620052 0.444444 0.00989583 0.0111111
0 0.782812 0.216667 0.009375 0.012963
0 0.661458 0.327778 0.00729167 0.0240741
0 0.670313 0.356944 0.003125 0.0268519
0 0.486979 0.490741 0.00520833 0.0314815
0 0.533073 0.401852 0.0244792 0.00925926
0 0.320052 0.648148 0.00260417 0.0166667
0 0.598698 0.2375 0.0192708 0.0175926
0 0.727604 0.364815 0.0208333 0.0111111
0 0.37474 0.47963 0.0140625 0.0240741
0 0.358333 0.55787 0.003125 0.0138889
0 0.665104 0.137963 0.003125 0.0166667
0 0.591146 0.164815 0.003125 0.0148148
0 0.6625 0.336111 0.0114583 0.012963
0 0.578385 0.363889 0.0015625 0.012963
0 0.644531 0.277315 0.00677083 0.0305556
0 0.565885 0.241667 0.0234375 0.0185185
0 0.38724 0.552778 0.00677083 0.0111111
0 0.590625 0.357407 0.0125 0.0333333
0 0.644531 0.284722 0.0140625 0.0231481
0 0.852604 0.331944 0.00520833 0.0175926
0 0.553385 0.534722 0.0046875 0.0231481
0 0.607552 0.45463 0.00677083 0.0222222
0 0.645833 0.143519 0.009375 0.0166667
0 0.574479 0.173148 0.03125 0.037037
0 0.76875 0.20787 0.00729167 0.0324074
0 0.47474 0.689352 0.0130208 0.0305556
0 0.616406 0.209259 0.00885417 0.0203704
0 0.607292 0.353241 0.00520833 0.0175926
0 0.58724 0.253704 0.0119792 0.0240741
0 0.611719 0.128704 0.0140625 0.0481481
0 0.658333 0.218981 0.00729167 0.0175926
0 0.905729 0.465741 0.00729167 0.0111111
0 0.725 0.131481 0.0177083 0.0259259
0 0.491927 0.534259 0.0140625 0.0407407
0 0.674479 0.572222 0.01875 0.0240741
0 0.891406 0.456481 0.0286458 0.0166667
0 0.903385 0.473148 0.00677083 0.012963
0 0.436458 0.57963 0.00104167 0.0314815
0 0.617708 0.300926 0.0177083 0.0333333
0 0.683073 0.475926 0.0307292 0.0240741
0 0.471615 0.576389 0.0286458 0.0435185
0 0.854427 0.458333 0.0192708 0.0425926
0 0.636719 0.375 0.0265625 0.0185185
0 0.778906 0.321759 0.00260417 0.012037
0 0.698958 0.277315 0.0177083 0.0157407
0 0.574219 0.52963 0.00572917 0.0111111
0 0.796094 0.530093 0.0140625 0.0194444
0 0.733073 0.297685 0.00572917 0.0175926
0 0.37474 0.55 0.0119792 0.05
0 0.788021 0.253241 0.0125 0.0231481
0 0.803125 0.427315 0.0104167 0.0194444
0 0.7 0.356481 0.0177083 0.0203704
0 0.754167 0.386111 0.00729167 0.0185185
0 0.519792 0.386111 0.01875 0.012963
0 0.6125 0.359259 0.0135417 0.0166667
0 0.341406 0.757407 0.0223958 0.0296296
0 0.794531 0.523611 0.00885417 0.0138889
0 0.555208 0.550926 0.0177083 0.0333333
0 0.828906 0.393981 0.00572917 0.0509259
0 0.765885 0.390278 0.00885417 0.0361111
0 0.74401 0.1875 0.0182292 0.0231481
0 0.639844 0.628241 0.0151042 0.0157407
0 0.698438 0.423611 0.0145833 0.0194444
0 0.692448 0.477315 0.0234375 0.0324074
0 0.674219 0.484722 0.0140625 0.0194444
0 0.536719 0.465278 0.00572917 0.0287037
0 0.695052 0.179167 0.0171875 0.0138889
0 0.721094 0.106481 0.0223958 0.0240741
0 0.674479 0.492593 0.028125 0.0240741
0 0.519792 0.440278 0.00208333 0.025
0 0.796875 0.30463 0.0104167 0.0648148
0 0.842448 0.280093 0.0119792 0.037963
0 0.400521 0.475463 0.0166667 0.0231481
0 0.324479 0.587037 0.0229167 0.0203704
0 0.757552 0.468519 0.0203125 0.00740741
0 0.648177 0.420833 0.00572917 0.0194444
0 0.645573 0.470833 0.0109375 0.0583333
0 0.578125 0.314815 0.009375 0.0185185
0 0.5 0.475926 0.0177083 0.0166667
0 0.570833 0.365278 0.01875 0.0138889
0 0.725 0.416667 0.0291667 0.0203704
0 0.554167 0.310648 0.009375 0.0175926
0 0.774479 0.31713 0.003125 0.0194444
0 0.797396 0.434259 0.01875 0.0425926
0 0.586719 0.312963 0.0140625 0.012963
0 0.48724 0.534259 0.0307292 0.0148148
0 0.665625 0.1 0.01875 0.0203704
0 0.815365 0.204167 0.0265625 0.0361111
0 0.807292 0.30463 0.0145833 0.0222222
0 0.339583 0.543519 0.009375 0.0148148
0 0.532031 0.393981 0.0151042 0.0157407
0 0.516667 0.448611 0.003125 0.0138889
0 0.424219 0.602778 0.0046875 0.0203704
0 0.620313 0.306019 0.015625 0.0138889
0 0.60651 0.189815 0.00885417 0.0222222
0 0.798177 0.526852 0.0109375 0.0462963
0 0.56224 0.528704 0.00260417 0.0240741
0 0.708594 0.1125 0.0151042 0.0157407
0 0.62526 0.453241 0.0130208 0.0101852
0 0.441146 0.425 0.00729167 0.0203704
0 0.786719 0.47037 0.00364583 0.0259259
0 0.6625 0.268519 0.0114583 0.0203704
0 0.683073 0.373611 0.00572917 0.00833333
0 0.46224 0.446296 0.0015625 0.0259259
0 0.458073 0.579167 0.00364583 0.00833333
0 0.582031 0.268981 0.0130208 0.0231481
0 0.420052 0.526389 0.0130208 0.0138889
0 0.611458 0.195833 0.0197917 0.0231481
0 0.55026 0.541667 0.0046875 0.0388889
0 0.525 0.475926 0.00625 0.0185185
0 0.675521 0.454167 0.015625 0.0212963
0 0.390625 0.455093 0.00520833 0.0268519
0 0.58125 0.527778 0.00520833 0.0333333
0 0.636719 0.423611 0.00885417 0.0305556
0 0.711979 0.470833 0.0135417 0.0157407
0 0.608854 0.357407 0.0239583 0.0333333
0 0.645833 0.197685 0.0135417 0.0194444
0 0.277083 0.680093 0.0114583 0.0268519
0 0.711458 0.187037 0.00833333 0.0148148
0 0.695833 0.320833 0.009375 0.0194444
0 0.588281 0.481019 0.0161458 0.0212963
0 0.323958 0.641667 0.00416667 0.0259259
0 0.773958 0.230093 0.00729167 0.0157407
0 0.360677 0.634259 0.0046875 0.00555556
0 0.717448 0.268519 0.0140625 0.0240741
0 0.603385 0.305093 0.00677083 0.0212963
0 0.761719 0.0791667 0.0453125 0.0842593
0 0.720573 0.284259 0.0182292 0.0185185
0 0.648698 0.0939815 0.0046875 0.0231481
0 0.742188 0.129167 0.0166667 0.0231481
0 0.746094 0.240278 0.0119792 0.0212963
0 0.742188 0.491204 0.00416667 0.025
0 0.670052 0.45 0.00260417 0.00925926
0 0.454167 0.494444 0.003125 0.012963
0 0.454427 0.587037 0.00364583 0.0222222
0 0.314583 0.671296 0.0135417 0.0203704
0 0.73724 0.506944 0.0078125 0.0157407
0 0.490625 0.395833 0.0197917 0.0194444
0 0.583594 0.311574 0.0046875 0.0212963
0 0.731771 0.3625 0.0208333 0.0361111
0 0.684375 0.334259 0.00833333 0.0388889
0 0.804167 0.24213 0.00520833 0.0175926
0 0.69974 0.145833 0.00260417 0.0194444
0 0.624479 0.443056 0.00729167 0.012037
0 0.579427 0.321296 0.0119792 0.0166667
0 0.552344 0.399537 0.0119792 0.0157407
0 0.378646 0.65787 0.00416667 0.00648148
0 0.761198 0.281944 0.0223958 0.0194444
0 0.74974 0.180093 0.0151042 0.0231481
0 0.71224 0.23287 0.00572917 0.0194444
0 0.670052 0.404167 0.0161458 0.0138889
0 0.313542 0.514815 0.0166667 0.0351852
0 0.521094 0.52963 0.0140625 0.0574074
0 0.603906 0.311111 0.0151042 0.012963
0 0.654427 0.165741 0.00364583 0.0296296
0 0.703385 0.400463 0.0213542 0.0268519
0 0.324219 0.581481 0.0078125 0.0185185
0 0.578646 0.131481 0.0114583 0.0314815
0 0.691146 0.461574 0.00416667 0.0342593
0 0.386979 0.526389 0.015625 0.062037
0 0.545313 0.493519 0.0125 0.0111111
0 0.674479 0.366204 0.00833333 0.012037
0 0.532812 0.62037 0.00416667 0.0240741
0 0.597135 0.416667 0.0151042 0.0407407
0 0.769792 0.321296 0.00416667 0.0111111
0 0.552865 0.405556 0.0182292 0.00925926
0 0.766406 0.247222 0.00677083 0.0148148
0 0.749479 0.12037 0.003125 0.0296296
0 0.391667 0.615278 0.009375 0.0194444
0 0.477604 0.6875 0.0135417 0.0509259
0 0.670833 0.143056 0.0114583 0.0138889
0 0.30625 0.686574 0.0104167 0.0138889
0 0.404167 0.709259 0.0177083 0.0203704
0 0.775521 0.422685 0.0166667 0.0212963
0 0.557813 0.310185 0.0114583 0.0185185
0 0.619792 0.261574 0.0104167 0.0194444
0 0.682292 0.200926 0.015625 0.0148148
0 0.745833 0.299537 0.025 0.0194444
0 0.733073 0.214352 0.0151042 0.0212963
0 0.707812 0.106019 0.0104167 0.0194444
0 0.665625 0.403241 0.0135417 0.0194444
0 0.630208 0.322222 0.01875 0.0222222
0 0.771615 0.396296 0.0130208 0.012963
0 0.632552 0.328704 0.0171875 0.0166667
0 0.754948 0.452778 0.0078125 0.037037
0 0.85651 0.387037 0.00677083 0.0166667
0 0.782031 0.180556 0.0161458 0.0185185
0 0.733073 0.432407 0.0161458 0.0148148
0 0.467187 0.573611 0.00625 0.0157407
0 0.890365 0.45 0.0161458 0.00925926
0 0.44974 0.586111 0.0161458 0.0148148
0 0.641146 0.314815 0.00208333 0.037037
0 0.724479 0.406944 0.0322917 0.0212963
0 0.632292 0.196759 0.00833333 0.0231481
0 0.595312 0.490741 0.00208333 0.0111111
0 0.790885 0.478241 0.0109375 0.0194444
0 0.623438 0.408796 0.0177083 0.012037
0 0.42474 0.490278 0.00364583 0.0212963
0 0.45 0.684722 0.0229167 0.0268519
0 0.790625 0.414815 0.0125 0.0333333
0 0.542448 0.285185 0.0161458 0.0222222
0 0.553646 0.454167 0.003125 0.0194444
0 0.845833 0.279167 0.00625 0.0212963
0 0.608073 0.114352 0.0171875 0.0231481
0 0.384635 0.556481 0.0119792 0.0666667
0 0.628385 0.327315 0.00885417 0.025
0 0.565885 0.174074 0.0151042 0.0185185
0 0.328385 0.564815 0.0046875 0.0240741
0 0.554167 0.342593 0.0114583 0.00740741
0 0.71224 0.239815 0.0151042 0.0166667
0 0.340104 0.548611 0.015625 0.00833333
0 0.365104 0.54213 0.00833333 0.0194444
0 0.513021 0.454167 0.009375 0.0212963
0 0.619792 0.354167 0.0208333 0.075
0 0.429167 0.593982 0.0177083 0.0398148
0 0.369792 0.558796 0.00208333 0.012037
0 0.678385 0.234259 0.00364583 0.0240741
0 0.657552 0.159722 0.00572917 0.0138889
0 0.821094 0.239815 0.0151042 0.0388889
0 0.69375 0.582407 0.0135417 0.0222222
0 0.539583 0.425463 0.021875 0.0398148
0 0.741406 0.233333 0.00364583 0.0240741
0 0.782812 0.186574 0.0229167 0.0231481
0 0.781771 0.306944 0.0177083 0.0398148
0 0.611198 0.45463 0.0119792 0.00925926
0 0.535677 0.637037 0.0171875 0.0481481
0 0.720573 0.312963 0.00260417 0.0148148
0 0.369792 0.624537 0.00729167 0.00462963
0 0.7625 0.352778 0.0114583 0.0185185
0 0.657552 0.1375 0.00989583 0.025
0 0.836719 0.261111 0.0130208 0.0203704
0 0.769531 0.329167 0.0296875 0.0175926
0 0.681771 0.194907 0.00833333 0.0231481
0 0.598177 0.341204 0.0223958 0.0472222
0 0.46276 0.584722 0.00260417 0.0231481
0 0.779427 0.291667 0.0140625 0.0277778
0 0.627865 0.460185 0.00989583 0.0444444
0 0.364583 0.548611 0.0166667 0.0175926
0 0.786198 0.425463 0.0119792 0.0287037
0 0.514583 0.453704 0.0125 0.062963
0 0.76901 0.230556 0.00364583 0.012963
0 0.277344 0.800463 0.0109375 0.0416667
0 0.345052 0.662963 0.0182292 0.00740741
0 0.653906 0.143981 0.0130208 0.0194444
0 0.374479 0.656944 0.00729167 0.0175926
0 0.58724 0.512963 0.0119792 0.0222222
0 0.611979 0.352315 0.0145833 0.0212963
0 0.35 0.647222 0.00625 0.0111111
0 0.403646 0.618981 0.0114583 0.0138889
0 0.757812 0.423611 0.00208333 0.0157407
0 0.561979 0.197222 0.0104167 0.0203704
0 0.649479 0.100463 0.015625 0.0175926
0 0.653646 0.138889 0.00833333 0.0203704
0 0.810156 0.209259 0.0119792 0.0296296
0 0.69974 0.123148 0.0109375 0.0240741
0 0.558073 0.534722 0.0046875 0.037963
0 0.639323 0.237963 0.0223958 0.0537037
0 0.511719 0.393519 0.00677083 0.0277778
0 0.7375 0.202315 0.00416667 0.0138889
0 0.666406 0.492593 0.0234375 0.0148148
0 0.670313 0.300463 0.00625 0.025
0 0.484375 0.427315 0.00833333 0.0416667
0 0.495573 0.475463 0.0078125 0.00833333
0 0.683073 0.330093 0.000520833 0.0157407
0 0.482812 0.565278 0.00520833 0.0231481
0 0.414062 0.64213 0.003125 0.0268519
0 0.608073 0.106944 0.0109375 0.0287037
0 0.683594 0.380093 0.0130208 0.0138889
0 0.269531 0.681481 0.0255208 0.0314815
0 0.766927 0.254167 0.0223958 0.0305556
0 0.661719 0.261574 0.0078125 0.025
0 0.786719 0.247685 0.00677083 0.0231481
0 0.69401 0.172685 0.0130208 0.0268519
0 0.733594 0.30463 0.0140625 0.0166667
0 0.541406 0.492593 0.00677083 0.0185185
0 0.661979 0.198148 0.01875 0.0277778
0 0.541927 0.27963 0.00989583 0.0166667
0 0.546354 0.364352 0.0145833 0.0194444
0 0.595573 0.0990741 0.0130208 0.0296296
0 0.610937 0.447685 0.00416667 0.0175926
0 0.560677 0.2125 0.0234375 0.0231481
0 0.665885 0.425 0.00572917 0.0203704
0 0.264583 0.687037 0.003125 0.0148148
0 0.769792 0.135648 0.0177083 0.0231481
0 0.724219 0.174074 0.0015625 0.0166667
0 0.786979 0.304167 0.025 0.0212963
0 0.771354 0.2375 0.0135417 0.025
0 0.746094 0.468056 0.0151042 0.0194444
0 0.740885 0.151389 0.0046875 0.0101852
0 0.666667 0.35787 0.0229167 0.0212963
0 0.586198 0.218519 0.00677083 0.0222222
0 0.586198 0.195833 0.0234375 0.0675926
0 0.765104 0.087037 0.0166667 0.0351852
0 0.726042 0.215278 0.0114583 0.025
0 0.679167 0.408796 0.0145833 0.0231481
0 0.728906 0.463889 0.00364583 0.0148148
0 0.547917 0.290741 0.0166667 0.0611111
0 0.348698 0.640278 0.00260417 0.00648148
0 0.477604 0.564815 0.00416667 0.0314815
0 0.582552 0.394907 0.00260417 0.0157407
0 0.728906 0.455093 0.0161458 0.0268519
0 0.628646 0.469444 0.0135417 0.0111111
0 0.558854 0.460648 0.01875 0.025
0 0.415885 0.541667 0.00572917 0.0166667
0 0.528906 0.48287 0.0161458 0.0194444
0 0.68724 0.32963 0.00572917 0.0148148
0 0.58125 0.219444 0.00729167 0.0240741
0 0.623438 0.402315 0.009375 0.0212963
0 0.723698 0.36713 0.0182292 0.037963
0 0.523958 0.433333 0.00208333 0.0296296
0 0.624479 0.469907 0.00416667 0.012037
0 0.795313 0.41713 0.00520833 0.025
0 0.541406 0.183796 0.0119792 0.0342593
0 0.611719 0.40787 0.0140625 0.00833333
0 0.410417 0.648611 0.0135417 0.0305556
0 0.742188 0.240278 0.00729167 0.0287037
0 0.641406 0.196759 0.0078125 0.0231481
0 0.803906 0.433796 0.0203125 0.0212963
0 0.836719 0.254167 0.00677083 0.0231481
0 0.732552 0.464352 0.0078125 0.0157407
0 0.645573 0.452315 0.0182292 0.0157407
0 0.686979 0.469444 0.00625 0.0222222
0 0.620313 0.107407 0.0145833 0.0166667
0 0.778646 0.388889 0.00208333 0.0203704
0 0.39974 0.616204 0.00677083 0.0138889
0 0.740625 0.421296 0.0104167 0.0166667
0 0.703125 0.216204 0.0197917 0.0194444
0 0.658854 0.334722 0.0135417 0.025
0 0.740885 0.414815 0.0078125 0.0314815
0 0.631771 0.424074 0.0208333 0.0351852
0 0.727865 0.523148 0.0119792 0.0240741
0 0.72526 0.319444 0.00989583 0.0148148
0 0.566146 0.327315 0.00520833 0.0175926
0 0.560938 0.175 0.009375 0.0166667
0 0.373437 0.473611 0.00833333 0.0157407
0 0.645052 0.1375 0.00364583 0.0175926
0 0.516146 0.481944 0.00729167 0.0287037
0 0.511458 0.552315 0.01875 0.0194444
0 0.728646 0.136574 0.003125 0.0231481
0 0.673958 0.256481 0.003125 0.0148148
0 0.354167 0.566204 0.00833333 0.0138889
0 0.765365 0.215741 0.0078125 0.0185185
0 0.636719 0.099537 0.00572917 0.0268519
0 0.582292 0.358796 0.00208333 0.0231481
0 0.415104 0.648611 0.009375 0.0194444
0 0.383594 0.536574 0.00364583 0.0212963
0 0.744531 0.485185 0.00364583 0.0148148
0 0.711458 0.424074 0.0239583 0.0185185
0 0.732552 0.501389 0.00260417 0.0157407
0 0.741927 0.158796 0.0130208 0.0138889
0 0.436198 0.524074 0.00260417 0.0111111
0 0.735417 0.209259 0.0239583 0.0296296
0 0.542448 0.453241 0.0119792 0.025
0 0.566667 0.358796 0.00416667 0.0194444
0 0.779427 0.32963 0.00885417 0.0148148
0 0.728646 0.172685 0.003125 0.0212963
0 0.386198 0.460648 0.00677083 0.0268519
0 0.779167 0.253704 0.00625 0.012963
0 0.491927 0.498148 0.0140625 0.0166667
0 0.799479 0.230556 0.00208333 0.0333333
0 0.711198 0.463426 0.0078125 0.0138889
0 0.60026 0.496759 0.00885417 0.0157407
0 0.666146 0.219907 0.0145833 0.0342593
0 0.428646 0.485648 0.003125 0.0212963
0 0.504687 0.437963 0.0135417 0.0240741
0 0.515885 0.490278 0.0182292 0.0194444
0 0.536458 0.475 0.015625 0.012963
0 0.445312 0.418981 0.00729167 0.025
0 0.741667 0.120833 0.009375 0.0287037
0 0.636979 0.106944 0.0114583 0.025
0 0.669792 0.137037 0.00625 0.0203704
0 0.420052 0.593982 0.00364583 0.0212963
0 0.68724 0.128241 0.00885417 0.0231481
0 0.525 0.535648 0.0135417 0.0212963
0 0.742708 0.298148 0.009375 0.0277778
0 0.715885 0.446296 0.0151042 0.0388889
0 0.269531 0.694444 0.00885417 0.0222222
0 0.786719 0.298148 0.0130208 0.0277778
0 0.586458 0.397685 0.003125 0.0138889
0 0.832292 0.261111 0.00833333 0.0148148
0 0.540885 0.3875 0.0046875 0.0305556
0 0.511979 0.446296 0.00520833 0.0166667
0 0.72474 0.143981 0.0109375 0.0212963
0 0.71224 0.328241 0.00260417 0.0194444
0 0.449219 0.677778 0.0119792 0.0185185
0 0.652604 0.415741 0.00625 0.0222222
0 0.384115 0.556481 0.0109375 0.0240741
0 0.332812 0.570833 0.0166667 0.025
0 0.775781 0.327315 0.00572917 0.0194444
0 0.746354 0.268519 0.0114583 0.0240741
0 0.445573 0.5 0.00989583 0.037037
0 0.566146 0.37963 0.00416667 0.0185185
0 0.745573 0.291667 0.00364583 0.012963
0 0.619792 0.150463 0.0177083 0.0305556
0 0.811458 0.351389 0.021875 0.0268519
0 0.473958 0.481019 0.00416667 0.025
0 0.75 0.39213 0.0114583 0.0175926
0 0.373958 0.648611 0.00520833 0.012037
0 0.825 0.247222 0.0104167 0.0240741
0 0.741927 0.202315 0.0078125 0.012037
0 0.824479 0.240278 0.003125 0.0212963
0 0.610937 0.401852 0.00729167 0.0148148
0 0.381771 0.625 0.00833333 0.00925926
0 0.495573 0.526389 0.00260417 0.0157407
0 0.631771 0.222685 0.0229167 0.0564815
0 0.800781 0.268981 0.0046875 0.0212963
0 0.74974 0.384722 0.00677083 0.0194444
0 0.529167 0.55463 0.0135417 0.0203704
0 0.816406 0.268981 0.0046875 0.0268519
0 0.560938 0.284259 0.0208333 0.0611111
0 0.714323 0.143056 0.0182292 0.0509259
0 0.495833 0.535648 0.0145833 0.0138889
0 0.478125 0.476852 0.00520833 0.0259259
0 0.692187 0.380093 0.0166667 0.0305556
0 0.585156 0.506944 0.0109375 0.0138889
0 0.569531 0.144907 0.0119792 0.0268519
0 0.84401 0.386574 0.00677083 0.0342593
0 0.445573 0.425926 0.0192708 0.0203704
0 0.754167 0.127778 0.0166667 0.0296296
0 0.458333 0.585648 0.0125 0.0157407
0 0.59401 0.144444 0.0171875 0.0537037
0 0.607292 0.25463 0.0177083 0.0314815
0 0.411458 0.540278 0.00416667 0.0157407
0 0.438542 0.592593 0.0114583 0.0462963
0 0.675521 0.262963 0.00833333 0.0277778
0 0.746354 0.334722 0.0104167 0.0212963
0 0.511719 0.401389 0.0151042 0.0212963
0 0.7125 0.334259 0.00625 0.0111111
0 0.653646 0.2625 0.00416667 0.0194444
0 0.410677 0.468981 0.0140625 0.0194444
0 0.707812 0.37037 0.00729167 0.0240741
0 0.899219 0.373611 0.0130208 0.0212963
0 0.835938 0.402778 0.00625 0.0203704
0 0.436979 0.529167 0.0260417 0.0287037
0 0.265365 0.693981 0.00677083 0.0157407
0 0.720833 0.180093 0.00208333 0.0231481
0 0.458073 0.475463 0.0046875 0.0305556
0 0.3625 0.641204 0.0135417 0.0138889
0 0.721354 0.172685 0.0135417 0.0231481
0 0.708594 0.376852 0.00989583 0.0185185
0 0.774219 0.284722 0.00364583 0.0287037
0 0.319531 0.578704 0.00572917 0.0240741
0 0.665885 0.483333 0.0119792 0.0166667
0 0.621094 0.451852 0.0109375 0.0166667
0 0.570573 0.358796 0.0046875 0.0194444
0 0.720052 0.209259 0.00260417 0.0222222
0 0.574219 0.403241 0.00677083 0.0231481
0 0.666146 0.431944 0.015625 0.0212963
0 0.7625 0.245833 0.00729167 0.025
0 0.410417 0.462963 0.00520833 0.0296296
0 0.697135 0.581944 0.0140625 0.0305556
0 0.545313 0.358333 0.0125 0.012963
0 0.649479 0.262037 0.00208333 0.0222222
0 0.736979 0.371296 0.0104167 0.0259259
0 0.569531 0.166667 0.0109375 0.0222222
0 0.75651 0.192593 0.0203125 0.0592593
0 0.823698 0.401389 0.0046875 0.0287037
0 0.570052 0.27037 0.0130208 0.0259259
0 0.736719 0.149537 0.0203125 0.0324074
0 0.770052 0.218056 0.0130208 0.0212963
0 0.591667 0.173611 0.0104167 0.0231481
0 0.745833 0.492593 0.0104167 0.0222222
0 0.652604 0.422222 0.0114583 0.0166667
0 0.780208 0.215278 0.021875 0.0435185
0 0.445312 0.506019 0.0197917 0.0194444
0 0.5375 0.278704 0.00416667 0.0203704
0 0.465625 0.425926 0.0166667 0.0462963
0 0.448438 0.552315 0.00729167 0.0175926
0 0.670313 0.364815 0.00416667 0.012963
0 0.68724 0.283796 0.0151042 0.0324074
0 0.451042 0.495833 0.009375 0.0342593
0 0.582812 0.363426 0.00833333 0.0157407
0 0.566667 0.386574 0.0135417 0.0175926
0 0.63099 0.171296 0.0192708 0.0518519
0 0.470313 0.569907 0.0104167 0.0157407
0 0.390104 0.608333 0.003125 0.0148148
0 0.658594 0.326852 0.0078125 0.0351852
0 0.475 0.478241 0.021875 0.0398148
0 0.589844 0.504167 0.0223958 0.0824074
0 0.783333 0.421296 0.0125 0.0203704
0 0.239323 0.818056 0.00989583 0.037963
0 0.611198 0.188426 0.0109375 0.0342593
0 0.578385 0.402778 0.00677083 0.0111111
0 0.479688 0.540741 0.00729167 0.0203704
0 0.470313 0.41713 0.003125 0.025
0 0.510938 0.667593 0.0177083 0.0333333
0 0.7375 0.15787 0.0114583 0.0175926
0 0.691146 0.222685 0.0145833 0.025
0 0.540885 0.547685 0.0151042 0.0212963
0 0.444271 0.550926 0.00208333 0.0166667
0 0.215885 0.838889 0.0223958 0.062963
0 0.716146 0.262963 0.00833333 0.0185185
0 0.60599 0.155093 0.0171875 0.0472222
0 0.774479 0.415278 0.00833333 0.0175926
0 0.734115 0.17963 0.0119792 0.0259259
0 0.758854 0.453704 0.0104167 0.0240741
0 0.395052 0.469907 0.0015625 0.0268519
0 0.466927 0.452778 0.00885417 0.0185185
0 0.778646 0.285648 0.00729167 0.025
0 0.4125 0.601389 0.0104167 0.0138889
0 0.757292 0.448148 0.00520833 0.012963
0 0.573438 0.516204 0.0291667 0.0398148
0 0.553646 0.483333 0.0104167 0.0203704
0 0.702604 0.319444 0.0197917 0.0314815
0 0.573958 0.166204 0.0145833 0.0287037
0 0.588021 0.403704 0.0104167 0.0185185
0 0.836979 0.409259 0.0125 0.0296296
0 0.658594 0.165741 0.0119792 0.0259259
0 0.724219 0.3125 0.00364583 0.0138889
0 0.477865 0.571296 0.0109375 0.0222222
0 0.331771 0.564352 0.009375 0.025
0 0.569271 0.522222 0.00208333 0.0259259
0 0.674219 0.449074 0.00677083 0.0111111
0 0.528906 0.475926 0.00677083 0.0203704
0 0.641146 0.41713 0.003125 0.0231481
0 0.390365 0.460648 0.0161458 0.0268519
0 0.586719 0.475 0.0078125 0.0166667
0 0.411719 0.595833 0.00260417 0.0157407
0 0.791406 0.423148 0.00989583 0.0259259
0 0.741667 0.291204 0.00208333 0.0194444
0 0.453646 0.714815 0.01875 0.0407407
0 0.458333 0.482407 0.0114583 0.0259259
0 0.728125 0.512963 0.015625 0.0333333
0 0.633333 0.501389 0.0239583 0.025
0 0.783594 0.395833 0.00989583 0.0231481
0 0.58776 0.537037 0.0140625 0.0259259
0 0.641406 0.321759 0.0078125 0.025
0 0.85026 0.472685 0.0078125 0.0305556
0 0.599219 0.490278 0.0046875 0.012037
0 0.661198 0.358333 0.0213542 0.0444444
0 0.324219 0.647685 0.00677083 0.0231481
0 0.729167 0.255093 0.0135417 0.0287037
0 0.386719 0.534259 0.00885417 0.0203704
0 0.803646 0.405556 0.00729167 0.0240741
0 0.524479 0.440278 0.00416667 0.0268519
0 0.420833 0.600926 0.0114583 0.0185185
0 0.766927 0.396759 0.0161458 0.0287037
0 0.374219 0.556481 0.00572917 0.0148148
0 0.641406 0.424074 0.00885417 0.0166667
0 0.752604 0.447222 0.00208333 0.0166667
0 0.48724 0.423611 0.00364583 0.0157407
0 0.448438 0.543981 0.003125 0.0305556
0 0.541146 0.394444 0.00833333 0.0203704
0 0.483854 0.459259 0.00729167 0.0185185
0 0.541406 0.447222 0.00572917 0.0222222
0 0.382031 0.618056 0.0015625 0.0157407
0 0.545313 0.305093 0.01875 0.0324074
0 0.556771 0.363426 0.0197917 0.0490741
0 0.677865 0.381481 0.0203125 0.0444444
0 0.729167 0.143519 0.015625 0.0259259
0 0.352865 0.556019 0.0046875 0.0231481
0 0.433854 0.528241 0.009375 0.0212963
0 0.565365 0.239815 0.0255208 0.0685185
0 0.572656 0.321759 0.0171875 0.0509259
0 0.679427 0.320833 0.0109375 0.0175926
0 0.745573 0.262037 0.0046875 0.0277778
0 0.490885 0.490278 0.0078125 0.0212963
0 0.745052 0.462037 0.0078125 0.0148148
0 0.8 0.239815 0.00625 0.0222222
0 0.470573 0.423611 0.0078125 0.0212963
0 0.461458 0.526389 0.0125 0.0287037
0 0.535156 0.612963 0.0203125 0.0759259
0 0.782812 0.418056 0.015625 0.0564815
0 0.440625 0.49537 0.003125 0.0333333
0 0.586979 0.530093 0.00625 0.0157407
0 0.561198 0.218981 0.0265625 0.062037
0 0.482552 0.571759 0.0119792 0.0231481
0 0.557552 0.453241 0.0078125 0.0212963
0 0.614583 0.262963 0.01875 0.0407407
0 0.583594 0.478241 0.0203125 0.0342593
0 0.820052 0.269907 0.0109375 0.0305556
0 0.75599 0.149074 0.0234375 0.0425926
0 0.841406 0.277315 0.00677083 0.0287037
0 0.79974 0.260185 0.00364583 0.0148148
0 0.570052 0.526389 0.00572917 0.025
0 0.503385 0.431481 0.0046875 0.0240741
0 0.467187 0.584259 0.009375 0.0240741
0 0.47474 0.535648 0.0015625 0.012037
0 0.678646 0.313889 0.003125 0.0166667
0 0.64401 0.223148 0.0234375 0.0555556
0 0.753646 0.122222 0.00729167 0.0277778
0 0.728385 0.248611 0.00677083 0.0305556
0 0.682552 0.162037 0.0213542 0.0388889
0 0.673698 0.563889 0.0192708 0.0185185
0 0.478906 0.481019 0.0182292 0.0231481
0 0.595052 0.447222 0.0046875 0.0203704
0 0.398958 0.468981 0.00729167 0.0287037
0 0.741146 0.463889 0.0208333 0.0388889
0 0.383073 0.551389 0.0046875 0.0194444
0 0.691146 0.469907 0.0135417 0.0231481
0 0.466406 0.446296 0.0046875 0.0222222
0 0.733073 0.173148 0.00364583 0.0277778
0 0.760677 0.1125 0.0213542 0.0583333
0 0.433073 0.603704 0.00572917 0.0166667
0 0.407292 0.7125 0.0208333 0.0435185
0 0.7 0.150463 0.00833333 0.0287037
0 0.261198 0.828241 0.0171875 0.0712963
0 0.636458 0.470833 0.01875 0.062037
0 0.56224 0.536574 0.0109375 0.025
0 0.767448 0.328241 0.00885417 0.0287037
0 0.470573 0.490278 0.0119792 0.0324074
0 0.736458 0.499074 0.00625 0.0240741
0 0.828385 0.400463 0.0192708 0.0342593
0 0.720052 0.28287 0.0255208 0.0472222
0 0.314844 0.669444 0.0276042 0.0685185
0 0.577344 0.483796 0.0213542 0.0527778
0 0.524219 0.527315 0.00364583 0.0157407
0 0.428646 0.488426 0.00729167 0.0268519
0 0.745573 0.327315 0.00677083 0.0287037
0 0.758854 0.430093 0.009375 0.0342593
0 0.710417 0.290741 0.0229167 0.0537037
0 0.725 0.180093 0.00625 0.0231481
0 0.72474 0.209259 0.00572917 0.0222222
0 0.483333 0.424537 0.00104167 0.012037
0 0.70651 0.311574 0.0234375 0.0546296
0 0.848177 0.225926 0.0192708 0.0777778
0 0.765885 0.319444 0.00260417 0.0240741
0 0.673437 0.170833 0.0197917 0.0435185
0 0.483073 0.450926 0.00364583 0.0203704
0 0.553906 0.542593 0.00989583 0.0259259
0 0.73125 0.216204 0.0229167 0.0509259
0 0.569531 0.418519 0.0234375 0.0759259
0 0.786719 0.475926 0.0130208 0.0351852
0 0.755469 0.468981 0.0223958 0.062037
0 0.432813 0.520833 0.00208333 0.0194444
0 0.485938 0.536111 0.0197917 0.0518519
0 0.773177 0.230093 0.0234375 0.0416667
0 0.628646 0.27037 0.0197917 0.0444444
0 0.603125 0.260648 0.01875 0.0657407
0 0.428646 0.601389 0.003125 0.0212963
0 0.690625 0.418056 0.0166667 0.0675926
0 0.782812 0.388889 0.00416667 0.0240741
0 0.478385 0.535185 0.00260417 0.0166667
0 0.753385 0.283796 0.0203125 0.0583333
0 0.8 0.402315 0.00520833 0.037963
0 0.50625 0.481944 0.01875 0.0583333
0 0.649219 0.358796 0.0203125 0.0546296
0 0.457031 0.580556 0.0223958 0.0685185
0 0.610417 0.247222 0.0208333 0.0555556
0 0.564583 0.194907 0.025 0.0731481
0 0.65625 0.296759 0.0239583 0.0435185
0 0.436458 0.587037 0.00208333 0.0259259
0 0.645052 0.477778 0.0223958 0.0555556
0 0.673958 0.493056 0.0197917 0.0564815
0 0.61224 0.313889 0.0192708 0.0611111
0 0.394271 0.527778 0.0208333 0.0648148
0 0.715885 0.355556 0.0213542 0.0574074
0 0.560677 0.174074 0.0265625 0.0666667
0 0.448698 0.585648 0.0234375 0.0657407
0 0.878906 0.482407 0.0171875 0.0481481
0 0.610417 0.506944 0.0208333 0.0453704
0 0.698958 0.356019 0.0208333 0.0638889
0 0.65625 0.135185 0.028125 0.0481481
0 0.56901 0.456019 0.0213542 0.0490741
0 0.598177 0.237963 0.0213542 0.0555556
0 0.590885 0.359259 0.0234375 0.0685185
0 0.611979 0.351389 0.0229167 0.0712963
0 0.644271 0.453241 0.025 0.0546296
0 0.0544271 0.914352 0.0213542 0.0342593
0 0.703385 0.402315 0.0213542 0.0675926
0 0.657031 0.469907 0.0234375 0.0546296
0 0.736719 0.156019 0.0276042 0.0564815
0 0.510677 0.549537 0.0244792 0.0712963
0 0.636198 0.372685 0.0244792 0.0657407
0 0.760156 0.35 0.0265625 0.0555556
0 0.764583 0.187963 0.0197917 0.0666667
0 0.748177 0.178241 0.0234375 0.0527778
0 0.569271 0.144907 0.0229167 0.0675926
0 0.31875 0.505093 0.0177083 0.0416667
0 0.697917 0.119444 0.0270833 0.0518519
0 0.402865 0.528704 0.0213542 0.0703704
0 0.578125 0.128241 0.0229167 0.075
0 0.552083 0.341667 0.0239583 0.0444444
0 0.53151 0.608796 0.0192708 0.0453704
0 0.808073 0.298148 0.0234375 0.0611111
0 0.644531 0.193981 0.0223958 0.0675926
0 0.594271 0.306019 0.0229167 0.0490741
0 0.698438 0.423611 0.0197917 0.0546296
0 0.58125 0.27037 0.025 0.0611111
0 0.289323 0.655556 0.0223958 0.0333333
0 0.615365 0.209722 0.0244792 0.0546296
0 0.44974 0.489352 0.00364583 0.0342593
0 0.602604 0.386574 0.0197917 0.0768519
0 0.907552 0.461111 0.0234375 0.0148148
0 0.727344 0.364815 0.0213542 0.0611111
0 0.531771 0.39537 0.021875 0.0592593
0 0.639844 0.631481 0.0244792 0.0314815
0 0.902604 0.468981 0.0229167 0.0175926
0 0.76875 0.21713 0.0229167 0.075
0 0.34349 0.661111 0.0255208 0.0574074
0 0.797656 0.295833 0.0213542 0.0638889
0 0.577604 0.321296 0.021875 0.0685185
0 0.657292 0.224537 0.0229167 0.0675926
0 0.586198 0.249537 0.0223958 0.0601852
0 0.556771 0.312963 0.0208333 0.0592593
0 0.402344 0.614352 0.0265625 0.0657407
0 0.661458 0.194907 0.0239583 0.0601852
0 0.623177 0.149537 0.0213542 0.0509259
0 0.665104 0.400463 0.0260417 0.0601852
0 0.422917 0.525926 0.0239583 0.0685185
0 0.598177 0.623611 0.0151042 0.0416667
0 0.694792 0.321296 0.0229167 0.0722222
0 0.519531 0.383796 0.0213542 0.0564815
0 0.498177 0.474537 0.0213542 0.0546296
0 0.751823 0.446296 0.0255208 0.0555556
0 0.794531 0.521759 0.0223958 0.0490741
0 0.724219 0.409259 0.0213542 0.0648148
0 0.347917 0.639352 0.0260417 0.0527778
0 0.539062 0.474074 0.021875 0.0666667
0 0.761198 0.285185 0.0244792 0.0481481
0 0.586458 0.312963 0.021875 0.0648148
0 0.765885 0.392593 0.0276042 0.0611111
0 0.594531 0.106944 0.0234375 0.0490741
0 0.63125 0.498148 0.028125 0.0518519
0 0.664583 0.0986111 0.0229167 0.0583333
0 0.552604 0.40463 0.0239583 0.05
0 0.682292 0.408333 0.0229167 0.0703704
0 0.698698 0.275463 0.0234375 0.0546296
0 0.801823 0.431481 0.0234375 0.0685185
0 0.602865 0.312963 0.0213542 0.062963
0 0.682292 0.372222 0.021875 0.0703704
0 0.619531 0.30463 0.0234375 0.0592593
0 0.691146 0.372222 0.0229167 0.0703704
0 0.732552 0.304167 0.0223958 0.0675926
0 0.809896 0.216204 0.0239583 0.0509259
0 0.619531 0.261574 0.0244792 0.0601852
0 0.739844 0.423611 0.0244792 0.062037
0 0.657292 0.164815 0.0270833 0.0518519
0 0.761458 0.24537 0.0270833 0.0685185
0 0.710938 0.187037 0.021875 0.0537037
0 0.711198 0.23287 0.0213542 0.0509259
0 0.36901 0.625 0.0244792 0.0703704
0 0.810938 0.350463 0.0239583 0.0564815
0 0.644792 0.284259 0.025 0.0592593
0 0.582031 0.218981 0.0234375 0.0731481
0 0.527344 0.551389 0.0244792 0.0731481
0 0.851562 0.330093 0.0197917 0.0435185
0 0.543229 0.35787 0.0260417 0.0675926
0 0.565104 0.328704 0.0239583 0.0648148
0 0.719271 0.100463 0.0208333 0.0694444
0 0.740625 0.23287 0.0229167 0.0657407
0 0.573438 0.16713 0.0260417 0.0787037
0 0.372656 0.652315 0.0234375 0.0361111
0 0.732552 0.431944 0.0234375 0.0731481
0 0.702604 0.216667 0.0239583 0.0574074
0 0.63125 0.194907 0.0270833 0.0657407
0 0.890625 0.447685 0.021875 0.0509259
0 0.777344 0.253241 0.0255208 0.062037
0 0.665625 0.218056 0.0260417 0.0564815
0 0.669531 0.137037 0.0265625 0.0666667
0 0.710677 0.424074 0.0255208 0.0518519
0 0.359896 0.636574 0.0260417 0.0490741
0 0.54401 0.30787 0.0244792 0.0583333
0 0.802344 0.240278 0.0244792 0.0638889
0 0.606771 0.107407 0.0239583 0.0592593
0 0.761198 0.0856481 0.0255208 0.0601852
0 0.623177 0.402778 0.0244792 0.0611111
0 0.706771 0.106944 0.0197917 0.0657407
0 0.727604 0.143056 0.025 0.0675926
0 0.372917 0.474537 0.0208333 0.0675926
0 0.627865 0.468981 0.0234375 0.0638889
0 0.277083 0.678704 0.0229167 0.0407407
0 0.78151 0.178241 0.0223958 0.0638889
0 0.339583 0.544444 0.0239583 0.0592593
0 0.681771 0.195833 0.025 0.062037
0 0.444792 0.425 0.025 0.0740741
0 0.611719 0.188889 0.0265625 0.0703704
0 0.685938 0.328241 0.0239583 0.0712963
0 0.768229 0.134722 0.0239583 0.0583333
0 0.619531 0.454167 0.0244792 0.0583333
0 0.85625 0.3875 0.0260417 0.0546296
0 0.631771 0.327778 0.021875 0.0703704
0 0.676562 0.232407 0.0239583 0.062963
0 0.535417 0.277315 0.0239583 0.0787037
0 0.740104 0.201389 0.0260417 0.0694444
0 0.590365 0.173611 0.0244792 0.062037
0 0.539583 0.181019 0.0229167 0.0768519
0 0.48125 0.573611 0.0239583 0.0694444
0 0.69375 0.174074 0.025 0.0685185
0 0.776823 0.325926 0.0244792 0.0666667
0 0.364844 0.544907 0.0223958 0.062037
0 0.490104 0.395833 0.021875 0.0638889
0 0.749219 0.388426 0.0244792 0.062037
0 0.263021 0.69213 0.025 0.0398148
0 0.610677 0.455093 0.0213542 0.062037
0 0.569531 0.27037 0.0255208 0.0666667
0 0.84375 0.393056 0.0239583 0.0657407
0 0.660937 0.262963 0.0239583 0.0574074
0 0.707292 0.373148 0.0229167 0.0722222
0 0.30599 0.684722 0.0244792 0.0583333
0 0.544271 0.49213 0.021875 0.0694444
0 0.714844 0.260185 0.0234375 0.0666667
0 0.515104 0.49213 0.0229167 0.0694444
0 0.439844 0.499537 0.0276042 0.0657407
0 0.711198 0.335185 0.0255208 0.0814815
0 0.449219 0.677315 0.0203125 0.0601852
0 0.673958 0.254167 0.025 0.0712963
0 0.61849 0.106019 0.0223958 0.0546296
0 0.578646 0.402778 0.0239583 0.0722222
0 0.540365 0.550926 0.0234375 0.0666667
0 0.652083 0.423611 0.025 0.062037
0 0.790365 0.425 0.0276042 0.0592593
0 0.610417 0.403704 0.0229167 0.0555556
0 0.569531 0.358796 0.0255208 0.0657407
0 0.690885 0.224537 0.0244792 0.0675926
0 0.73099 0.462037 0.0244792 0.0518519
0 0.411458 0.544907 0.0229167 0.0657407
0 0.318229 0.581481 0.025 0.0537037
0 0.565625 0.3875 0.0229167 0.0657407
0 0.786198 0.299074 0.0244792 0.0592593
0 0.494271 0.535185 0.0229167 0.0759259
0 0.457292 0.48287 0.0239583 0.0712963
0 0.898438 0.372685 0.0208333 0.0527778
0 0.835938 0.409722 0.0270833 0.062037
0 0.648177 0.0935185 0.0182292 0.0574074
0 0.510677 0.402778 0.0255208 0.0574074
0 0.540365 0.446296 0.0265625 0.062963
0 0.665365 0.485185 0.0244792 0.0648148
0 0.640104 0.418981 0.0260417 0.0675926
0 0.827083 0.400463 0.028125 0.0638889
0 0.785937 0.247222 0.0229167 0.0611111
0 0.773698 0.41713 0.0255208 0.0712963
0 0.744531 0.491204 0.0244792 0.0657407
0 0.511719 0.447222 0.0234375 0.0703704
0 0.736458 0.373148 0.0239583 0.0722222
0 0.723177 0.3125 0.0265625 0.0675926
0 0.673958 0.447685 0.0270833 0.0675926
0 0.389844 0.610185 0.0255208 0.0703704
0 0.657812 0.329167 0.0260417 0.0787037
0 0.740104 0.121759 0.025 0.0638889
0 0.64375 0.1375 0.025 0.0712963
0 0.728125 0.522685 0.0229167 0.0416667
0 0.413802 0.64213 0.0192708 0.0490741
0 0.389583 0.461574 0.025 0.0583333
0 0.685938 0.129167 0.0239583 0.062037
0 0.669271 0.365278 0.0239583 0.0768519
0 0.710677 0.462037 0.0234375 0.0444444
0 0.665365 0.432407 0.0255208 0.0722222
0 0.647917 0.262963 0.0229167 0.0703704
0 0.636458 0.100926 0.0208333 0.0592593
0 0.836198 0.255556 0.0244792 0.0666667
0 0.586719 0.396296 0.0244792 0.0777778
0 0.58151 0.365741 0.0244792 0.062963
0 0.46901 0.491204 0.0244792 0.075
0 0.409635 0.463426 0.0265625 0.0601852
0 0.686979 0.284259 0.0260417 0.062963
0 0.823698 0.240278 0.0234375 0.0712963
0 0.75625 0.431481 0.0270833 0.0592593
0 0.464583 0.586574 0.0239583 0.0675926
0 0.553125 0.484722 0.0239583 0.0731481
0 0.669792 0.299537 0.0208333 0.075
0 0.740104 0.290741 0.0260417 0.0703704
0 0.585417 0.475926 0.0239583 0.0648148
0 0.44349 0.553241 0.0255208 0.0731481
0 0.527604 0.475926 0.025 0.0666667
0 0.840104 0.276852 0.028125 0.0722222
0 0.849219 0.468519 0.0234375 0.0611111
0 0.773438 0.284259 0.0239583 0.0666667
0 0.477604 0.48287 0.0270833 0.0712963
0 0.597917 0.491204 0.0239583 0.0675926
0 0.411458 0.595833 0.0260417 0.0694444
0 0.33151 0.565741 0.0255208 0.0518519
0 0.677865 0.313426 0.0255208 0.0657407
0 0.490365 0.491667 0.0244792 0.0666667
0 0.427344 0.491204 0.0255208 0.0638889
0 0.540104 0.394907 0.025 0.0694444
0 0.698698 0.150926 0.0276042 0.0648148
0 0.351823 0.559259 0.0234375 0.0592593
0 0.689583 0.469907 0.028125 0.062037
0 0.481771 0.45463 0.0270833 0.0722222
0 0.556771 0.455093 0.0260417 0.0601852
0 0.469271 0.424537 0.025 0.0675926
0 0.728385 0.247685 0.0265625 0.0731481
0 0.373698 0.558333 0.0234375 0.0666667
0 0.723958 0.209722 0.028125 0.0657407
0 0.38151 0.550463 0.0265625 0.0694444
0 0.586458 0.529167 0.028125 0.0675926
0 0.798177 0.261111 0.0244792 0.0703704
0 0.639844 0.321296 0.0265625 0.062963
0 0.74401 0.262037 0.0276042 0.0648148
0 0.798177 0.400926 0.0276042 0.0740741
0 0.568229 0.528241 0.0260417 0.0675926
0 0.322917 0.648611 0.0260417 0.0398148
0 0.38151 0.619444 0.0276042 0.0666667
0 0.426823 0.603704 0.0276042 0.0814815
0 0.819531 0.27037 0.0276042 0.0611111
0 0.431771 0.52037 0.0270833 0.0759259
0 0.460938 0.52963 0.0260417 0.0611111
0 0.465625 0.447222 0.0260417 0.0703704
0 0.523177 0.440741 0.0255208 0.0574074
0 0.744271 0.4625 0.0260417 0.0694444
0 0.744531 0.327778 0.0244792 0.0722222
0 0.398438 0.47037 0.025 0.0722222
0 0.765885 0.320833 0.0265625 0.0787037
0 0.723958 0.17963 0.0270833 0.0722222
0 0.523958 0.527778 0.0260417 0.0722222
0 0.502344 0.43287 0.0255208 0.0731481
0 0.752604 0.121759 0.025 0.0694444
0 0.553125 0.543519 0.0270833 0.0722222
0 0.786198 0.478241 0.0265625 0.0583333
0 0.48125 0.425 0.025 0.0685185
0 0.735677 0.498611 0.0276042 0.062037
0 0.594271 0.448611 0.0239583 0.0694444
0 0.782031 0.388426 0.0276042 0.062037
0 0.434635 0.587963 0.0276042 0.0648148
0 0.477865 0.536111 0.0265625 0.0722222
0 0.448438 0.491204 0.028125 0.075
