0 0.667345 0.666447 0.00702663 0.00526316
0 0.430843 0.588487 0.00887574 0.00986842
0 0.170488 0.790132 0.0184911 0.0381579
0 0.789571 0.608553 0.0414201 0.0355263
0 0.725592 0.372368 0.033284 0.0565789
0 0.589312 0.715461 0.0240385 0.0440789
0 0.692123 0.480592 0.00776627 0.00855263
0 0.584689 0.407895 0.0133136 0.0223684
0 0.674926 0.605263 0.0451183 0.0868421
0 0.763314 0.455263 0.0118343 0.0539474
0 0.681953 0.572368 0.010355 0.0460526
0 0.69841 0.359868 0.00776627 0.0157895
0 0.7598 0.657566 0.00554734 0.0203947
0 0.669009 0.559211 0.0266272 0.0473684
0 0.0220044 0.623684 0.00702663 0.0289474
0 0.736132 0.497697 0.0114645 0.0243421
0 0.671783 0.666447 0.00702663 0.00789474
0 0.943972 0.350329 0.0122041 0.0217105
0 0.739275 0.652961 0.0162722 0.0296053
0 0.574704 0.423355 0.00887574 0.0453947
0 0.727441 0.214803 0.0147929 0.0296053
0 0.733358 0.309539 0.0110947 0.0230263
0 0.789941 0.582895 0.0207101 0.0131579
0 0.643491 0.547039 0.045858 0.0572368
0 0.663462 0.301974 0.00961538 0.0118421
0 0.738166 0.482566 0.00443787 0.0125
0 0.639423 0.389474 0.00369822 0.0289474
0 0.63517 0.617763 0.0218195 0.0342105
0 0.595599 0.398684 0.0506657 0.0736842
0 0.701923 0.347697 0.00813609 0.0296053
0 0.54253 0.553947 0.045858 0.0802632
0 0.8223 0.445066 0.0159024 0.0335526
0 0.657175 0.692763 0.010355 0.0513158
0 0.724297 0.426974 0.0380917 0.0513158
0 0.378513 0.829605 0.0136834 0.0368421
0 0.693787 0.423026 0.0110947 0.0223684
0 0.85466 0.430263 0.0192308 0.0407895
0 0.734837 0.327303 0.0192308 0.0638158
0 0.615754 0.277303 0.012574 0.0203947
0 0.798817 0.671382 0.0510355 0.0375
0 0.688609 0.355592 0.0184911 0.0348684
0 0.669749 0.442434 0.012574 0.0296053
0 0.652367 0.464803 0.0147929 0.0519737
0 0.613351 0.522039 0.00554734 0.00592105
0 0.598373 0.565789 0.0473373 0.0118421
0 0.737056 0.197368 0.0295858 0.0434211
0 0.64497 0.25 0.0192308 0.00657895
0 0.609837 0.502961 0.010355 0.0111842
0 0.605954 0.341447 0.00628698 0.0631579
0 0.747411 0.523355 0.00813609 0.0177632
0 0.593935 0.372697 0.0406805 0.0664474
0 0.596339 0.679934 0.00776627 0.00855263
0 0.8027 0.456908 0.016642 0.0203947
0 0.604105 0.519737 0.0358728 0.0657895
0 0.665311 0.401974 0.0392012 0.0171053
0 0.622226 0.5375 0.0159024 0.0381579
0 0.61446 0.715132 0.00850592 0.0421053
0 0.693787 0.291118 0.0236686 0.0296053
0 0.726701 0.534211 0.00887574 0.0184211
0 0.737981 0.401645 0.029216 0.0348684
0 0.610392 0.249013 0.026997 0.0217105
0 0.663462 0.310526 0.0110947 0.00921053
0 0.735022 0.653289 0.0122041 0.0407895
0 0.647004 0.295066 0.0114645 0.00723684
0 0.785873 0.580921 0.0133136 0.0223684
0 0.634246 0.223355 0.0110947 0.0690789
0 0.56176 0.519737 0.0369822 0.0671053
0 0.721339 0.310526 0.0462278 0.0644737
0 0.660133 0.430263 0.0110947 0.0355263
0 0.704512 0.221711 0.0569527 0.0736842
0 0.558247 0.279276 0.0225592 0.0256579
0 0.713203 0.215461 0.00406805 0.00986842
0 0.654586 0.489474 0.056213 0.075
0 0.658099 0.458882 0.0447485 0.0690789
0 0.681768 0.255263 0.0240385 0.0328947
0 0.808247 0.688816 0.0314349 0.0710526
0 0.610762 0.455592 0.026997 0.1125
0 0.679179 0.382237 0.00554734 0.0171053
0 0.58395 0.719079 0.0628698 0.0644737
0 0.754438 0.456908 0.0288462 0.0151316
0 0.615385 0.325987 0.0192308 0.0388158
0 0.776997 0.628618 0.00369822 0.00460526
0 0.716716 0.567763 0.0147929 0.0131579
0 0.689534 0.530592 0.00998521 0.0256579
0 0.687685 0.649013 0.0188609 0.0111842
0 0.692677 0.245395 0.0340237 0.113158
0 0.681768 0.619737 0.00850592 0.00789474
0 0.786427 0.556579 0.049926 0.0394737
0 0.638314 0.348355 0.00517751 0.0125
0 0.605399 0.528618 0.00887574 0.0125
0 0.73003 0.282566 0.0236686 0.0269737
0 0.933247 0.666447 0.0432692 0.0486842
0 0.688055 0.398026 0.00924556 0.0592105
0 0.84449 0.450658 0.0329142 0.0921053
0 0.760725 0.558553 0.010355 0.0302632
0 0.546598 0.508882 0.0133136 0.0388158
0 0.656435 0.208553 0.0155325 0.0289474
0 0.69693 0.450987 0.00776627 0.00986842
0 0.706176 0.607237 0.0136834 0.0184211
0 0.602071 0.549671 0.0133136 0.0230263
0 0.709135 0.225329 0.0173817 0.0269737
0 0.551036 0.468421 0.0184911 0.0276316
0 0.698225 0.367763 0.012574 0.0131579
0 0.26997 0.0401316 0.0162722 0.0236842
0 0.709135 0.256908 0.00406805 0.0348684
0 0.857249 0.546053 0.00295858 0.0302632
0 0.610207 0.244737 0.0110947 0.0131579
0 0.739275 0.529934 0.0184911 0.0230263
0 0.69693 0.444079 0.00924556 0.0157895
0 0.587648 0.375329 0.00887574 0.0230263
0 0.642751 0.401645 0.00887574 0.0361842
0 0.71838 0.412171 0.0122041 0.00986842
0 0.65625 0.727632 0.0462278 0.0447368
0 0.669564 0.661513 0.00628698 0.0230263
0 0.71801 0.512829 0.00850592 0.0230263
0 0.678439 0.516447 0.0159024 0.00789474
0 0.717456 0.637171 0.00887574 0.0506579
0 0.552885 0.522039 0.0428994 0.0375
0 0.692677 0.317763 0.00813609 0.00657895
0 0.76128 0.516776 0.0306953 0.0546053
0 0.743713 0.246053 0.0207101 0.0315789
0 0.700629 0.249342 0.0033284 0.0263158
0 0.699334 0.438158 0.00887574 0.0223684
0 0.754068 0.507566 0.0362426 0.0309211
0 0.730399 0.606908 0.0118343 0.0467105
0 0.697485 0.626974 0.022929 0.0131579
0 0.77145 0.438158 0.0465976 0.0394737
0 0.68787 0.481579 0.00961538 0.00921053
0 0.703587 0.486513 0.0232988 0.0217105
0 0.703217 0.333553 0.0144231 0.0184211
0 0.673817 0.544737 0.00887574 0.0157895
0 0.732618 0.424342 0.0140533 0.0342105
0 0.848003 0.573026 0.0133136 0.0223684
0 0.565459 0.277303 0.0110947 0.0467105
0 0.621302 0.415132 0.0133136 0.0118421
0 0.647744 0.4625 0.016642 0.0263158
0 0.600592 0.525329 0.00887574 0.00723684
0 0.580991 0.475987 0.0428994 0.0467105
0 0.741124 0.509868 0.0155325 0.0197368
0 0.845599 0.425987 0.00702663 0.0177632
0 0.70821 0.921382 0.0133136 0.0217105
0 0.746487 0.444737 0.00406805 0.0118421
0 0.679179 0.359211 0.00628698 0.0105263
0 0.753328 0.257566 0.0221893 0.0111842
0 0.611501 0.519737 0.016642 0.0223684
0 0.605399 0.441447 0.0066568 0.0263158
0 0.658654 0.285855 0.0162722 0.0361842
0 0.747411 0.482895 0.00591716 0.0144737
0 0.69804 0.203289 0.0351331 0.0960526
0 0.683802 0.219737 0.00147929 0.0421053
0 0.743158 0.308224 0.0159024 0.0256579
0 0.681398 0.418421 0.0203402 0.0302632
0 0.695081 0.299013 0.0329142 0.0335526
0 0.418639 0.617763 0.012574 0.0328947
0 0.595969 0.410526 0.0218195 0.0276316
0 0.734283 0.445395 0.00628698 0.00921053
0 0.717086 0.446711 0.00961538 0.0263158
0 0.606509 0.340789 0.0244083 0.0144737
0 0.61557 0.424013 0.0173817 0.0348684
0 0.659024 0.696053 0.00443787 0.00921053
0 0.839867 0.515132 0.0392012 0.0592105
0 0.711908 0.276974 0.00591716 0.0381579
0 0.618898 0.678618 0.0255178 0.0388158
0 0.665126 0.377632 0.0159024 0.0197368
0 0.70821 0.474671 0.0110947 0.00855263
0 0.693602 0.284211 0.0136834 0.00789474
0 0.681953 0.300987 0.0133136 0.0282895
0 0.681398 0.248355 0.0173817 0.0177632
0 0.399778 0.744408 0.0133136 0.0269737
0 0.67659 0.232895 0.0129438 0.0407895
0 0.609652 0.691447 0.0114645 0.0434211
0 0.643861 0.411842 0.00443787 0.0157895
0 0.67733 0.529605 0.0107249 0.0144737
0 0.607618 0.552303 0.0147929 0.0164474
0 0.714497 0.509211 0.00739645 0.0144737
0 0.56287 0.273355 0.0495562 0.0756579
0 0.737611 0.579934 0.0462278 0.0467105
0 0.700444 0.324013 0.0110947 0.0125
0 0.67733 0.505592 0.0129438 0.0282895
0 0.698225 0.608553 0.0147929 0.0236842
0 0.602996 0.395395 0.00776627 0.0368421
0 0.688979 0.430263 0.0310651 0.0578947
0 0.777182 0.538487 0.0173817 0.0322368
0 0.60392 0.642434 0.0606509 0.0796053
0 0.756472 0.6375 0.0321746 0.0605263
0 0.348928 0.928618 0.0129438 0.0467105
0 0.69841 0.474013 0.00924556 0.0480263
0 0.704882 0.365789 0.00739645 0.0434211
0 0.627404 0.526316 0.0107249 0.05
0 0.75074 0.550987 0.00295858 0.0190789
0 0.644231 0.603289 0.0236686 0.0236842
0 0.560651 0.414803 0.012574 0.0414474
0 0.491494 0.305592 0.00295858 0.0467105
0 0.759985 0.549671 0.00517751 0.0348684
0 0.694342 0.494408 0.0114645 0.0440789
0 0.695636 0.337171 0.0392012 0.0230263
0 0.575259 0.4625 0.00702663 0.05
0 0.675851 0.694408 0.0232988 0.0361842
0 0.871487 0.376974 0.0447485 0.0842105
0 0.539201 0.582895 0.00887574 0.0118421
0 0.654031 0.301316 0.0196006 0.0118421
0 0.707655 0.278947 0.00184911 0.0157895
0 0.738166 0.547697 0.0414201 0.0638158
0 0.764978 0.581579 0.00776627 0.0355263
0 0.656805 0.505921 0.0118343 0.0236842
0 0.612241 0.516118 0.0403107 0.0269737
0 0.660873 0.442434 0.0110947 0.0203947
0 0.717641 0.300658 0.00628698 0.0157895
0 0.690459 0.536513 0.00443787 0.0217105
0 0.744453 0.254605 0.012574 0.0394737
0 0.535688 0.524342 0.0247781 0.0157895
0 0.641457 0.382566 0.00850592 0.0256579
0 0.691938 0.332895 0.00739645 0.0118421
0 0.557877 0.492763 0.049926 0.1
0 0.562315 0.406908 0.0506657 0.0611842
0 0.737241 0.365132 0.0144231 0.0381579
0 0.722448 0.599671 0.0129438 0.0467105
0 0.648114 0.519079 0.00998521 0.0381579
0 0.571376 0.471053 0.00591716 0.0276316
0 0.592456 0.691447 0.0384615 0.075
0 0.788092 0.424671 0.0214497 0.0414474
0 0.659578 0.400658 0.0159024 0.0210526
0 0.803809 0.615461 0.0122041 0.0414474
0 0.827848 0.516447 0.049926 0.0407895
0 0.930843 0.665789 0.0066568 0.0171053
0 0.596524 0.486184 0.00591716 0.025
0 0.80196 0.427632 0.0514053 0.0605263
0 0.768121 0.496382 0.0133136 0.0467105
0 0.689719 0.639474 0.0251479 0.0315789
0 0.707286 0.469079 0.00850592 0.0342105
0 0.643121 0.457895 0.0147929 0.0539474
0 0.593935 0.383553 0.012574 0.0328947
0 0.6777 0.544737 0.00998521 0.0197368
0 0.689534 0.423355 0.0107249 0.0256579
0 0.644786 0.435526 0.00850592 0.0171053
0 0.70858 0.300658 0.00591716 0.0355263
0 0.546413 0.453289 0.0144231 0.0381579
0 0.644231 0.216118 0.056213 0.0861842
0 0.66679 0.612171 0.0221893 0.0296053
0 0.641642 0.529934 0.0184911 0.0440789
0 0.779771 0.520395 0.0284763 0.0618421
0 0.640163 0.341447 0.0110947 0.0473684
0 0.613905 0.271711 0.0428994 0.0828947
0 0.684172 0.355921 0.0251479 0.0578947
0 0.763868 0.657566 0.00850592 0.0217105
0 0.699334 0.506908 0.012574 0.0177632
0 0.66568 0.313487 0.0236686 0.0138158
0 0.752404 0.248684 0.0114645 0.0210526
0 0.689534 0.280921 0.0144231 0.0355263
0 0.752959 0.49375 0.0406805 0.0217105
0 0.96838 0.300329 0.0188609 0.0138158
0 0.561945 0.278618 0.0122041 0.0375
0 0.563609 0.513158 0.0133136 0.025
0 0.624445 0.440132 0.00776627 0.0355263
0 0.667345 0.265789 0.00850592 0.0171053
0 0.77034 0.530263 0.00295858 0.0118421
0 0.16716 0.790132 0.0184911 0.0157895
0 0.576368 0.604276 0.00850592 0.0256579
0 0.747226 0.449013 0.00258876 0.00723684
0 0.559172 0.416776 0.0258876 0.0467105
0 0.852441 0.432566 0.0517751 0.0572368
0 0.641827 0.397368 0.0306953 0.0815789
0 0.759061 0.571711 0.0358728 0.0526316
0 0.669379 0.326974 0.00887574 0.0486842
0 0.82304 0.443092 0.0440089 0.0743421
0 0.726886 0.673026 0.00702663 0.0157895
0 0.641087 0.273684 0.0440089 0.0776316
0 0.631657 0.44375 0.0184911 0.0559211
0 0.652182 0.321711 0.00998521 0.0578947
0 0.628513 0.324342 0.0107249 0.0302632
0 0.637574 0.429605 0.00591716 0.00921053
0 0.619638 0.529276 0.0366124 0.0243421
0 0.63591 0.220395 0.0114645 0.0342105
0 0.707101 0.491776 0.0221893 0.129605
0 0.735392 0.472368 0.0151627 0.0315789
0 0.732249 0.603947 0.0273669 0.0381579
0 0.647744 0.567763 0.0255178 0.00921053
0 0.658284 0.522368 0.022929 0.143421
0 0.775333 0.435197 0.0188609 0.0190789
0 0.71838 0.670395 0.0033284 0.0394737
0 0.684541 0.591447 0.0066568 0.0447368
0 0.70895 0.404276 0.010355 0.0282895
0 0.595969 0.550987 0.0277367 0.103289
0 0.751664 0.253289 0.0595414 0.0763158
0 0.659393 0.630592 0.0066568 0.0335526
0 0.705067 0.255592 0.0107249 0.0138158
0 0.587463 0.608553 0.0417899 0.0421053
0 0.701368 0.361184 0.00924556 0.0157895
0 0.786243 0.463816 0.0480769 0.0486842
0 0.67733 0.327961 0.0240385 0.0335526
0 0.64608 0.730263 0.0066568 0.0105263
0 0.525888 0.565132 0.0451183 0.0986842
0 0.735392 0.439803 0.0196006 0.0111842
0 0.715237 0.609868 0.0118343 0.0355263
0 0.66568 0.306579 0.0110947 0.0197368
0 0.740939 0.417434 0.0144231 0.0322368
0 0.713573 0.60625 0.0484467 0.0546053
0 0.808802 0.463816 0.0539941 0.05
0 0.59412 0.651645 0.0173817 0.0361842
0 0.839867 0.507566 0.0266272 0.0111842
0 0.712463 0.625 0.0033284 0.025
0 0.763314 0.573684 0.0177515 0.0315789
0 0.559541 0.412171 0.0066568 0.0125
0 0.763129 0.649342 0.00850592 0.0144737
0 0.723188 0.227961 0.00480769 0.0269737
0 0.706546 0.324013 0.0129438 0.0190789
0 0.658099 0.514145 0.00480769 0.0282895
0 0.69804 0.618092 0.0144231 0.0125
0 0.594859 0.497039 0.0247781 0.0203947
0 0.761834 0.627632 0.00739645 0.0210526
0 0.710799 0.559868 0.0066568 0.0355263
0 0.622411 0.405592 0.010355 0.0203947
0 0.581176 0.471382 0.00702663 0.0427632
0 0.926775 0.665461 0.0066568 0.0203947
0 0.536797 0.588487 0.0122041 0.0217105
0 0.557323 0.602632 0.0236686 0.0355263
0 0.642012 0.252632 0.0118343 0.0328947
0 0.647744 0.444737 0.0136834 0.0302632
0 0.772004 0.538487 0.00628698 0.0164474
0 0.711169 0.657237 0.00961538 0.0157895
0 0.682692 0.272039 0.0162722 0.0203947
0 0.361132 0.905592 0.016642 0.0414474
0 0.617419 0.679934 0.00554734 0.0677632
0 0.723373 0.510855 0.0133136 0.0243421
0 0.731139 0.507895 0.0066568 0.0302632
0 0.694527 0.625 0.0110947 0.0210526
0 0.606694 0.574342 0.016642 0.0486842
0 0.778291 0.567763 0.0114645 0.025
0 0.64571 0.721053 0.0362426 0.0644737
0 0.798077 0.634539 0.0310651 0.0296053
0 0.73872 0.373684 0.00480769 0.0171053
0 0.727071 0.197368 0.0170118 0.0355263
0 0.666605 0.577632 0.0210799 0.0302632
0 0.593935 0.549342 0.0118343 0.0578947
0 0.596709 0.405263 0.00258876 0.0184211
0 0.386095 0.827961 0.0347633 0.0375
0 0.817862 0.509868 0.0129438 0.0197368
0 0.672522 0.290461 0.0151627 0.0335526
0 0.759615 0.660855 0.0495562 0.0453947
0 0.703587 0.426974 0.00406805 0.0223684
0 0.803994 0.633553 0.0480769 0.0657895
0 0.663831 0.546053 0.010355 0.0289474
0 0.608173 0.530263 0.0225592 0.0105263
0 0.605584 0.611842 0.00480769 0.0157895
0 0.640163 0.316118 0.0310651 0.0190789
0 0.694342 0.438816 0.00776627 0.0223684
0 0.567308 0.625987 0.0717456 0.0532895
0 0.668454 0.510526 0.0196006 0.0460526
0 0.647744 0.610855 0.0196006 0.0177632
0 0.818417 0.457237 0.0155325 0.0342105
0 0.662352 0.434539 0.00517751 0.0230263
0 0.682323 0.496053 0.0199704 0.0328947
0 0.693602 0.677303 0.0188609 0.0322368
0 0.652367 0.499013 0.00961538 0.0217105
0 0.694712 0.315461 0.0262574 0.0203947
0 0.67659 0.240789 0.00850592 0.0144737
0 0.692308 0.550987 0.0184911 0.0217105
0 0.659209 0.259539 0.0129438 0.0388158
0 0.613536 0.502961 0.0110947 0.0348684
0 0.931398 0.672697 0.026997 0.0256579
0 0.79253 0.514803 0.035503 0.0190789
0 0.680843 0.474671 0.010355 0.0282895
0 0.579697 0.474342 0.0159024 0.0592105
0 0.714312 0.346053 0.00406805 0.0210526
0 0.647004 0.491776 0.00480769 0.0348684
0 0.617788 0.266447 0.0218195 0.0710526
0 0.6875 0.490789 0.0266272 0.102632
0 0.740015 0.314803 0.0155325 0.0322368
0 0.574149 0.614474 0.0447485 0.102632
0 0.374075 0.854276 0.00924556 0.0348684
0 0.603365 0.411842 0.0144231 0.0223684
0 0.585799 0.691118 0.0207101 0.0335526
0 0.987796 0.578947 0.0244083 0.0421053
0 0.74963 0.5375 0.0258876 0.0210526
0 0.734467 0.389803 0.00813609 0.0151316
0 0.602071 0.618421 0.0066568 0.0157895
0 0.773669 0.545395 0.0362426 0.0486842
0 0.852071 0.581908 0.056213 0.0519737
0 0.588573 0.383224 0.0159024 0.0296053
0 0.737981 0.308882 0.016642 0.0164474
0 0.690643 0.475658 0.00924556 0.0302632
0 0.590976 0.683224 0.0110947 0.0138158
0 0.752219 0.557895 0.00813609 0.025
0 0.585059 0.603947 0.0162722 0.0210526
0 0.781805 0.567105 0.00887574 0.0171053
0 0.687685 0.231579 0.0136834 0.0592105
0 0.628143 0.4125 0.0159024 0.0223684
0 0.708025 0.553289 0.0203402 0.103947
0 0.651257 0.729605 0.0184911 0.0197368
0 0.535873 0.572697 0.0133136 0.0296053
0 0.670858 0.275987 0.0295858 0.0322368
0 0.532729 0.524013 0.0543639 0.0743421
0 0.793824 0.412829 0.00702663 0.0230263
0 0.636464 0.350987 0.022929 0.0230263
0 0.688425 0.686513 0.00850592 0.0348684
0 0.772559 0.596711 0.0177515 0.0276316
0 0.686021 0.443092 0.0110947 0.0335526
0 0.64645 0.252303 0.0155325 0.0467105
0 0.564534 0.411184 0.0122041 0.0197368
0 0.615939 0.566447 0.0107249 0.0184211
0 0.693417 0.277632 0.0199704 0.0131579
0 0.599112 0.558553 0.0192308 0.0144737
0 0.847818 0.547039 0.00480769 0.0203947
0 0.60392 0.521711 0.022929 0.0197368
0 0.622966 0.63125 0.0321746 0.0282895
0 0.727256 0.603618 0.0173817 0.0243421
0 0.63628 0.260197 0.0188609 0.0375
0 0.680658 0.388487 0.00554734 0.0296053
0 0.715237 0.305921 0.00591716 0.0289474
0 0.664756 0.441776 0.0107249 0.0269737
0 0.206916 0.498355 0.0136834 0.0322368
0 0.628328 0.586513 0.0214497 0.0190789
0 0.588573 0.723026 0.0129438 0.0381579
0 0.825259 0.730592 0.00776627 0.0217105
0 0.568787 0.492105 0.00739645 0.0421053
0 0.839682 0.492434 0.0136834 0.0322368
0 0.765348 0.451974 0.0225592 0.025
0 0.596709 0.471711 0.00998521 0.0131579
0 0.746487 0.623684 0.0196006 0.0328947
0 0.595044 0.490789 0.0147929 0.0355263
0 0.648484 0.411513 0.0114645 0.0177632
0 0.675666 0.583224 0.00147929 0.0256579
0 0.675296 0.320724 0.00517751 0.0282895
0 0.632396 0.261513 0.0192308 0.0164474
0 0.555104 0.583553 0.00739645 0.0526316
0 0.647374 0.337171 0.0462278 0.0769737
0 0.706361 0.566447 0.00591716 0.025
0 0.665311 0.233553 0.0170118 0.0184211
0 0.693047 0.201316 0.0207101 0.0289474
0 0.715976 0.211513 0.00961538 0.0230263
0 0.545488 0.540132 0.0133136 0.0618421
0 0.613536 0.684539 0.00517751 0.0453947
0 0.611317 0.261842 0.0162722 0.0315789
0 0.680658 0.442763 0.00998521 0.0355263
0 0.639793 0.248684 0.00961538 0.00921053
0 0.731139 0.522368 0.0155325 0.0144737
0 0.632212 0.443092 0.0144231 0.0243421
0 0.671228 0.300329 0.00369822 0.0256579
0 0.705436 0.248684 0.00776627 0.025
0 0.661243 0.380921 0.012574 0.0223684
0 0.546228 0.435197 0.012574 0.0230263
0 0.734098 0.374671 0.00295858 0.0177632
0 0.80122 0.627961 0.0218195 0.0203947
0 0.744268 0.427961 0.00628698 0.0203947
0 0.681953 0.657237 0.0325444 0.0263158
0 0.775148 0.561513 0.00369822 0.0164474
0 0.732618 0.368092 0.0066568 0.0203947
0 0.872041 0.382895 0.0295858 0.0131579
0 0.702108 0.368092 0.0159024 0.0190789
0 0.76997 0.426645 0.0162722 0.0125
0 0.705621 0.405263 0.00517751 0.0171053
0 0.722263 0.663816 0.00369822 0.0473684
0 0.648114 0.559539 0.00850592 0.0151316
0 0.711908 0.220066 0.00813609 0.0243421
0 0.701368 0.254276 0.00480769 0.0138158
0 0.671413 0.620724 0.00850592 0.0243421
0 0.775888 0.565789 0.0258876 0.0302632
0 0.61446 0.648026 0.0210799 0.0184211
0 0.399593 0.738487 0.0173817 0.0125
0 0.627404 0.74375 0.00998521 0.0282895
0 0.765902 0.627303 0.0192308 0.0177632
0 0.688794 0.507895 0.0114645 0.0210526
0 0.681213 0.241447 0.0133136 0.0131579
0 0.631657 0.479276 0.012574 0.0269737
0 0.601331 0.404934 0.00887574 0.0230263
0 0.644231 0.389803 0.0147929 0.0282895
0 0.660688 0.393092 0.0173817 0.0203947
0 0.651442 0.219408 0.00184911 0.0256579
0 0.793084 0.508553 0.0129438 0.0197368
0 0.615939 0.512171 0.00628698 0.0309211
0 0.73003 0.419079 0.00295858 0.0131579
0 0.652367 0.256579 0.00961538 0.0263158
0 0.602626 0.471711 0.0114645 0.0157895
0 0.649223 0.284539 0.00998521 0.0480263
0 0.665865 0.457566 0.00776627 0.0190789
0 0.522189 0.552632 0.00369822 0.0289474
0 0.569342 0.624342 0.00480769 0.0355263
0 0.606324 0.505921 0.0129438 0.0302632
0 0.710614 0.382237 0.00850592 0.0342105
0 0.748521 0.53125 0.0133136 0.0111842
0 0.610022 0.654605 0.00702663 0.0131579
0 0.630917 0.585855 0.012574 0.0532895
0 0.622966 0.502303 0.00258876 0.0269737
0 0.699334 0.219737 0.0147929 0.0328947
0 0.802885 0.464145 0.0281065 0.0203947
0 0.70747 0.479276 0.0177515 0.0269737
0 0.765348 0.619408 0.00776627 0.0138158
0 0.586538 0.574671 0.0110947 0.0348684
0 0.605584 0.542105 0.0144231 0.0302632
0 0.566938 0.561513 0.00443787 0.0138158
0 0.639053 0.640789 0.0118343 0.0302632
0 0.614275 0.655921 0.0140533 0.0144737
0 0.632212 0.209539 0.0151627 0.0296053
0 0.606324 0.618421 0.0114645 0.0157895
0 0.597078 0.473684 0.0210799 0.0197368
0 0.598188 0.678289 0.00850592 0.0473684
0 0.550851 0.584868 0.00554734 0.0434211
0 0.780141 0.561184 0.00628698 0.0184211
0 0.699149 0.5375 0.016642 0.0289474
0 0.673632 0.478289 0.00924556 0.025
0 0.746857 0.620066 0.00554734 0.0203947
0 0.639423 0.425987 0.00517751 0.0322368
0 0.851701 0.434868 0.0281065 0.0223684
0 0.727256 0.474013 0.0159024 0.0440789
0 0.972448 0.300329 0.0225592 0.0230263
0 0.710429 0.400987 0.0177515 0.0164474
0 0.631657 0.539474 0.00813609 0.0171053
0 0.694157 0.616776 0.0118343 0.0177632
0 0.547337 0.560197 0.0207101 0.0296053
0 0.748706 0.427632 0.00702663 0.0184211
0 0.970044 0.308553 0.0133136 0.0144737
0 0.664941 0.226316 0.00443787 0.0223684
0 0.382766 0.758224 0.012574 0.0203947
0 0.65662 0.256908 0.00628698 0.0151316
0 0.678254 0.430263 0.0414201 0.109211
0 0.674186 0.550658 0.0170118 0.0289474
0 0.604105 0.611184 0.0114645 0.0342105
0 0.613166 0.69375 0.0495562 0.0572368
0 0.386095 0.750329 0.0155325 0.0335526
0 0.708395 0.286513 0.00702663 0.0361842
0 0.622966 0.617434 0.0151627 0.0348684
0 0.628328 0.545395 0.00961538 0.0289474
0 0.648114 0.737171 0.00998521 0.0217105
0 0.712648 0.300329 0.00517751 0.0190789
0 0.576368 0.432895 0.00998521 0.025
0 0.737241 0.424342 0.0136834 0.0263158
0 0.649593 0.535855 0.0122041 0.0282895
0 0.575629 0.471053 0.0129438 0.0355263
0 0.611871 0.507895 0.0136834 0.0144737
0 0.776997 0.603289 0.0147929 0.025
0 0.663462 0.400329 0.0162722 0.0309211
0 0.693602 0.536513 0.0114645 0.0243421
0 0.840422 0.499671 0.0181213 0.0164474
0 0.694712 0.448684 0.0255178 0.0342105
0 0.731139 0.442105 0.00961538 0.0105263
0 0.636464 0.434211 0.0214497 0.0342105
0 0.383506 0.750987 0.010355 0.0177632
0 0.71912 0.46875 0.0144231 0.0335526
0 0.80122 0.452303 0.0129438 0.0572368
0 0.644046 0.351974 0.00406805 0.0276316
0 0.639978 0.611513 0.0218195 0.0203947
0 0.642197 0.438487 0.0181213 0.0322368
0 0.71838 0.408882 0.0159024 0.0322368
0 0.712093 0.477632 0.0159024 0.0144737
0 0.66568 0.387829 0.0140533 0.0282895
0 0.751849 0.610197 0.00739645 0.0375
0 0.647374 0.467105 0.0173817 0.0657895
0 0.669564 0.226974 0.00776627 0.0289474
0 0.693602 0.290461 0.0144231 0.0506579
0 0.788646 0.579276 0.0151627 0.0506579
0 0.640163 0.308553 0.00961538 0.0210526
0 0.77145 0.530592 0.0177515 0.0480263
0 0.65699 0.262171 0.0203402 0.0230263
0 0.71912 0.258224 0.00850592 0.0217105
0 0.620192 0.522039 0.0118343 0.0177632
0 0.598373 0.491776 0.010355 0.0203947
0 0.980954 0.572039 0.0255178 0.0388158
0 0.690274 0.227961 0.00628698 0.0309211
0 0.772374 0.604934 0.00406805 0.0177632
0 0.403476 0.736184 0.0155325 0.0328947
0 0.796043 0.426316 0.0255178 0.0263158
0 0.640902 0.359539 0.0118343 0.0151316
0 0.62463 0.490789 0.0170118 0.0157895
0 0.59301 0.640132 0.0107249 0.0407895
0 0.693787 0.507237 0.0162722 0.0210526
0 0.609098 0.346053 0.0428994 0.0947368
0 0.664016 0.631908 0.00924556 0.0309211
0 0.851516 0.55 0.0639793 0.0407895
0 0.535318 0.582237 0.016642 0.0157895
0 0.618713 0.623684 0.00813609 0.0171053
0 0.733173 0.528618 0.0136834 0.0256579
0 0.723927 0.479276 0.0107249 0.0217105
0 0.682138 0.482895 0.0196006 0.0342105
0 0.652182 0.318421 0.0247781 0.0328947
0 0.575074 0.498355 0.00961538 0.0282895
0 0.730399 0.573355 0.00295858 0.0230263
0 0.623151 0.431579 0.0177515 0.0355263
0 0.6777 0.527961 0.0144231 0.0361842
0 0.735577 0.352303 0.0155325 0.0203947
0 0.531435 0.529605 0.0221893 0.0263158
0 0.632766 0.569408 0.0221893 0.0453947
0 0.669564 0.261184 0.0144231 0.0434211
0 0.692677 0.334868 0.0177515 0.0289474
0 0.67733 0.470395 0.0114645 0.0315789
0 0.763499 0.648026 0.0173817 0.0618421
0 0.71949 0.346711 0.00480769 0.0184211
0 0.788831 0.507566 0.0140533 0.0243421
0 0.794009 0.455592 0.0110947 0.0480263
0 0.738166 0.306579 0.022929 0.0657895
0 0.572115 0.468421 0.0192308 0.0631579
0 0.677515 0.264145 0.00887574 0.0361842
0 0.679364 0.3375 0.00739645 0.0315789
0 0.598927 0.683882 0.0188609 0.0243421
0 0.744268 0.448355 0.00554734 0.0151316
0 0.720229 0.478289 0.0188609 0.0315789
0 0.67807 0.65 0.0107249 0.0171053
0 0.695451 0.692763 0.0284763 0.0381579
0 0.580436 0.605263 0.0136834 0.0171053
0 0.710614 0.390461 0.00554734 0.0282895
0 0.670118 0.270724 0.0221893 0.0177632
0 0.741864 0.493092 0.0177515 0.0230263
0 0.658469 0.692105 0.0247781 0.0223684
0 0.789941 0.465132 0.0155325 0.0421053
0 0.692677 0.673026 0.0133136 0.0592105
0 0.643121 0.530592 0.00443787 0.0269737
0 0.581546 0.432895 0.0196006 0.0342105
0 0.715422 0.625 0.0151627 0.0328947
0 0.720229 0.353947 0.0144231 0.0289474
0 0.649963 0.275987 0.0210799 0.0217105
0 0.746117 0.454934 0.0122041 0.0269737
0 0.585614 0.731579 0.0129438 0.0210526
0 0.660688 0.639474 0.00850592 0.0328947
0 0.852441 0.582566 0.0140533 0.0440789
0 0.690459 0.639145 0.0118343 0.0269737
0 0.751664 0.497368 0.0210799 0.0355263
0 0.675666 0.338816 0.00591716 0.0289474
0 0.698595 0.448684 0.0133136 0.0210526
0 0.713942 0.633553 0.00406805 0.0263158
0 0.673632 0.672368 0.00702663 0.0131579
0 0.487241 0.300329 0.00776627 0.0519737
0 0.763683 0.425 0.0147929 0.0355263
0 0.712648 0.330263 0.0170118 0.0328947
0 0.661427 0.508224 0.0107249 0.0190789
0 0.598188 0.648684 0.00776627 0.0197368
0 0.747596 0.249013 0.00702663 0.0401316
0 0.622226 0.316776 0.0373521 0.0980263
0 0.643306 0.5 0.00628698 0.0368421
0 0.749815 0.433224 0.0210799 0.0217105
0 0.663462 0.437829 0.0214497 0.0625
0 0.626849 0.538816 0.00517751 0.0223684
0 0.702848 0.327961 0.0173817 0.0335526
0 0.710429 0.508553 0.00813609 0.0263158
0 0.7402 0.233553 0.0173817 0.0355263
0 0.78199 0.627303 0.0114645 0.0125
0 0.710984 0.515461 0.0129438 0.0190789
0 0.65662 0.611184 0.00702663 0.0263158
0 0.688794 0.589145 0.0033284 0.0375
0 0.617234 0.321382 0.00739645 0.0440789
0 0.491494 0.298684 0.00813609 0.0539474
0 0.675481 0.678289 0.0181213 0.0289474
0 0.569157 0.431579 0.0266272 0.0394737
0 0.701923 0.483553 0.0155325 0.0381579
0 0.748336 0.255921 0.0159024 0.0263158
0 0.730954 0.269737 0.0218195 0.0447368
0 0.734652 0.373026 0.0240385 0.0368421
0 0.594675 0.557237 0.0207101 0.0276316
0 0.69804 0.397697 0.0129438 0.0269737
0 0.682692 0.526645 0.0214497 0.0467105
0 0.733358 0.447697 0.0192308 0.0190789
0 0.671043 0.323684 0.00554734 0.0171053
0 0.611686 0.512171 0.0177515 0.0125
0 0.602811 0.492763 0.0214497 0.0342105
0 0.698964 0.212829 0.00887574 0.0375
0 0.872041 0.380592 0.022929 0.0625
0 0.659209 0.545066 0.00998521 0.0256579
0 0.648114 0.530592 0.00702663 0.0282895
0 0.657175 0.603947 0.0155325 0.0355263
0 0.705251 0.357895 0.012574 0.0407895
0 0.686206 0.588158 0.0247781 0.0434211
0 0.622966 0.625 0.0136834 0.0157895
0 0.573595 0.625987 0.00739645 0.0414474
0 0.573964 0.566776 0.0214497 0.0388158
0 0.768306 0.508553 0.016642 0.0289474
0 0.632581 0.750987 0.0240385 0.0309211
0 0.59301 0.515789 0.0136834 0.0197368
0 0.384985 0.818421 0.0244083 0.0328947
0 0.601701 0.484868 0.0118343 0.0473684
0 0.695081 0.559868 0.0107249 0.0210526
0 0.691198 0.485197 0.022929 0.0230263
0 0.69767 0.503289 0.0196006 0.0381579
0 0.55233 0.515461 0.0240385 0.0309211
0 0.830806 0.728947 0.0210799 0.0355263
0 0.694342 0.638487 0.0129438 0.0480263
0 0.769231 0.582237 0.0147929 0.0315789
0 0.710799 0.323026 0.0118343 0.0223684
0 0.707286 0.662171 0.0210799 0.0203947
0 0.585984 0.680263 0.00924556 0.0197368
0 0.571561 0.560855 0.0114645 0.0256579
0 0.968565 0.305921 0.0244083 0.0210526
0 0.59375 0.647697 0.00924556 0.0190789
0 0.824704 0.516447 0.0266272 0.0197368
0 0.611501 0.567105 0.00554734 0.0210526
0 0.623521 0.375 0.0162722 0.0236842
0 0.736317 0.398026 0.0177515 0.0210526
0 0.60355 0.529605 0.0207101 0.0157895
0 0.724667 0.676974 0.0196006 0.0328947
0 0.664571 0.306579 0.0184911 0.0368421
0 0.626664 0.478947 0.00776627 0.0289474
0 0.572485 0.521382 0.00961538 0.0480263
0 0.609283 0.438816 0.0240385 0.025
0 0.711354 0.566776 0.0129438 0.0269737
0 0.664571 0.566118 0.00369822 0.0375
0 0.676405 0.300658 0.0162722 0.0263158
0 0.681028 0.583553 0.00480769 0.0342105
0 0.720044 0.61875 0.0184911 0.0401316
0 0.82378 0.464145 0.0321746 0.0282895
0 0.585799 0.672697 0.0118343 0.0309211
0 0.647189 0.735526 0.0236686 0.0618421
0 0.551405 0.587829 0.0221893 0.0375
0 0.65699 0.7 0.00628698 0.0236842
0 0.726701 0.599342 0.0221893 0.0631579
0 0.730769 0.397039 0.0066568 0.0177632
0 0.611871 0.574013 0.0114645 0.0190789
0 0.563794 0.410197 0.0210799 0.0822368
0 0.607618 0.484539 0.0147929 0.0401316
0 0.734837 0.574671 0.0118343 0.0348684
0 0.690643 0.560197 0.0114645 0.0203947
0 0.663831 0.410855 0.0192308 0.0269737
0 0.643861 0.564803 0.0155325 0.0151316
0 0.606879 0.449013 0.010355 0.0269737
0 0.68824 0.553289 0.00887574 0.0144737
0 0.718565 0.634211 0.012574 0.0276316
0 0.768676 0.4625 0.0196006 0.0355263
0 0.697855 0.482566 0.0170118 0.0546053
0 0.643861 0.701316 0.0140533 0.0263158
0 0.692862 0.398355 0.00924556 0.0269737
0 0.654031 0.679276 0.029216 0.0348684
0 0.65662 0.329934 0.016642 0.0348684
0 0.527182 0.552632 0.0173817 0.0328947
0 0.627404 0.501645 0.00554734 0.0256579
0 0.622781 0.368421 0.0066568 0.0328947
0 0.627589 0.580592 0.0140533 0.0217105
0 0.715976 0.352632 0.0110947 0.0342105
0 0.686206 0.389145 0.0188609 0.0361842
0 0.72855 0.232895 0.0162722 0.0342105
0 0.762759 0.486184 0.029216 0.0421053
0 0.677885 0.270395 0.0170118 0.0315789
0 0.611686 0.449013 0.0140533 0.0230263
0 0.736686 0.278618 0.0236686 0.0348684
0 0.659948 0.571711 0.00258876 0.0302632
0 0.676775 0.620395 0.00961538 0.0144737
0 0.715052 0.382895 0.00776627 0.0394737
0 0.756842 0.558882 0.00850592 0.0190789
0 0.643676 0.558224 0.00924556 0.0256579
0 0.710614 0.278289 0.0173817 0.0421053
0 0.627589 0.442434 0.0192308 0.0348684
0 0.734837 0.41875 0.00739645 0.0256579
0 0.735947 0.509539 0.0207101 0.0309211
0 0.755177 0.551974 0.00591716 0.0184211
0 0.693602 0.317434 0.0210799 0.0427632
0 0.685096 0.380921 0.00998521 0.0289474
0 0.651997 0.278289 0.00443787 0.0381579
0 0.655695 0.218421 0.00517751 0.0302632
0 0.662537 0.464474 0.0159024 0.0315789
0 0.67733 0.543092 0.0136834 0.0309211
0 0.789386 0.420066 0.00480769 0.0151316
0 0.734283 0.660526 0.0203402 0.0513158
0 0.673077 0.329276 0.00887574 0.0269737
0 0.715052 0.390132 0.0129438 0.0315789
0 0.637204 0.275658 0.0244083 0.0368421
0 0.806398 0.672697 0.0196006 0.0203947
0 0.718935 0.456579 0.010355 0.0302632
0 0.727626 0.226645 0.00850592 0.0375
0 0.588757 0.380592 0.0199704 0.0598684
0 0.611132 0.452303 0.026997 0.0322368
0 0.627219 0.368421 0.0066568 0.0381579
0 0.556213 0.597039 0.012574 0.0375
0 0.70895 0.427303 0.012574 0.0269737
0 0.808062 0.679605 0.0310651 0.025
0 0.723003 0.670066 0.00961538 0.0335526
0 0.647929 0.409868 0.0199704 0.0618421
0 0.730214 0.195724 0.0232988 0.0638158
0 0.773114 0.603289 0.0255178 0.0486842
0 0.716346 0.262829 0.0133136 0.0296053
0 0.684726 0.598026 0.0114645 0.025
0 0.644601 0.204934 0.0066568 0.0282895
0 0.644601 0.707566 0.022929 0.0335526
0 0.686206 0.226974 0.00702663 0.0434211
0 0.735947 0.486184 0.00739645 0.0342105
0 0.617049 0.528947 0.0159024 0.025
0 0.716161 0.219737 0.0159024 0.0328947
0 0.689349 0.597697 0.0147929 0.0309211
0 0.574149 0.632237 0.0210799 0.0407895
0 0.823225 0.510197 0.0273669 0.0125
0 0.6152 0.270066 0.0188609 0.0388158
0 0.5723 0.492434 0.00850592 0.0282895
0 0.70784 0.411842 0.0133136 0.0276316
0 0.616494 0.440461 0.0133136 0.0388158
0 0.578587 0.467434 0.0277367 0.0875
0 0.749075 0.449013 0.00850592 0.00986842
0 0.601331 0.468421 0.022929 0.0447368
0 0.580436 0.575 0.016642 0.0328947
0 0.568047 0.529605 0.00443787 0.0263158
0 0.74057 0.486842 0.0107249 0.0302632
0 0.850962 0.432237 0.0244083 0.0697368
0 0.605214 0.352303 0.00628698 0.0322368
0 0.669749 0.671382 0.0066568 0.0203947
0 0.76997 0.434868 0.0199704 0.0328947
0 0.777552 0.627632 0.00628698 0.0157895
0 0.767382 0.579276 0.0266272 0.0480263
0 0.665126 0.640461 0.0240385 0.0335526
0 0.618713 0.690132 0.010355 0.0315789
0 0.55196 0.597039 0.00628698 0.0335526
0 0.601701 0.521382 0.0133136 0.0335526
0 0.727626 0.544737 0.0129438 0.0223684
0 0.595599 0.521711 0.0203402 0.0210526
0 0.67733 0.408553 0.0181213 0.0342105
0 0.647929 0.500658 0.010355 0.0289474
0 0.637019 0.315461 0.0129438 0.0243421
0 0.648669 0.204934 0.00961538 0.0296053
0 0.794009 0.420066 0.0177515 0.0190789
0 0.638499 0.245066 0.0255178 0.0388158
0 0.639053 0.663487 0.00887574 0.0322368
0 0.643491 0.388816 0.0214497 0.0447368
0 0.673262 0.512829 0.0181213 0.0296053
0 0.547707 0.438816 0.0236686 0.0565789
0 0.613351 0.693092 0.00998521 0.0309211
0 0.681953 0.648684 0.0177515 0.0342105
0 0.852441 0.547039 0.0066568 0.0203947
0 0.750555 0.455592 0.0129438 0.0203947
0 0.661612 0.457566 0.010355 0.0322368
0 0.652922 0.284211 0.0114645 0.0368421
0 0.785133 0.464803 0.0162722 0.0322368
0 0.731324 0.416447 0.0232988 0.0434211
0 0.713942 0.257566 0.00702663 0.0177632
0 0.647929 0.344079 0.00369822 0.0368421
0 0.735577 0.350329 0.0236686 0.0559211
0 0.589497 0.446711 0.0214497 0.0684211
0 0.694527 0.533882 0.0258876 0.0572368
0 0.752219 0.61875 0.0162722 0.0269737
0 0.579882 0.430921 0.0251479 0.0605263
0 0.638683 0.639803 0.0214497 0.0493421
0 0.623706 0.328618 0.0144231 0.0440789
0 0.618528 0.716447 0.0129438 0.0315789
0 0.63554 0.307895 0.00480769 0.0236842
0 0.636095 0.270066 0.0133136 0.0348684
0 0.778846 0.633553 0.0118343 0.0223684
0 0.746857 0.423684 0.0210799 0.0434211
0 0.673447 0.706908 0.0162722 0.0348684
0 0.630917 0.270724 0.0118343 0.0388158
0 0.534948 0.579934 0.0232988 0.0414474
0 0.661612 0.693092 0.00517751 0.0401316
0 0.609837 0.351645 0.00813609 0.0401316
0 0.713942 0.3 0.0240385 0.0578947
0 0.658099 0.225329 0.0203402 0.0269737
0 0.757212 0.478947 0.016642 0.0302632
0 0.852071 0.553618 0.0207101 0.0282895
0 0.581176 0.603947 0.0247781 0.075
0 0.665126 0.572039 0.00924556 0.0335526
0 0.640533 0.43125 0.0110947 0.0282895
0 0.643676 0.663816 0.0181213 0.0434211
0 0.677515 0.345066 0.0177515 0.0296053
0 0.764423 0.617763 0.0221893 0.0447368
0 0.644786 0.210855 0.0173817 0.0269737
0 0.653291 0.352303 0.0136834 0.0282895
0 0.57304 0.528947 0.0188609 0.0407895
0 0.846339 0.582237 0.0151627 0.0394737
0 0.597448 0.491776 0.0225592 0.0519737
0 0.622596 0.409211 0.0232988 0.0460526
0 0.610392 0.433882 0.00554734 0.0282895
0 0.661612 0.698684 0.012574 0.0276316
0 0.640348 0.35 0.00776627 0.0276316
0 0.648299 0.350329 0.010355 0.0309211
0 0.796413 0.461184 0.0218195 0.0802632
0 0.734837 0.526645 0.0244083 0.0440789
0 0.797337 0.624013 0.0221893 0.0585526
0 0.78199 0.560526 0.0232988 0.0578947
0 0.61483 0.434211 0.00850592 0.0289474
0 0.675851 0.2375 0.0218195 0.0605263
0 0.602071 0.404276 0.0214497 0.0651316
0 0.771635 0.504276 0.0255178 0.0796053
0 0.693417 0.505921 0.0251479 0.0644737
0 0.927885 0.661842 0.0170118 0.0328947
0 0.546413 0.558224 0.0232988 0.0651316
0 0.735207 0.417763 0.022929 0.0763158
0 0.663831 0.269408 0.0199704 0.0414474
0 0.710799 0.474013 0.0236686 0.0598684
0 0.610577 0.505921 0.0192308 0.0460526
0 0.69767 0.614474 0.0218195 0.0578947
0 0.584689 0.729605 0.0251479 0.075
0 0.613905 0.644737 0.0184911 0.0697368
0 0.597448 0.685197 0.0240385 0.0519737
0 0.731324 0.445066 0.0240385 0.0519737
0 0.746672 0.528289 0.0192308 0.0618421
0 0.715791 0.633553 0.0247781 0.0421053
0 0.648114 0.297039 0.0255178 0.0282895
0 0.709135 0.425 0.0240385 0.0513158
0 0.656065 0.253947 0.0199704 0.0697368
0 0.722263 0.476974 0.0199704 0.0697368
0 0.601886 0.528289 0.0203402 0.05
0 0.692862 0.273026 0.0225592 0.0697368
0 0.680658 0.442105 0.0210799 0.0644737
0 0.71838 0.608882 0.0181213 0.0796053
0 0.642936 0.700329 0.0284763 0.0651316
0 0.678624 0.468421 0.0258876 0.0539474
0 0.57304 0.560526 0.0240385 0.0776316
0 0.661243 0.610197 0.0244083 0.0664474
0 0.660873 0.512171 0.0258876 0.0296053
0 0.701738 0.367105 0.0196006 0.0407895
0 0.731139 0.395395 0.0266272 0.0526316
0 0.748706 0.482237 0.0262574 0.0447368
0 0.626479 0.477961 0.0199704 0.0690789
0 0.605769 0.481908 0.0258876 0.0611842
0 0.690274 0.551645 0.0225592 0.0572368
0 0.672522 0.322368 0.0247781 0.075
0 0.67733 0.299671 0.0247781 0.0638158
0 0.734837 0.505592 0.022929 0.0677632
0 0.668084 0.269408 0.0218195 0.0664474
0 0.664016 0.639474 0.0262574 0.0710526
0 0.71912 0.632237 0.0255178 0.0763158
0 0.767382 0.461842 0.0236686 0.0763158
0 0.837833 0.497697 0.0218195 0.0546053
0 0.525703 0.552632 0.0247781 0.0671053
0 0.639053 0.608553 0.0251479 0.0618421
0 0.705436 0.246053 0.0225592 0.0618421
0 0.756102 0.552961 0.0225592 0.0651316
0 0.787167 0.50625 0.0262574 0.0664474
0 0.734837 0.575329 0.0251479 0.0717105
0 0.605769 0.615789 0.0192308 0.0736842
0 0.59412 0.520724 0.026997 0.0388158
0 0.593565 0.556908 0.0236686 0.0546053
0 0.697855 0.445724 0.022929 0.0677632
0 0.690089 0.484539 0.022929 0.0493421
0 0.806028 0.669737 0.0210799 0.0592105
0 0.551405 0.596382 0.0281065 0.0690789
0 0.55122 0.511513 0.026997 0.0717105
0 0.649223 0.529605 0.0240385 0.0618421
0 0.592641 0.645724 0.0247781 0.0651316
0 0.660503 0.543092 0.022929 0.0730263
0 0.659948 0.389803 0.026997 0.0348684
0 0.651812 0.670066 0.0262574 0.0703947
0 0.630177 0.742434 0.0258876 0.0625
0 0.581361 0.575658 0.0258876 0.0776316
0 0.677145 0.623026 0.0288462 0.0381579
0 0.585244 0.678289 0.0262574 0.0513158
0 0.822485 0.505263 0.0251479 0.0605263
0 0.8223 0.454276 0.0262574 0.0598684
0 0.697855 0.210526 0.0258876 0.0565789
0 0.572485 0.632895 0.0266272 0.0789474
0 0.71838 0.453289 0.0247781 0.0710526
0 0.626664 0.439474 0.0218195 0.0828947
0 0.529586 0.520395 0.0207101 0.0697368
0 0.72818 0.54375 0.0244083 0.0519737
0 0.735392 0.276645 0.026997 0.0717105
0 0.706176 0.407895 0.0277367 0.0434211
0 0.621672 0.622368 0.0251479 0.0671053
0 0.767751 0.429934 0.0236686 0.0677632
0 0.686021 0.380921 0.0258876 0.0723684
0 0.631657 0.219737 0.0236686 0.0631579
0 0.705991 0.655263 0.0244083 0.0605263
0 0.710614 0.321711 0.0247781 0.0671053
0 0.848558 0.582566 0.026997 0.0664474
0 0.690089 0.597368 0.0236686 0.0868421
0 0.649038 0.500658 0.0251479 0.0618421
0 0.642197 0.663816 0.0262574 0.0763158
0 0.693232 0.683882 0.0262574 0.0782895
0 0.681583 0.582237 0.0251479 0.0789474
0 0.611501 0.565789 0.0255178 0.0763158
0 0.627404 0.579276 0.0255178 0.0677632
0 0.57341 0.492105 0.026997 0.075
0 0.668639 0.225329 0.0251479 0.0664474
0 0.652182 0.283224 0.0225592 0.0625
0 0.61446 0.694079 0.0240385 0.0710526
0 0.618713 0.716118 0.0251479 0.0861842
0 0.606879 0.448684 0.0251479 0.0565789
0 0.615385 0.528618 0.0258876 0.0651316
0 0.677145 0.268092 0.0266272 0.0625
0 0.655695 0.328289 0.0273669 0.0565789
0 0.622411 0.367434 0.0273669 0.0611842
0 0.79253 0.419408 0.0258876 0.0677632
0 0.747596 0.451974 0.026997 0.0473684
0 0.694896 0.396711 0.0251479 0.0671053
0 0.746302 0.249013 0.0266272 0.0638158
0 0.644046 0.558553 0.0262574 0.0631579
0 0.738166 0.232237 0.0251479 0.0552632
0 0.711354 0.564803 0.0240385 0.0546053
0 0.71838 0.342105 0.0240385 0.0631579
0 0.626849 0.536842 0.0266272 0.0763158
0 0.573595 0.530263 0.0281065 0.075
0 0.722263 0.667763 0.0266272 0.0684211
0 0.677145 0.343092 0.0281065 0.0664474
0 0.714497 0.381579 0.0266272 0.0684211
0 0.784393 0.462829 0.0273669 0.0756579
0 0.756287 0.475658 0.0266272 0.0671053
0 0.710614 0.508553 0.026997 0.0605263
0 0.660318 0.453947 0.0255178 0.0447368
0 0.740015 0.482566 0.0258876 0.0664474
0 0.713942 0.255592 0.0262574 0.0625
0 0.751664 0.616447 0.0284763 0.0631579
0 0.775888 0.624342 0.0258876 0.0618421
0 0.667899 0.669079 0.0258876 0.0565789
0 0.622596 0.323355 0.0262574 0.0467105
0 0.610022 0.352961 0.0277367 0.0401316
0 0.682323 0.648355 0.0273669 0.0743421
0 0.713388 0.216447 0.0258876 0.0552632
0 0.631102 0.269737 0.0255178 0.0526316
0 0.655141 0.21875 0.026997 0.0677632
0 0.627589 0.500987 0.0273669 0.0598684
0 0.643121 0.209539 0.0266272 0.0717105
0 0.684172 0.225658 0.0258876 0.0671053
0 0.671967 0.70625 0.0288462 0.0638158
0 0.852626 0.544737 0.0255178 0.0526316
0 0.725592 0.225987 0.0258876 0.0572368
0 0.664756 0.573355 0.026997 0.0572368
0 0.63517 0.305921 0.0277367 0.0578947
0 0.659578 0.699671 0.0277367 0.0690789
0 0.614645 0.433553 0.0258876 0.0552632
0 0.652182 0.350329 0.0277367 0.0651316
0 0.639978 0.432566 0.0255178 0.0585526
0 0.639793 0.350658 0.0273669 0.0618421
