0 0.102604 0.6375 0.0135417 0.0435185
0 0.985677 0.206944 0.0140625 0.0694444
0 0.714583 0.735185 0.0208333 0.0259259
0 0.81224 0.358796 0.0286458 0.152778
0 0.584896 0.158333 0.0114583 0.0296296
0 0.923177 0.437037 0.0119792 0.0222222
0 0.994792 0.223148 0.0104167 0.0388889
0 0.903906 0.131019 0.0140625 0.0268519
0 0.553906 0.728241 0.0109375 0.025
0 0.802604 0.667593 0.015625 0.0351852
0 0.381771 0.430093 0.0177083 0.0527778
0 0.397656 0.649074 0.0244792 0.0333333
0 0.888802 0.696759 0.0359375 0.108333
0 0.877083 0.536574 0.0135417 0.0361111
0 0.439583 0.165278 0.0197917 0.0398148
0 0.204167 0.365278 0.015625 0.0268519
0 0.654948 0.335648 0.0359375 0.125
0 0.560156 0.463889 0.0338542 0.124074
0 0.623438 0.734722 0.025 0.0398148
0 0.514583 0.665741 0.05625 0.0981481
0 0.807552 0.218056 0.0161458 0.0175926
0 0.861719 0.218519 0.0473958 0.101852
0 0.32526 0.282407 0.0317708 0.0481481
0 0.272917 0.518981 0.0510417 0.100926
0 0.365365 0.446296 0.0151042 0.0240741
0 0.678906 0.476852 0.0432292 0.114815
0 0.427344 0.252315 0.0203125 0.0268519
0 0.935677 0.749537 0.0234375 0.0287037
0 0.66901 0.5125 0.0130208 0.0564815
0 0.35625 0.603241 0.0197917 0.0398148
0 0.457031 0.313889 0.0244792 0.0222222
0 0.715104 0.356019 0.0270833 0.025
0 0.553125 0.736111 0.015625 0.0240741
0 0.132552 0.734722 0.0223958 0.0212963
0 0.955729 0.37037 0.0427083 0.107407
0 0.60651 0.703704 0.0130208 0.0296296
0 0.873958 0.164352 0.04375 0.0435185
0 0.253385 0.335185 0.0255208 0.0333333
0 0.00572917 0.643981 0.0114583 0.0268519
0 0.509375 0.274074 0.03125 0.114815
0 0.593229 0.415278 0.0125 0.037963
0 0.823958 0.183333 0.0479167 0.1
0 0.70599 0.235185 0.0151042 0.0407407
0 0.894271 0.269444 0.0239583 0.0351852
0 0.269531 0.273148 0.0494792 0.0888889
0 0.964323 0.255093 0.0140625 0.0342593
0 0.458594 0.183333 0.0151042 0.0259259
0 0.647917 0.251389 0.0197917 0.0546296
0 0.635938 0.251852 0.0197917 0.0685185
0 0.4 0.394907 0.0322917 0.0398148
0 0.534115 0.71713 0.0546875 0.0712963
0 0.781771 0.333796 0.015625 0.025
0 0.354427 0.520833 0.0380208 0.110185
0 0.65625 0.181481 0.0197917 0.0611111
0 0.110677 0.706019 0.0307292 0.0231481
0 0.993229 0.626389 0.0135417 0.0546296
0 0.46901 0.225 0.0171875 0.0314815
0 0.503385 0.701389 0.0484375 0.0972222
0 0.595052 0.300463 0.0348958 0.126852
0 0.622135 0.188889 0.0140625 0.0703704
0 0.942708 0.187037 0.0385417 0.111111
0 0.611458 0.336111 0.028125 0.0407407
0 0.46849 0.218056 0.0473958 0.0861111
0 0.698438 0.646296 0.00520833 0.0203704
0 0.264323 0.452315 0.0317708 0.132407
0 0.790365 0.231944 0.00885417 0.0305556
0 0.592188 0.634722 0.05625 0.0972222
0 0.785417 0.174537 0.0135417 0.0212963
0 0.29401 0.666204 0.0161458 0.0268519
0 0.428385 0.636574 0.0442708 0.0861111
0 0.411198 0.35 0.0203125 0.0240741
0 0.806771 0.667593 0.0458333 0.107407
0 0.314323 0.243056 0.0557292 0.0842593
0 0.807292 0.225926 0.01875 0.0166667
0 0.657292 0.248611 0.034375 0.0305556
0 0.404948 0.455556 0.0442708 0.103704
0 0.78151 0.637037 0.0171875 0.0462963
0 0.59375 0.493519 0.01875 0.062963
0 0.596615 0.418519 0.0338542 0.142593
0 0.99401 0.333796 0.0119792 0.0416667
0 0.33151 0.521296 0.0140625 0.0240741
0 0.749479 0.711574 0.003125 0.0268519
0 0.661458 0.575463 0.0520833 0.0953704
0 0.424219 0.623611 0.0213542 0.0453704
0 0.788021 0.449537 0.0354167 0.112037
0 0.948438 0.297685 0.0270833 0.0305556
0 0.945573 0.537963 0.0317708 0.137037
0 0.719792 0.685185 0.028125 0.0314815
0 0.652604 0.660648 0.0510417 0.0935185
0 0.556771 0.224074 0.025 0.0296296
0 0.716406 0.321296 0.0151042 0.0277778
0 0.94974 0.908796 0.0369792 0.0305556
0 0.977083 0.65 0.015625 0.0259259
0 0.224219 0.30787 0.00989583 0.0342593
0 0.177083 0.736111 0.0322917 0.037037
0 0.769271 0.256019 0.01875 0.037963
0 0.342187 0.675926 0.01875 0.0648148
0 0.731771 0.302315 0.009375 0.0453704
0 0.222917 0.765741 0.015625 0.0277778
0 0.735156 0.744444 0.0078125 0.0222222
0 0.479688 0.335185 0.046875 0.101852
0 0.0356771 0.675 0.0078125 0.0185185
0 0.852604 0.544444 0.0208333 0.0425926
0 0.572396 0.689815 0.00625 0.0240741
0 0.464844 0.775926 0.0213542 0.0222222
0 0.430208 0.180556 0.053125 0.0851852
0 0.989583 0.289815 0.0104167 0.05
0 0.692448 0.112963 0.0171875 0.0481481
0 0.160677 0.490741 0.0140625 0.0240741
0 0.895833 0.563426 0.0364583 0.137963
0 0.390365 0.326852 0.0140625 0.0462963
0 0.639583 0.468981 0.0166667 0.0287037
0 0.828125 0.637963 0.0177083 0.0407407
0 0.43151 0.179167 0.0234375 0.0675926
0 0.823177 0.66713 0.0140625 0.0398148
0 0.186198 0.489815 0.0348958 0.0388889
0 0.326302 0.760648 0.0192708 0.0268519
0 0.340625 0.714815 0.0364583 0.012963
0 0.236979 0.335185 0.0229167 0.0277778
0 0.73125 0.152315 0.0166667 0.0398148
0 0.248437 0.632407 0.0229167 0.0277778
0 0.694792 0.284722 0.015625 0.0287037
0 0.56875 0.651389 0.00833333 0.0194444
0 0.543229 0.483333 0.0354167 0.12037
0 0.622396 0.488889 0.01875 0.0277778
0 0.44375 0.618056 0.0166667 0.0305556
0 0.221094 0.328704 0.0119792 0.0148148
0 0.649219 0.277315 0.00989583 0.0324074
0 0.819531 0.57963 0.0296875 0.0296296
0 0.91276 0.249537 0.0369792 0.128704
0 0.576823 0.696759 0.0182292 0.0268519
0 0.165885 0.336111 0.0109375 0.0444444
0 0.725781 0.494444 0.0442708 0.114815
0 0.860677 0.437963 0.0192708 0.05
0 0.50599 0.276389 0.00677083 0.0268519
0 0.721094 0.429167 0.0432292 0.121296
0 0.629427 0.690278 0.0130208 0.0212963
0 0.844271 0.485185 0.021875 0.087037
0 0.441927 0.305556 0.0151042 0.0277778
0 0.810677 0.697222 0.0255208 0.0333333
0 0.899219 0.131019 0.0109375 0.0175926
0 0.266927 0.340741 0.0328125 0.0351852
0 0.72526 0.168519 0.0192708 0.0314815
0 0.0611979 0.660185 0.0151042 0.0185185
0 0.394531 0.637037 0.0515625 0.0944444
0 0.45651 0.306019 0.0182292 0.025
0 0.652604 0.705093 0.0104167 0.0324074
0 0.823958 0.697222 0.01875 0.0259259
0 0.690104 0.268981 0.015625 0.0657407
0 0.991146 0.357407 0.0104167 0.0296296
0 0.747917 0.607407 0.0479167 0.125926
0 0.993229 0.231019 0.0135417 0.0324074
0 0.88151 0.413889 0.0182292 0.0759259
0 0.622135 0.238426 0.0182292 0.0435185
0 0.656771 0.415278 0.0229167 0.0287037
0 0.688281 0.18287 0.0078125 0.0305556
0 0.54375 0.48287 0.0239583 0.0324074
0 0.992188 0.202315 0.015625 0.037963
0 0.860156 0.388426 0.0255208 0.139815
0 0.729427 0.15 0.0484375 0.101852
0 0.839583 0.15787 0.009375 0.0398148
0 0.827604 0.550463 0.028125 0.0435185
0 0.99401 0.32963 0.0119792 0.0185185
0 0.223958 0.675463 0.0177083 0.0342593
0 0.95625 0.15 0.0197917 0.037037
0 0.902604 0.623611 0.0145833 0.0175926
0 0.0557292 0.688889 0.015625 0.0648148
0 0.460417 0.306019 0.034375 0.112037
0 0.867448 0.155093 0.0161458 0.0787037
0 0.690104 0.215741 0.05 0.062963
0 0.255469 0.788426 0.0130208 0.0490741
0 0.736198 0.300926 0.00572917 0.0425926
0 0.485938 0.701852 0.0583333 0.0759259
0 0.53125 0.50463 0.0145833 0.0537037
0 0.686458 0.312963 0.0333333 0.0222222
0 0.381771 0.260185 0.0177083 0.0685185
0 0.780729 0.327315 0.00833333 0.0305556
0 0.622396 0.648148 0.0229167 0.0351852
0 0.5875 0.719907 0.0416667 0.10463
0 0.854167 0.540741 0.0458333 0.127778
0 0.364844 0.399074 0.0140625 0.0537037
0 0.990365 0.653704 0.0192708 0.0314815
0 0.728906 0.29213 0.0265625 0.037963
0 0.469271 0.377315 0.0145833 0.0287037
0 0.0664062 0.643981 0.0255208 0.0324074
0 0.277344 0.399074 0.0213542 0.0425926
0 0.455729 0.426389 0.04375 0.102778
0 0.906771 0.207407 0.0208333 0.0666667
0 0.878906 0.535648 0.0317708 0.152778
0 0.60651 0.638889 0.0213542 0.0240741
0 0.799479 0.414815 0.0239583 0.0555556
0 0.754687 0.268519 0.021875 0.0259259
0 0.703125 0.165278 0.065625 0.0916667
0 0.685677 0.364815 0.0151042 0.0388889
0 0.610677 0.268981 0.0140625 0.0287037
0 0.99401 0.293981 0.0078125 0.0638889
0 0.885156 0.453704 0.0161458 0.0277778
0 0.923698 0.717593 0.0369792 0.109259
0 0.677604 0.727778 0.015625 0.0277778
0 0.823698 0.686574 0.0140625 0.0527778
0 0.677344 0.758796 0.0119792 0.0398148
0 0.830208 0.400463 0.0395833 0.125
0 0.516406 0.253704 0.0213542 0.0240741
0 0.764063 0.181944 0.0416667 0.0990741
0 0.680208 0.696296 0.0385417 0.111111
0 0.76224 0.416667 0.0369792 0.12037
0 0.857292 0.652778 0.0208333 0.0351852
0 0.352344 0.526852 0.0171875 0.0203704
0 0.096875 0.636574 0.0166667 0.0361111
0 0.935938 0.41713 0.0260417 0.025
0 0.813021 0.54213 0.0104167 0.0601852
0 0.623698 0.187963 0.0682292 0.0425926
0 0.239063 0.802778 0.0270833 0.0462963
0 0.470313 0.289352 0.0145833 0.0416667
0 0.607813 0.216204 0.0489583 0.0805556
0 0.18724 0.430556 0.0161458 0.0333333
0 0.985937 0.156944 0.021875 0.0398148
0 0.732552 0.666667 0.0161458 0.0351852
0 0.340104 0.708333 0.0291667 0.0222222
0 0.453125 0.722685 0.0166667 0.0305556
0 0.377344 0.655556 0.0338542 0.0351852
0 0.729427 0.500926 0.0255208 0.0685185
0 0.178646 0.310185 0.040625 0.0962963
0 0.910937 0.326852 0.021875 0.0314815
0 0.21901 0.668519 0.0161458 0.0351852
0 0.36224 0.373611 0.0338542 0.025
0 0.317969 0.765741 0.0151042 0.0333333
0 0.939323 0.542593 0.0130208 0.037037
0 0.806771 0.426852 0.0416667 0.131481
0 0.536198 0.653704 0.0171875 0.0166667
0 0.206771 0.433333 0.0166667 0.0277778
0 0.995573 0.384722 0.00885417 0.037963
0 0.721354 0.118519 0.0177083 0.0314815
0 0.389062 0.480556 0.0479167 0.087037
0 0.335938 0.336574 0.0333333 0.0416667
0 0.486198 0.46713 0.0203125 0.0527778
0 0.970833 0.131481 0.0489583 0.103704
0 0.0981771 0.446296 0.0213542 0.0740741
0 0.636979 0.306019 0.0229167 0.025
0 0.55026 0.267593 0.0317708 0.0296296
0 0.58125 0.201389 0.0145833 0.0435185
0 0.49401 0.227315 0.0432292 0.0787037
0 0.489583 0.543519 0.021875 0.037037
0 0.33151 0.631481 0.0109375 0.0166667
0 0.573177 0.748148 0.0161458 0.0240741
0 0.995313 0.675463 0.009375 0.0342593
0 0.248437 0.757407 0.015625 0.0296296
0 0.934635 0.335648 0.0307292 0.0416667
0 0.906771 0.490278 0.0177083 0.0324074
0 0.411198 0.251852 0.00677083 0.0166667
0 0.426823 0.751852 0.0473958 0.0944444
0 0.910417 0.485185 0.025 0.142593
0 0.992188 0.644444 0.015625 0.0296296
0 0.944531 0.536574 0.0119792 0.0398148
0 0.699479 0.322685 0.00520833 0.0361111
0 0.982031 0.239352 0.0255208 0.0342593
0 0.610156 0.272222 0.0317708 0.114815
0 0.41849 0.705556 0.0192708 0.0277778
0 0.498177 0.499537 0.0203125 0.0712963
0 0.202604 0.326852 0.015625 0.0592593
0 0.265885 0.329167 0.0130208 0.0527778
0 0.294271 0.311574 0.0364583 0.110185
0 0.544271 0.415278 0.0239583 0.0324074
0 0.666667 0.511574 0.0239583 0.0398148
0 0.885417 0.637037 0.00625 0.0240741
0 0.778906 0.690278 0.00989583 0.0305556
0 0.81276 0.598611 0.0380208 0.123148
0 0.969792 0.256019 0.021875 0.025
0 0.557552 0.699537 0.00572917 0.0138889
0 0.997135 0.328241 0.00572917 0.0287037
0 0.689844 0.219907 0.0265625 0.0398148
0 0.23724 0.425926 0.0213542 0.012963
0 0.898698 0.733333 0.0171875 0.0407407
0 0.2375 0.431019 0.0333333 0.0231481
0 0.904427 0.410185 0.0171875 0.0314815
0 0.894271 0.27037 0.0302083 0.144444
0 0.453906 0.726852 0.0421875 0.111111
0 0.63724 0.70463 0.00989583 0.0296296
0 0.532552 0.768981 0.0119792 0.012037
0 0.552604 0.775463 0.0135417 0.0268519
0 0.36901 0.631944 0.0192708 0.0546296
0 0.902865 0.630093 0.0161458 0.0175926
0 0.729427 0.546759 0.0505208 0.126852
0 0.647917 0.6625 0.009375 0.0324074
0 0.658073 0.185185 0.0619792 0.0685185
0 0.344792 0.320833 0.0197917 0.0324074
0 0.54375 0.409259 0.0125 0.0296296
0 0.732031 0.348611 0.0286458 0.025
0 0.485677 0.716204 0.0161458 0.0231481
0 0.535417 0.775 0.0125 0.0277778
0 0.49401 0.481019 0.0442708 0.102778
0 0.838802 0.159259 0.0536458 0.103704
0 0.807031 0.505093 0.0348958 0.14537
0 0.878125 0.526389 0.0135417 0.0787037
0 0.08125 0.644907 0.01875 0.0416667
0 0.690625 0.176389 0.0135417 0.0157407
0 0.145833 0.364352 0.0375 0.113889
0 0.829687 0.538889 0.0447917 0.131481
0 0.535937 0.355556 0.0166667 0.0462963
0 0.0773437 0.449074 0.0557292 0.114815
0 0.274219 0.522222 0.0203125 0.0685185
0 0.522917 0.291204 0.01875 0.0361111
0 0.67474 0.219907 0.0140625 0.0324074
0 0.945573 0.128241 0.0380208 0.106481
0 0.752344 0.321296 0.0109375 0.0333333
0 0.847135 0.106944 0.0609375 0.0861111
0 0.31224 0.572222 0.0234375 0.0814815
0 0.864323 0.218056 0.0192708 0.0731481
0 0.609635 0.215741 0.0182292 0.0796296
0 0.994531 0.591667 0.0109375 0.0555556
0 0.803385 0.476389 0.0161458 0.0416667
0 0.777865 0.483796 0.0390625 0.10463
0 0.61276 0.156481 0.0223958 0.05
0 0.694531 0.393519 0.0223958 0.0222222
0 0.323698 0.396296 0.0171875 0.0462963
0 0.609375 0.32963 0.0427083 0.124074
0 0.341406 0.669907 0.0421875 0.0861111
0 0.229167 0.313426 0.025 0.037963
0 0.289844 0.666204 0.0171875 0.062037
0 0.194792 0.394907 0.0229167 0.0583333
0 0.232292 0.696759 0.015625 0.0361111
0 0.754167 0.203241 0.015625 0.012037
0 0.928385 0.378704 0.0192708 0.0555556
0 0.669792 0.644444 0.0145833 0.0407407
0 0.725781 0.283796 0.0453125 0.0935185
0 0.62474 0.69213 0.0161458 0.0287037
0 0.311458 0.577778 0.0375 0.114815
0 0.605469 0.573611 0.0640625 0.0675926
0 0.669531 0.319907 0.0307292 0.0324074
0 0.717708 0.258333 0.0229167 0.0314815
0 0.429688 0.34213 0.03125 0.0194444
0 0.607292 0.689352 0.0114583 0.037963
0 0.702344 0.646759 0.0109375 0.0212963
0 0.947917 0.625463 0.0229167 0.0268519
0 0.144271 0.719444 0.0239583 0.0648148
0 0.0872396 0.703704 0.0151042 0.0722222
0 0.328385 0.424074 0.0130208 0.037037
0 0.401042 0.705556 0.0197917 0.0388889
0 0.0651042 0.655093 0.0145833 0.0194444
0 0.715104 0.61713 0.015625 0.0287037
0 0.647135 0.623611 0.0171875 0.0324074
0 0.736979 0.225926 0.0135417 0.0296296
0 0.461198 0.771759 0.0453125 0.087963
0 0.528906 0.283796 0.0140625 0.025
0 0.260417 0.789352 0.0239583 0.0342593
0 0.885677 0.711574 0.0151042 0.037963
0 0.589063 0.710648 0.009375 0.0361111
0 0.865365 0.719907 0.0223958 0.037963
0 0.228125 0.452778 0.0208333 0.0277778
0 0.836719 0.6 0.0213542 0.0611111
0 0.261198 0.467593 0.0244792 0.0222222
0 0.378646 0.231019 0.0177083 0.0212963
0 0.511979 0.329167 0.04375 0.113889
0 0.66875 0.576852 0.0229167 0.087037
0 0.803646 0.325 0.015625 0.0888889
0 0.326562 0.631944 0.00520833 0.0138889
0 0.231771 0.349537 0.0166667 0.0509259
0 0.160677 0.498148 0.0109375 0.0259259
0 0.890885 0.50463 0.0276042 0.0333333
0 0.215625 0.356019 0.00833333 0.0287037
0 0.751042 0.14213 0.0229167 0.0527778
0 0.327344 0.277315 0.0182292 0.0342593
0 0.186458 0.658796 0.0135417 0.0305556
0 0.398698 0.356019 0.0182292 0.0472222
0 0.190885 0.6625 0.0140625 0.0231481
0 0.327604 0.75463 0.0385417 0.1
0 0.53099 0.267593 0.0140625 0.0462963
0 0.186198 0.483796 0.0192708 0.0342593
0 0.0104167 0.643981 0.0166667 0.0490741
0 0.249479 0.374537 0.009375 0.0268519
0 0.946354 0.90463 0.0239583 0.0611111
0 0.727865 0.284722 0.0130208 0.0453704
0 0.278646 0.755093 0.025 0.0268519
0 0.186979 0.4375 0.0260417 0.0268519
0 0.21901 0.498611 0.0296875 0.0398148
0 0.455729 0.668519 0.0208333 0.0666667
0 0.636198 0.357407 0.0244792 0.0351852
0 0.989323 0.113426 0.0182292 0.0305556
0 0.866667 0.48287 0.034375 0.037963
0 0.494271 0.240278 0.0229167 0.0361111
0 0.5375 0.725 0.0239583 0.0333333
0 0.198698 0.4875 0.0130208 0.0268519
0 0.588802 0.15463 0.0505208 0.0814815
0 0.29375 0.752315 0.01875 0.0398148
0 0.744531 0.398611 0.0296875 0.128704
0 0.535417 0.660185 0.0114583 0.012963
0 0.748438 0.273148 0.0166667 0.0574074
0 0.290625 0.752778 0.0385417 0.111111
0 0.420052 0.415278 0.0213542 0.025
0 0.870833 0.565278 0.021875 0.0157407
0 0.753125 0.614352 0.0145833 0.0898148
0 0.314844 0.757407 0.0203125 0.0203704
0 0.259635 0.781944 0.0401042 0.115741
0 0.81276 0.550463 0.0151042 0.0287037
0 0.703646 0.5 0.00833333 0.0203704
0 0.231771 0.431944 0.0166667 0.0305556
0 0.477604 0.734722 0.0197917 0.0212963
0 0.127083 0.393056 0.0208333 0.0416667
0 0.580729 0.458796 0.00833333 0.0342593
0 0.620833 0.639352 0.0385417 0.113889
0 0.323438 0.312037 0.0197917 0.0592593
0 0.674479 0.372685 0.0104167 0.0287037
0 0.902344 0.676389 0.0171875 0.037963
0 0.316406 0.366204 0.0244792 0.0287037
0 0.423958 0.481944 0.0197917 0.0305556
0 0.61875 0.639352 0.0145833 0.0416667
0 0.691927 0.183333 0.0171875 0.0259259
0 0.839844 0.256481 0.0140625 0.0685185
0 0.445052 0.605556 0.0453125 0.0888889
0 0.714323 0.35 0.0140625 0.037037
0 0.448698 0.246759 0.0234375 0.0305556
0 0.86849 0.751389 0.0151042 0.0268519
0 0.889323 0.336574 0.0161458 0.0305556
0 0.666927 0.729167 0.0119792 0.0231481
0 0.652604 0.440741 0.0208333 0.0259259
0 0.60625 0.695833 0.0354167 0.134259
0 0.52474 0.2125 0.0463542 0.0953704
0 0.584896 0.716204 0.0208333 0.0398148
0 0.141146 0.406019 0.0177083 0.087963
0 0.570052 0.21713 0.0255208 0.0268519
0 0.92474 0.156481 0.0338542 0.118519
0 0.844792 0.605093 0.0447917 0.106481
0 0.0742188 0.6875 0.0151042 0.0768519
0 0.385677 0.482407 0.0213542 0.0777778
0 0.421094 0.305556 0.0161458 0.0148148
0 0.635677 0.498611 0.0161458 0.0268519
0 0.810417 0.603704 0.0135417 0.0222222
0 0.819271 0.188426 0.015625 0.0416667
0 0.948698 0.7125 0.0140625 0.0416667
0 0.825 0.225463 0.0135417 0.0287037
0 0.720312 0.160185 0.00625 0.0296296
0 0.148698 0.688889 0.0119792 0.0537037
0 0.190885 0.667593 0.0265625 0.0222222
0 0.936198 0.596296 0.0213542 0.0314815
0 0.702604 0.295833 0.0197917 0.0490741
0 0.733073 0.308333 0.0234375 0.0351852
0 0.871094 0.160185 0.0567708 0.101852
0 0.918229 0.600926 0.01875 0.0388889
0 0.441927 0.371759 0.0265625 0.0287037
0 0.430208 0.93287 0.0166667 0.0324074
0 0.651823 0.570833 0.0109375 0.0324074
0 0.68151 0.759722 0.00989583 0.0324074
0 0.31875 0.550463 0.021875 0.0287037
0 0.698177 0.718518 0.0161458 0.037037
0 0.244271 0.280556 0.04375 0.0907407
0 0.977083 0.721296 0.0145833 0.0166667
0 0.790885 0.378241 0.0192708 0.0546296
0 0.785937 0.631019 0.0177083 0.0324074
0 0.204948 0.289815 0.0182292 0.0518519
0 0.636719 0.40787 0.0244792 0.0194444
0 0.5875 0.36713 0.0375 0.0472222
0 0.590104 0.632407 0.0125 0.0333333
0 0.244531 0.676389 0.0328125 0.0361111
0 0.435937 0.430556 0.0197917 0.0351852
0 0.766146 0.375463 0.0177083 0.0287037
0 0.0921875 0.404167 0.0520833 0.0935185
0 0.60599 0.696296 0.00572917 0.0314815
0 0.653125 0.278241 0.025 0.0342593
0 0.923958 0.541667 0.025 0.0296296
0 0.995573 0.348611 0.00885417 0.0564815
0 0.670833 0.703704 0.0239583 0.0240741
0 0.903385 0.119444 0.0171875 0.0518519
0 0.502604 0.385185 0.0145833 0.0722222
0 0.766406 0.713426 0.00989583 0.0175926
0 0.91875 0.65463 0.0166667 0.0351852
0 0.873958 0.318056 0.0166667 0.0527778
0 0.670833 0.697685 0.0114583 0.025
0 0.374219 0.350926 0.00677083 0.0388889
0 0.748177 0.654167 0.0109375 0.0305556
0 0.610156 0.363889 0.0171875 0.0574074
0 0.733594 0.25463 0.0223958 0.0222222
0 0.728906 0.638889 0.0171875 0.0481481
0 0.577604 0.689815 0.0104167 0.0296296
0 0.484635 0.0768519 0.0213542 0.0351852
0 0.0111979 0.712963 0.0192708 0.0296296
0 0.403125 0.458333 0.0177083 0.0796296
0 0.590625 0.231944 0.01875 0.025
0 0.966146 0.668519 0.0135417 0.0333333
0 0.977083 0.35463 0.0197917 0.0740741
0 0.652865 0.661574 0.0140625 0.0324074
0 0.0638021 0.659722 0.0119792 0.0694444
0 0.664583 0.520833 0.0166667 0.0287037
0 0.48151 0.27963 0.0182292 0.0833333
0 0.725 0.427778 0.021875 0.0962963
0 0.454948 0.743056 0.0182292 0.0472222
0 0.348698 0.393056 0.0203125 0.0824074
0 0.607031 0.631944 0.0119792 0.0287037
0 0.935156 0.476852 0.0171875 0.0740741
0 0.148958 0.696759 0.015625 0.0268519
0 0.765104 0.657407 0.015625 0.0833333
0 0.686198 0.630093 0.0192708 0.0324074
0 0.33151 0.618981 0.0151042 0.0268519
0 0.704427 0.506481 0.0213542 0.0259259
0 0.00442708 0.662037 0.00885417 0.0203704
0 0.681771 0.477778 0.0208333 0.0740741
0 0.95625 0.410185 0.021875 0.0759259
0 0.844271 0.729167 0.0291667 0.0361111
0 0.965885 0.603704 0.0255208 0.0351852
0 0.00963542 0.840741 0.0192708 0.0462963
0 0.315104 0.326852 0.0177083 0.0518519
0 0.611198 0.408333 0.0192708 0.0259259
0 0.34375 0.478241 0.0208333 0.0694444
0 0.73125 0.200926 0.0197917 0.0759259
0 0.385938 0.381944 0.025 0.037963
0 0.441667 0.364815 0.0125 0.0277778
0 0.856771 0.643981 0.0104167 0.0546296
0 0.502604 0.721296 0.0135417 0.0314815
0 0.553385 0.352315 0.0182292 0.037963
0 0.727344 0.548611 0.0223958 0.075
0 0.276563 0.396759 0.0375 0.115741
0 0.329167 0.639352 0.0135417 0.0361111
0 0.328646 0.272222 0.0427083 0.0888889
0 0.93125 0.639352 0.021875 0.037963
0 0.832031 0.341204 0.0171875 0.0898148
0 0.716406 0.254167 0.0130208 0.0157407
0 0.219531 0.356481 0.0192708 0.0259259
0 0.25026 0.380093 0.0244792 0.0305556
0 0.295573 0.349074 0.0203125 0.0777778
0 0.695573 0.269907 0.0234375 0.0361111
0 0.711979 0.405556 0.0135417 0.0833333
0 0.42526 0.334259 0.0182292 0.0203704
0 0.69401 0.573148 0.0223958 0.0574074
0 0.585417 0.710185 0.0104167 0.0351852
0 0.661198 0.760185 0.0203125 0.0222222
0 0.840365 0.681944 0.0171875 0.0361111
0 0.42526 0.363889 0.00989583 0.0222222
0 0.632552 0.715278 0.0182292 0.0324074
0 0.685677 0.341667 0.0203125 0.0518519
0 0.732031 0.227315 0.0161458 0.0361111
0 0.682292 0.126852 0.0208333 0.0574074
0 0.923698 0.533796 0.0161458 0.025
0 0.786198 0.742593 0.0130208 0.0203704
0 0.736198 0.751389 0.0182292 0.0287037
0 0.849479 0.609722 0.021875 0.0898148
0 0.876042 0.593056 0.0177083 0.0416667
0 0.435937 0.318981 0.0166667 0.0601852
0 0.22474 0.660648 0.0130208 0.0268519
0 0.545833 0.225 0.0177083 0.0240741
0 0.731771 0.245833 0.0145833 0.0398148
0 0.456771 0.429167 0.0177083 0.0861111
0 0.591146 0.514815 0.0145833 0.0277778
0 0.498958 0.415278 0.0177083 0.0638889
0 0.835677 0.22963 0.0192708 0.0537037
0 0.965104 0.0990741 0.0239583 0.0592593
0 0.640365 0.561111 0.00364583 0.0444444
0 0.690365 0.622222 0.0130208 0.0388889
0 0.636719 0.565741 0.00885417 0.0425926
0 0.701563 0.781482 0.0239583 0.0648148
0 0.868229 0.751389 0.0239583 0.0787037
0 0.494271 0.481944 0.0197917 0.0805556
0 0.444531 0.469907 0.0223958 0.0268519
0 0.572917 0.294907 0.01875 0.0916667
0 0.961979 0.534259 0.0197917 0.0592593
0 0.808594 0.511574 0.0223958 0.0694444
0 0.923437 0.711111 0.0197917 0.0796296
0 0.536458 0.5125 0.0229167 0.0324074
0 0.177083 0.475 0.0177083 0.05
0 0.554427 0.706019 0.0109375 0.0212963
0 0.698438 0.476852 0.0208333 0.05
0 0.992188 0.110648 0.015625 0.0509259
0 0.482552 0.342593 0.0296875 0.0407407
0 0.744792 0.475926 0.0239583 0.0666667
0 0.216667 0.326389 0.0135417 0.0268519
0 0.802083 0.743519 0.0166667 0.0296296
0 0.393229 0.2375 0.0166667 0.0657407
0 0.244792 0.373148 0.00833333 0.0351852
0 0.735937 0.712963 0.015625 0.0222222
0 0.911719 0.77963 0.0244792 0.0296296
0 0.735677 0.703704 0.0171875 0.0259259
0 0.682292 0.706944 0.01875 0.0398148
0 0.65625 0.244907 0.01875 0.0731481
0 0.394271 0.274537 0.01875 0.0657407
0 0.325521 0.521296 0.0239583 0.0685185
0 0.544531 0.317593 0.0161458 0.0685185
0 0.96849 0.697685 0.0151042 0.0268519
0 0.558594 0.705093 0.0119792 0.025
0 0.961719 0.669444 0.00885417 0.037037
0 0.114323 0.673611 0.0151042 0.0898148
0 0.594531 0.744907 0.0151042 0.0416667
0 0.0609375 0.653241 0.0114583 0.0194444
0 0.889063 0.113426 0.01875 0.075
0 0.699219 0.328704 0.0151042 0.0333333
0 0.274479 0.393519 0.0229167 0.0814815
0 0.357031 0.341204 0.0130208 0.0361111
0 0.142188 0.655093 0.0229167 0.0638889
0 0.682292 0.766667 0.0229167 0.0259259
0 0.677344 0.280556 0.0171875 0.0555556
0 0.580469 0.510648 0.0182292 0.0398148
0 0.18724 0.696759 0.0171875 0.0768519
0 0.84974 0.25 0.0161458 0.0740741
0 0.873958 0.50463 0.0197917 0.0481481
0 0.94401 0.713426 0.0130208 0.0324074
0 0.452344 0.364352 0.0151042 0.0787037
0 0.828385 0.686111 0.0151042 0.0685185
0 0.236198 0.689815 0.0109375 0.0351852
0 0.753906 0.718518 0.0192708 0.0259259
0 0.241927 0.551389 0.0213542 0.0731481
0 0.561198 0.477315 0.0213542 0.0824074
0 0.7625 0.712963 0.0114583 0.0222222
0 0.124219 0.661111 0.0203125 0.0777778
0 0.752604 0.530556 0.0166667 0.0851852
0 0.420312 0.362963 0.00833333 0.0222222
0 0.540104 0.775463 0.015625 0.0342593
0 0.770573 0.603241 0.0171875 0.0361111
0 0.773958 0.570833 0.01875 0.0583333
0 0.357031 0.603704 0.0223958 0.0851852
0 0.777344 0.485185 0.0255208 0.0703704
0 0.890625 0.184722 0.0197917 0.062037
0 0.561719 0.404167 0.0140625 0.0861111
0 0.611458 0.485648 0.0197917 0.0694444
0 0.403646 0.423148 0.0208333 0.0555556
0 0.335417 0.557407 0.0208333 0.05
0 0.511198 0.327778 0.0203125 0.0722222
0 0.419792 0.450926 0.0208333 0.0425926
0 0.35651 0.349537 0.0203125 0.0435185
0 0.240885 0.395833 0.0192708 0.0805556
0 0.460677 0.445833 0.0151042 0.0546296
0 0.556771 0.774537 0.0114583 0.0342593
0 0.957292 0.375 0.0208333 0.0851852
0 0.703646 0.535185 0.0229167 0.0277778
0 0.709896 0.133333 0.01875 0.0648148
0 0.765365 0.75 0.0182292 0.0407407
0 0.0908854 0.719444 0.0109375 0.0759259
0 0.83724 0.505093 0.0203125 0.0675926
0 0.779167 0.697222 0.0177083 0.0277778
0 0.607031 0.325463 0.0223958 0.0805556
0 0.70651 0.57963 0.0203125 0.0518519
0 0.753385 0.712963 0.00677083 0.0259259
0 0.340885 0.437963 0.0171875 0.087037
0 0.564844 0.273148 0.0151042 0.0796296
0 0.753125 0.650463 0.0166667 0.0398148
0 0.395312 0.699537 0.0177083 0.0287037
0 0.677344 0.728704 0.0234375 0.0462963
0 0.990104 0.215278 0.0177083 0.0490741
0 0.636458 0.658333 0.021875 0.0277778
0 0.874479 0.588426 0.009375 0.0287037
0 0.710417 0.268981 0.0166667 0.062037
0 0.353385 0.294907 0.0192708 0.0842593
0 0.978646 0.727778 0.021875 0.0314815
0 0.96224 0.675 0.0171875 0.0407407
0 0.924219 0.766667 0.0213542 0.0333333
0 0.936719 0.749537 0.0255208 0.0712963
0 0.548177 0.506481 0.0203125 0.0592593
0 0.298438 0.401389 0.0166667 0.0638889
0 0.244271 0.801852 0.0239583 0.087037
0 0.836719 0.406019 0.0223958 0.0898148
0 0.486719 0.397222 0.0140625 0.0796296
0 0.470052 0.2875 0.0244792 0.0712963
0 0.904167 0.564352 0.021875 0.087963
0 0.29401 0.3125 0.0161458 0.087963
0 0.795313 0.642593 0.0208333 0.0833333
0 0.852344 0.117593 0.0203125 0.0833333
0 0.377604 0.303704 0.0239583 0.0796296
0 0.644531 0.733796 0.0182292 0.062037
0 0.19401 0.282407 0.0234375 0.0574074
0 0.428646 0.673611 0.01875 0.0842593
0 0.207813 0.668519 0.0197917 0.0833333
0 0.973958 0.194444 0.0229167 0.0685185
0 0.527865 0.34213 0.0223958 0.0657407
0 0.554167 0.700463 0.015625 0.0398148
0 0.807552 0.439815 0.0234375 0.0796296
0 0.832812 0.475926 0.0177083 0.0722222
0 0.968229 0.747685 0.025 0.0842593
0 0.335677 0.519907 0.0192708 0.0694444
0 0.291406 0.481944 0.0182292 0.0824074
0 0.828906 0.541204 0.0182292 0.0824074
0 0.286458 0.42963 0.01875 0.0722222
0 0.132812 0.735648 0.021875 0.0731481
0 0.627083 0.267593 0.0197917 0.0574074
0 0.16849 0.284259 0.0244792 0.0481481
0 0.715104 0.318981 0.0239583 0.0490741
0 0.406771 0.3125 0.0197917 0.0472222
0 0.0690104 0.69537 0.0161458 0.0759259
0 0.177344 0.735648 0.0213542 0.0731481
0 0.37474 0.35787 0.0213542 0.037963
0 0.907292 0.172685 0.0208333 0.0564815
0 0.265885 0.450463 0.0161458 0.0824074
0 0.523958 0.20787 0.0177083 0.0861111
0 0.6625 0.727778 0.0145833 0.0314815
0 0.149219 0.363426 0.0182292 0.0787037
0 0.327865 0.639352 0.0255208 0.0564815
0 0.678385 0.397685 0.0161458 0.0768519
0 0.324479 0.689352 0.0166667 0.0694444
0 0.653125 0.326852 0.015625 0.0777778
0 0.514844 0.25463 0.0182292 0.0648148
0 0.540625 0.225 0.01875 0.0481481
0 0.169531 0.377315 0.0171875 0.075
0 0.557292 0.781482 0.01875 0.0314815
0 0.198177 0.376852 0.0182292 0.0740741
0 0.00677083 0.667593 0.0135417 0.0314815
0 0.226562 0.764352 0.0229167 0.0472222
0 0.811458 0.689815 0.0239583 0.0796296
0 0.573958 0.4125 0.0197917 0.0712963
0 0.45651 0.179167 0.0234375 0.0527778
0 0.132292 0.42037 0.0197917 0.0703704
0 0.265365 0.65787 0.0192708 0.062037
0 0.736198 0.612963 0.0192708 0.0611111
0 0.929688 0.146296 0.01875 0.0777778
0 0.8625 0.382407 0.01875 0.0814815
0 0.398177 0.393519 0.0192708 0.0703704
0 0.443229 0.616204 0.0229167 0.0768519
0 0.992708 0.571759 0.0145833 0.0546296
0 0.995052 0.415741 0.00989583 0.0592593
0 0.319792 0.343056 0.0166667 0.0657407
0 0.535677 0.264815 0.0203125 0.0759259
0 0.198177 0.311111 0.0171875 0.0648148
0 0.315625 0.436574 0.0145833 0.0805556
0 0.940365 0.186111 0.0223958 0.0777778
0 0.557292 0.222222 0.0177083 0.0907407
0 0.11901 0.427778 0.0182292 0.0740741
0 0.463021 0.772685 0.0229167 0.0731481
0 0.811458 0.360185 0.0229167 0.0796296
0 0.540885 0.474074 0.0223958 0.0722222
0 0.949479 0.297222 0.0208333 0.0759259
0 0.869531 0.708796 0.0265625 0.0805556
0 0.849479 0.474074 0.0145833 0.0851852
0 0.907812 0.427315 0.0177083 0.0861111
0 0.824479 0.289352 0.01875 0.087963
0 0.916406 0.250926 0.0182292 0.0907407
0 0.522396 0.675926 0.021875 0.0703704
0 0.516406 0.39213 0.0151042 0.0842593
0 0.428385 0.242593 0.0223958 0.0907407
0 0.807031 0.660648 0.0223958 0.0805556
0 0.527604 0.405556 0.021875 0.0759259
0 0.165625 0.431481 0.028125 0.0685185
0 0.770833 0.254167 0.021875 0.0824074
0 0.870313 0.649537 0.0197917 0.0787037
0 0.783073 0.324537 0.0234375 0.0842593
0 0.528906 0.768056 0.0192708 0.025
0 0.940104 0.335648 0.0239583 0.0712963
0 0.623438 0.39213 0.0197917 0.0564815
0 0.236979 0.335185 0.0197917 0.0648148
0 0.840104 0.155093 0.0208333 0.0824074
0 0.397396 0.644907 0.021875 0.075
0 0.961719 0.185185 0.0192708 0.0611111
0 0.992969 0.169907 0.0140625 0.0601852
0 0.440885 0.305093 0.0234375 0.0657407
0 0.111719 0.706019 0.0234375 0.0768519
0 0.977865 0.651852 0.0182292 0.0648148
0 0.799219 0.576852 0.0182292 0.0648148
0 0.827083 0.17037 0.01875 0.0796296
0 0.345052 0.318519 0.0255208 0.0814815
0 0.220052 0.401852 0.0171875 0.05
0 0.653385 0.696296 0.0182292 0.0740741
0 0.357031 0.371296 0.0192708 0.0648148
0 0.736458 0.752778 0.0260417 0.0851852
0 0.523698 0.47963 0.0151042 0.0722222
0 0.277865 0.66713 0.0192708 0.0546296
0 0.752344 0.259259 0.0171875 0.0685185
0 0.886458 0.7125 0.025 0.0675926
0 0.419531 0.303704 0.0223958 0.062963
0 0.986458 0.475463 0.0197917 0.0638889
0 0.911458 0.327315 0.0197917 0.075
0 0.673437 0.216204 0.0197917 0.0583333
0 0.715104 0.733333 0.021875 0.0611111
0 0.990625 0.608333 0.01875 0.0518519
0 0.326042 0.75787 0.0239583 0.062037
0 0.572656 0.750926 0.0255208 0.0777778
0 0.0484375 0.680556 0.0177083 0.0703704
0 0.979167 0.728241 0.0270833 0.0712963
0 0.254167 0.528704 0.0260417 0.0703704
0 0.265104 0.267593 0.0197917 0.087037
0 0.328646 0.395833 0.0197917 0.0731481
0 0.791146 0.227778 0.0177083 0.0814815
0 0.294792 0.658333 0.0166667 0.0722222
0 0.435937 0.645833 0.0239583 0.075
0 0.990365 0.288426 0.0192708 0.0657407
0 0.786719 0.554167 0.0182292 0.0694444
0 0.622917 0.488426 0.0229167 0.0638889
0 0.65651 0.570833 0.0234375 0.075
0 0.182031 0.385185 0.0161458 0.0777778
0 0.245052 0.474537 0.0171875 0.075
0 0.728385 0.284259 0.0203125 0.0814815
0 0.877604 0.543056 0.0229167 0.0657407
0 0.552083 0.734722 0.021875 0.0546296
0 0.641146 0.565278 0.015625 0.0416667
0 0.730729 0.150463 0.0208333 0.075
0 0.0869792 0.72963 0.01875 0.0740741
0 0.973698 0.131944 0.0203125 0.0898148
0 0.895052 0.260185 0.0192708 0.0888889
0 0.9125 0.488889 0.0177083 0.0759259
0 0.991667 0.644444 0.0166667 0.0611111
0 0.248177 0.630556 0.0203125 0.0796296
0 0.352865 0.525926 0.0192708 0.0814815
0 0.979167 0.446759 0.0208333 0.062037
0 0.595573 0.295833 0.0151042 0.087963
0 0.595573 0.414352 0.0151042 0.0805556
0 0.311198 0.680556 0.0192708 0.0666667
0 0.336458 0.334259 0.0229167 0.0833333
0 0.973437 0.497222 0.0229167 0.0648148
0 0.377344 0.646296 0.0234375 0.0759259
0 0.327083 0.275926 0.01875 0.0777778
0 0.586198 0.154167 0.0223958 0.0842593
0 0.869792 0.563426 0.0229167 0.0601852
0 0.225 0.305093 0.025 0.0694444
0 0.535417 0.718982 0.021875 0.0731481
0 0.244531 0.284259 0.0192708 0.0796296
0 0.745573 0.401389 0.0192708 0.0842593
0 0.090625 0.674537 0.0166667 0.0787037
0 0.551823 0.652315 0.0192708 0.0601852
0 0.451823 0.726389 0.0203125 0.0712963
0 0.873438 0.347685 0.0208333 0.0675926
0 0.98724 0.399074 0.0203125 0.0740741
0 0.220313 0.499537 0.021875 0.0787037
0 0.252083 0.333333 0.0208333 0.0685185
0 0.923698 0.435185 0.0140625 0.0722222
0 0.277344 0.290741 0.0234375 0.0722222
0 0.18151 0.3125 0.0203125 0.062037
0 0.823958 0.705093 0.0229167 0.0657407
0 0.0359375 0.673611 0.0239583 0.0842593
0 0.8875 0.450926 0.01875 0.0851852
0 0.469792 0.214815 0.0177083 0.0759259
0 0.170573 0.660185 0.0192708 0.0666667
0 0.661458 0.497685 0.0197917 0.0824074
0 0.854167 0.54213 0.0177083 0.0898148
0 0.716146 0.683333 0.0229167 0.0722222
0 0.427083 0.393056 0.0229167 0.0601852
0 0.769792 0.309722 0.01875 0.0712963
0 0.235677 0.424074 0.0213542 0.0685185
0 0.949479 0.623148 0.0197917 0.0833333
0 0.411198 0.347685 0.0203125 0.0805556
0 0.56875 0.651389 0.0208333 0.0675926
0 0.945312 0.715278 0.025 0.0675926
0 0.886719 0.633796 0.0192708 0.0787037
0 0.295052 0.747685 0.0213542 0.0861111
0 0.969531 0.700926 0.0244792 0.0740741
0 0.982552 0.155093 0.0223958 0.0824074
0 0.694531 0.288889 0.0234375 0.0555556
0 0.507812 0.273148 0.0177083 0.0814815
0 0.490625 0.538889 0.021875 0.0814815
0 0.751302 0.200926 0.0213542 0.0592593
0 0.628646 0.734259 0.025 0.0666667
0 0.260156 0.787037 0.0234375 0.0759259
0 0.824219 0.223148 0.0223958 0.062963
0 0.161198 0.49537 0.0182292 0.0740741
0 0.545313 0.406944 0.021875 0.0824074
0 0.732031 0.252315 0.0223958 0.062037
0 0.76901 0.176852 0.0171875 0.087037
0 0.703125 0.202315 0.021875 0.0824074
0 0.806771 0.214352 0.0208333 0.0675926
0 0.902604 0.621296 0.0166667 0.0703704
0 0.653125 0.660648 0.0229167 0.0787037
0 0.365104 0.444444 0.015625 0.0740741
0 0.732031 0.306481 0.0255208 0.0777778
0 0.469792 0.376389 0.01875 0.0712963
0 0.20625 0.43287 0.021875 0.0583333
0 0.691406 0.218056 0.0213542 0.087963
0 0.904167 0.409259 0.021875 0.0611111
0 0.278385 0.758333 0.0223958 0.0574074
0 0.694531 0.385185 0.0192708 0.0796296
0 0.457552 0.303704 0.0234375 0.0666667
0 0.716406 0.614352 0.0192708 0.0842593
0 0.319531 0.55 0.0203125 0.0814815
0 0.333073 0.618056 0.0244792 0.0694444
0 0.166146 0.343519 0.021875 0.062963
0 0.244792 0.676852 0.021875 0.0611111
0 0.81849 0.185648 0.0223958 0.0675926
0 0.898958 0.733796 0.021875 0.0824074
0 0.715625 0.348148 0.0229167 0.0722222
0 0.652865 0.276852 0.0244792 0.0814815
0 0.5875 0.357407 0.0208333 0.0907407
0 0.965885 0.320833 0.0244792 0.0731481
0 0.857552 0.643519 0.0223958 0.0814815
0 0.765625 0.371759 0.0239583 0.075
0 0.990104 0.748148 0.0197917 0.0611111
0 0.477344 0.734259 0.0265625 0.0851852
0 0.935677 0.415278 0.0182292 0.0694444
0 0.494792 0.238426 0.0197917 0.0805556
0 0.410156 0.250926 0.0192708 0.0703704
0 0.423698 0.483333 0.0223958 0.0611111
0 0.786979 0.628704 0.021875 0.062963
0 0.78724 0.445833 0.0203125 0.0768519
0 0.582292 0.458333 0.021875 0.0722222
0 0.611719 0.266204 0.0182292 0.0787037
0 0.670052 0.519907 0.0223958 0.0824074
0 0.419792 0.704167 0.021875 0.0787037
0 0.186719 0.481944 0.0171875 0.0861111
0 0.919531 0.652315 0.0203125 0.0768519
0 0.328385 0.423148 0.0192708 0.0722222
0 0.185937 0.439352 0.0177083 0.0675926
0 0.81224 0.550463 0.0255208 0.062037
0 0.653125 0.200463 0.0239583 0.0675926
0 0.484635 0.706019 0.0234375 0.0564815
0 0.448698 0.24537 0.0203125 0.0833333
0 0.932292 0.6375 0.021875 0.0861111
0 0.786198 0.169907 0.0192708 0.075
0 0.674479 0.370833 0.0229167 0.0694444
0 0.685938 0.305556 0.021875 0.0703704
0 0.969271 0.252778 0.0197917 0.0796296
0 0.261198 0.46713 0.0234375 0.0601852
0 0.652865 0.439352 0.0203125 0.0805556
0 0.698958 0.718518 0.021875 0.0685185
0 0.802344 0.743056 0.0255208 0.0787037
0 0.944271 0.126389 0.0208333 0.0712963
0 0.754167 0.31713 0.0197917 0.0805556
0 0.481771 0.342593 0.021875 0.0796296
0 0.223958 0.661574 0.0229167 0.0490741
0 0.820312 0.572685 0.021875 0.0657407
0 0.703125 0.643519 0.0208333 0.0722222
0 0.68125 0.70463 0.021875 0.0833333
0 0.377865 0.230556 0.0244792 0.0814815
0 0.845312 0.728704 0.0260417 0.087037
0 0.590104 0.513889 0.0270833 0.062963
0 0.620573 0.637963 0.0234375 0.0759259
0 0.897917 0.128241 0.0229167 0.0694444
0 0.839844 0.680093 0.0234375 0.0675926
0 0.203125 0.490741 0.021875 0.0555556
0 0.228385 0.452778 0.0203125 0.0666667
0 0.586979 0.712037 0.0239583 0.0759259
0 0.820052 0.752315 0.0276042 0.075
0 0.636458 0.713426 0.0229167 0.0564815
0 0.191146 0.661574 0.021875 0.0564815
0 0.690885 0.621759 0.0244792 0.0768519
0 0.577344 0.690278 0.0234375 0.0731481
0 0.670052 0.319907 0.0213542 0.0805556
0 0.339583 0.706944 0.021875 0.0712963
0 0.548698 0.260648 0.0223958 0.0712963
0 0.62474 0.69213 0.0213542 0.0601852
0 0.0114583 0.713889 0.0229167 0.062963
0 0.590365 0.631019 0.0213542 0.0805556
0 0.978125 0.239352 0.021875 0.075
0 0.690104 0.17037 0.0229167 0.0851852
0 0.528385 0.284259 0.0192708 0.0777778
0 0.994792 0.324537 0.0104167 0.0805556
0 0.63724 0.351389 0.0244792 0.075
0 0.786458 0.740278 0.0239583 0.0694444
0 0.68099 0.767593 0.0265625 0.0703704
0 0.94401 0.541204 0.0223958 0.0712963
0 0.891406 0.498611 0.0223958 0.0731481
0 0.869792 0.268519 0.0197917 0.0611111
0 0.149219 0.697222 0.0244792 0.0537037
0 0.315365 0.75787 0.0213542 0.062037
0 0.636458 0.496296 0.0229167 0.0703704
0 0.535417 0.658333 0.021875 0.062963
0 0.557552 0.703704 0.0255208 0.0592593
0 0.41901 0.415278 0.0223958 0.0638889
0 0.810938 0.601852 0.0208333 0.0722222
0 0.678385 0.602315 0.0244792 0.0787037
0 0.539062 0.773611 0.0260417 0.075
0 0.554167 0.351389 0.0229167 0.0861111
0 0.644271 0.468056 0.0239583 0.075
0 0.607031 0.695833 0.0213542 0.0731481
0 0.657552 0.408796 0.0234375 0.0675926
0 0.207552 0.721296 0.0244792 0.0611111
0 0.535677 0.513889 0.0265625 0.0648148
0 0.60651 0.629167 0.0223958 0.0805556
0 0.501823 0.711574 0.0244792 0.0768519
0 0.632031 0.306019 0.0213542 0.062037
0 0.963021 0.668981 0.0260417 0.0712963
0 0.736198 0.703241 0.0223958 0.0712963
0 0.866146 0.475926 0.0239583 0.0685185
0 0.704167 0.498611 0.0197917 0.0712963
0 0.315365 0.364352 0.0213542 0.0787037
0 0.891146 0.334722 0.0229167 0.0657407
0 0.569792 0.208333 0.01875 0.0722222
0 0.732813 0.343981 0.0208333 0.0601852
0 0.636198 0.402778 0.0223958 0.0574074
0 0.907031 0.780556 0.0234375 0.0685185
0 0.245312 0.373611 0.0239583 0.0712963
0 0.610677 0.408333 0.0234375 0.062963
0 0.44401 0.468981 0.0265625 0.0694444
0 0.660156 0.758333 0.0255208 0.062963
0 0.544792 0.224074 0.0197917 0.0759259
0 0.765365 0.748611 0.0244792 0.0787037
0 0.752865 0.653704 0.0255208 0.0611111
0 0.440625 0.364352 0.021875 0.0675926
0 0.215365 0.328704 0.0234375 0.0592593
0 0.422917 0.364352 0.021875 0.0601852
0 0.733333 0.225926 0.0229167 0.0796296
0 0.386979 0.37963 0.0208333 0.0777778
0 0.71849 0.252315 0.0213542 0.0768519
0 0.424219 0.336111 0.0213542 0.0666667
0 0.989583 0.698148 0.0208333 0.0555556
0 0.394271 0.698611 0.025 0.0694444
0 0.590104 0.230093 0.021875 0.062037
0 0.219531 0.35787 0.0234375 0.0583333
0 0.702344 0.536111 0.0244792 0.0666667
0 0.923437 0.53287 0.021875 0.0712963
0 0.669531 0.698611 0.0213542 0.062037
0 0.691146 0.446759 0.025 0.0712963
0 0.235938 0.692593 0.0260417 0.05
0 0.770052 0.602778 0.0265625 0.0685185
0 0.924479 0.765741 0.025 0.0685185
0 0.765365 0.7125 0.0234375 0.062037
0 0.71901 0.164815 0.0234375 0.0740741
0 0.777865 0.698611 0.0255208 0.0601852
0 0.556771 0.781944 0.0270833 0.0768519
0 0.373437 0.358333 0.0229167 0.0796296
0 0.772396 0.906018 0.025 0.0694444
0 0.0601562 0.653241 0.0244792 0.0694444
0 0.265365 0.335648 0.0244792 0.0694444
0 0.965885 0.609722 0.0255208 0.0768519
0 0.636198 0.660648 0.0244792 0.0601852
0 0.699479 0.327778 0.0239583 0.0703704
0 0.753125 0.714815 0.0260417 0.0611111
0 0.594792 0.751852 0.028125 0.0740741
0 0.661198 0.728704 0.0255208 0.0666667
0 0.873958 0.588889 0.025 0.0685185
0 0.527083 0.764815 0.0291667 0.0611111
0 0.640625 0.566204 0.0260417 0.0731481
