0 0.994531 0.637037 0.0109375 0.0185185
0 0.98125 0.665741 0.01875 0.0611111
0 0.664844 0.765278 0.0130208 0.0398148
0 0.748177 0.733796 0.0401042 0.0361111
0 0.248698 0.322685 0.0046875 0.0231481
0 0.313021 0.678704 0.0125 0.0148148
0 0.332031 0.683333 0.0171875 0.0314815
0 0.423958 0.702315 0.0166667 0.037963
0 0.442187 0.703704 0.00729167 0.05
0 0.831771 0.693056 0.0177083 0.0138889
0 0.00807292 0.0740741 0.0161458 0.0222222
0 0.964583 0.749074 0.0166667 0.00740741
0 0.35651 0.668056 0.0151042 0.0194444
0 0.697656 0.776852 0.0119792 0.0277778
0 0.401302 0.6625 0.00989583 0.0398148
0 0.45651 0.703241 0.0213542 0.0361111
0 0.792969 0.64537 0.00885417 0.0148148
0 0.424219 0.660185 0.0494792 0.0555556
0 0.192969 0.793519 0.0109375 0.012963
0 0.139062 0.3875 0.00416667 0.0546296
0 0.0950521 0.6625 0.0598958 0.087963
0 0.645573 0.942593 0.0526042 0.087037
0 0.81276 0.715741 0.0442708 0.0814815
0 0.361458 0.665278 0.0416667 0.0768519
0 0.75599 0.625 0.0109375 0.0296296
0 0.0307292 0.414352 0.0177083 0.0398148
0 0.769271 0.460185 0.0104167 0.012963
0 0.126042 0.733796 0.0114583 0.0398148
0 0.992188 0.736574 0.015625 0.0157407
0 0.627344 0.764815 0.0161458 0.0351852
0 0.252083 0.316204 0.00416667 0.0157407
0 0.00208333 0.718056 0.00416667 0.0194444
0 0.979427 0.349074 0.0203125 0.0166667
0 0.471615 0.674074 0.0182292 0.05
0 0.304688 0.72963 0.0145833 0.0388889
0 0.866927 0.645833 0.0119792 0.012037
0 0.98776 0.113426 0.0192708 0.0175926
0 0.611198 0.697222 0.0182292 0.0314815
0 0.114583 0.697685 0.0239583 0.037963
0 0.211458 0.660648 0.0145833 0.0231481
0 0.632031 0.278704 0.0015625 0.00740741
0 0.761458 0.715278 0.0479167 0.110185
0 0.272917 0.0833333 0.0125 0.0148148
0 0.751823 0.620833 0.0151042 0.0305556
0 0.670313 0.743056 0.0145833 0.0101852
0 0.647917 0.940278 0.0125 0.0157407
0 0.40599 0.694907 0.0421875 0.0601852
0 0.379167 0.760648 0.0177083 0.0601852
0 0.393229 0.662037 0.015625 0.0296296
0 0.689323 0.793056 0.0171875 0.0268519
0 0.724219 0.699537 0.0046875 0.025
0 0.20026 0.525926 0.0078125 0.0148148
0 0.421875 0.683796 0.0125 0.0175926
0 0.00234375 0.710648 0.0046875 0.0194444
0 0.928906 0.684722 0.0338542 0.0694444
0 0.339583 0.688426 0.034375 0.0916667
0 0.763281 0.515278 0.0317708 0.0212963
0 0.907552 0.673148 0.0171875 0.0407407
0 0.11875 0.739352 0.00729167 0.0675926
0 0.0390625 0.695833 0.00729167 0.0527778
0 0.297917 0.6375 0.00833333 0.0175926
0 0.777344 0.765278 0.0130208 0.0509259
0 0.059375 0.73287 0.0354167 0.0509259
0 0.394792 0.656944 0.053125 0.113889
0 0.377604 0.642593 0.009375 0.0277778
0 0.289062 0.639815 0.009375 0.0111111
0 0.407552 0.635185 0.0119792 0.0222222
0 0.178385 0.662963 0.0567708 0.142593
0 0.978385 0.641204 0.0078125 0.0157407
0 0.654688 0.940278 0.009375 0.0138889
0 0.0111979 0.712963 0.0223958 0.0333333
0 0.225521 0.719444 0.04375 0.122222
0 0.644271 0.644907 0.009375 0.00462963
0 0.483854 0.719444 0.00520833 0.012963
0 0.490885 0.713426 0.0244792 0.0268519
0 0.873698 0.688889 0.0151042 0.0222222
0 0.140104 0.47037 0.0114583 0.0240741
0 0.332812 0.740741 0.01875 0.0388889
0 0.988021 0.682407 0.0239583 0.0314815
0 0.585417 0.705093 0.0125 0.0324074
0 0.727083 0.621759 0.0125 0.0157407
0 0.194531 0.798148 0.0192708 0.0537037
0 0.359115 0.748611 0.0526042 0.121296
0 0.988802 0.693981 0.00885417 0.00462963
0 0.377865 0.683333 0.0182292 0.0259259
0 0.814062 0.622222 0.0114583 0.0537037
0 0.499219 0.126852 0.0171875 0.037037
0 0.639063 0.639352 0.003125 0.0398148
0 0.166146 0.701389 0.0114583 0.025
0 0.497135 0.693519 0.0213542 0.012963
0 0.659635 0.655093 0.0442708 0.160185
0 0.00833333 0.689815 0.0166667 0.012963
0 0.105729 0.455556 0.009375 0.0388889
0 0.00703125 0.697222 0.0140625 0.0185185
0 0.722135 0.660648 0.0390625 0.0898148
0 0.442187 0.655093 0.0729167 0.112037
0 0.410677 0.749074 0.0473958 0.101852
0 0.200781 0.0847222 0.0171875 0.0194444
0 0.929688 0.713889 0.0125 0.0314815
0 0.947917 0.651852 0.015625 0.0222222
0 0.00442708 0.733796 0.0078125 0.0157407
0 0.995833 0.65 0.00833333 0.0166667
0 0.29349 0.748611 0.0463542 0.102778
0 0.121615 0.350926 0.0078125 0.0481481
0 0.960677 0.743981 0.00989583 0.012037
0 0.966146 0.66713 0.0333333 0.0509259
0 0.440365 0.65787 0.00885417 0.0157407
0 0.16875 0.756481 0.0197917 0.0407407
0 0.594792 0.625 0.0114583 0.0296296
0 0.283854 0.674537 0.0322917 0.0435185
0 0.941146 0.68287 0.00625 0.0287037
0 0.768229 0.668056 0.00729167 0.0490741
0 0.653385 0.672222 0.0192708 0.0333333
0 0.335677 0.720833 0.0119792 0.0231481
0 0.329688 0.640278 0.0489583 0.0731481
0 0.152344 0.319907 0.0119792 0.025
0 0.776042 0.718982 0.00520833 0.0564815
0 0.279427 0.685648 0.0203125 0.0231481
0 0.728906 0.654167 0.0390625 0.0287037
0 0.190104 0.220833 0.0166667 0.012037
0 0.867969 0.661111 0.0140625 0.0592593
0 0.696875 0.66713 0.0114583 0.0212963
0 0.396875 0.713889 0.0260417 0.00925926
0 0.188802 0.213426 0.0192708 0.0157407
0 0.0598958 0.675926 0.0177083 0.012963
0 0.847656 0.66713 0.0203125 0.0472222
0 0.519792 0.663426 0.0479167 0.176852
0 0.391667 0.781018 0.053125 0.0824074
0 0.182552 0.718056 0.0203125 0.0435185
0 0.220052 0.750926 0.0161458 0.0333333
0 0.813542 0.247685 0.00625 0.025
0 0.577344 0.713889 0.0130208 0.00740741
0 0.768229 0.7875 0.0260417 0.0231481
0 0.642448 0.718056 0.0515625 0.119444
0 0.266927 0.707407 0.0151042 0.0111111
0 0.720573 0.702778 0.00989583 0.0703704
0 0.378906 0.656482 0.0171875 0.0166667
0 0.304167 0.65 0.0166667 0.0296296
0 0.203906 0.938889 0.0213542 0.0333333
0 0.847656 0.676389 0.00572917 0.0490741
0 0.123958 0.34213 0.0489583 0.0990741
0 0.0940104 0.681481 0.00885417 0.0703704
0 0.291406 0.717593 0.0348958 0.101852
0 0.611719 0.665741 0.0130208 0.0481481
0 0.431771 0.657407 0.009375 0.0185185
0 0.267448 0.714352 0.0161458 0.0175926
0 0.0614583 0.693981 0.0104167 0.0527778
0 0.196354 0.752315 0.0416667 0.0805556
0 0.427083 0.734722 0.0385417 0.037963
0 0.258594 0.685185 0.0546875 0.142593
0 0.307813 0.665741 0.025 0.0351852
0 0.626042 0.674537 0.00729167 0.0212963
0 0.218229 0.72963 0.0135417 0.0222222
0 0.322396 0.717593 0.0447917 0.159259
0 0.995313 0.719907 0.009375 0.0324074
0 0.794271 0.300463 0.00625 0.00833333
0 0.360417 0.717593 0.0354167 0.127778
0 0.329948 0.752315 0.0255208 0.037963
0 0.573698 0.649537 0.0109375 0.0324074
0 0.477083 0.683333 0.0197917 0.0314815
0 0.747917 0.782407 0.00625 0.00555556
0 0.747396 0.668981 0.00416667 0.0287037
0 0.43151 0.406944 0.0161458 0.0342593
0 0.78125 0.644444 0.0135417 0.0314815
0 0.86875 0.637963 0.0135417 0.012963
0 0.809115 0.701389 0.0140625 0.0157407
0 0.464583 0.289815 0.0114583 0.0185185
0 0.56901 0.713889 0.0244792 0.0481481
0 0.988802 0.743519 0.0140625 0.0351852
0 0.127344 0.712963 0.0119792 0.0351852
0 0.353906 0.720833 0.0359375 0.037963
0 0.158594 0.687963 0.0078125 0.0111111
0 0.908854 0.551389 0.0270833 0.0490741
0 0.938281 0.699074 0.0171875 0.0333333
0 0.771615 0.464352 0.0515625 0.115741
0 0.247917 0.316204 0.003125 0.0138889
0 0.751562 0.780556 0.015625 0.0148148
0 0.426562 0.68287 0.0364583 0.10463
0 0.491406 0.722685 0.0182292 0.0194444
0 0.264583 0.668981 0.0479167 0.062037
0 0.165625 0.352315 0.0145833 0.0675926
0 0.657031 0.693519 0.00885417 0.0148148
0 0.922135 0.127778 0.0182292 0.0277778
0 0.62526 0.681481 0.00989583 0.012963
0 0.7375 0.640278 0.0541667 0.0712963
0 0.132812 0.756944 0.0197917 0.0231481
0 0.235417 0.683333 0.0125 0.0407407
0 0.267969 0.75787 0.00989583 0.0490741
0 0.995833 0.668056 0.00625 0.0157407
0 0.146875 0.772685 0.0135417 0.0453704
0 0.56901 0.649537 0.0078125 0.0324074
0 0.398438 0.70463 0.0145833 0.0111111
0 0.63151 0.697685 0.0109375 0.025
0 0.0304688 0.406019 0.00572917 0.0453704
0 0.00885417 0.712963 0.009375 0.0444444
0 0.0114583 0.670833 0.0166667 0.0157407
0 0.902604 0.701852 0.0177083 0.0388889
0 0.0270833 0.675 0.0177083 0.0259259
0 0.209635 0.782407 0.0380208 0.0666667
0 0.664583 0.752778 0.0229167 0.0333333
0 0.586979 0.704167 0.0229167 0.062037
0 0.636979 0.648611 0.009375 0.0231481
0 0.0760417 0.708796 0.0260417 0.0157407
0 0.0690104 0.666667 0.0151042 0.0148148
0 0.059375 0.705556 0.0197917 0.0277778
0 0.277865 0.635185 0.00677083 0.0148148
0 0.883333 0.690741 0.00520833 0.0444444
0 0.953125 0.688426 0.0166667 0.0305556
0 0.642708 0.683333 0.0333333 0.131481
0 0.275 0.783333 0.0447917 0.0833333
0 0.519271 0.669444 0.0708333 0.0777778
0 0.173958 0.771296 0.0239583 0.012963
0 0.46875 0.726389 0.0229167 0.0305556
0 0.348437 0.726389 0.0125 0.0416667
0 0.740365 0.675 0.0151042 0.0314815
0 0.482812 0.72037 0.009375 0.0277778
0 0.0901042 0.660648 0.021875 0.0268519
0 0.777344 0.72037 0.0390625 0.107407
0 0.630469 0.709722 0.0192708 0.0342593
0 0.3125 0.738426 0.0333333 0.0212963
0 0.709375 0.663426 0.009375 0.0768519
0 0.754948 0.74537 0.0296875 0.116667
0 0.925521 0.67963 0.025 0.0166667
0 0.392188 0.693056 0.0322917 0.0805556
0 0.510417 0.656018 0.0104167 0.0361111
0 0.285417 0.64537 0.0145833 0.00925926
0 0.713802 0.706944 0.0171875 0.0175926
0 0.398177 0.693056 0.0171875 0.0490741
0 0.628385 0.675926 0.0255208 0.0166667
0 0.795052 0.30787 0.0130208 0.0175926
0 0.573438 0.712037 0.0145833 0.0203704
0 0.334635 0.765741 0.0276042 0.0407407
0 0.771615 0.772685 0.0078125 0.0453704
0 0.815365 0.634259 0.0307292 0.0351852
0 0.141146 0.689352 0.0260417 0.0990741
0 0.960156 0.702315 0.0223958 0.0546296
0 0.398958 0.722222 0.0458333 0.0851852
0 0.964063 0.666667 0.0177083 0.0407407
0 0.219531 0.322685 0.0213542 0.0398148
0 0.00520833 0.728704 0.0104167 0.0111111
0 0.0614583 0.734722 0.01875 0.0231481
0 0.0221354 0.697222 0.0046875 0.037037
0 0.0640625 0.724074 0.0125 0.0537037
0 0.0122396 0.684722 0.0192708 0.025
0 0.224479 0.744907 0.0302083 0.0953704
0 0.580729 0.705093 0.00729167 0.0324074
0 0.195833 0.722222 0.0322917 0.0907407
0 0.904688 0.541204 0.0229167 0.0231481
0 0.993229 0.652778 0.0135417 0.0185185
0 0.790104 0.674537 0.01875 0.0305556
0 0.478385 0.644444 0.0473958 0.087037
0 0.66901 0.746296 0.0473958 0.0925926
0 0.0953125 0.681481 0.0197917 0.0259259
0 0.769792 0.472685 0.0114583 0.025
0 0.164062 0.676852 0.00833333 0.0185185
0 0.0429688 0.701852 0.0348958 0.0407407
0 0.286198 0.714815 0.0161458 0.0203704
0 0.778125 0.699537 0.0197917 0.0509259
0 0.0742188 0.719444 0.0182292 0.0259259
0 0.403385 0.640741 0.0286458 0.0351852
0 0.744531 0.493519 0.0161458 0.0851852
0 0.411458 0.649537 0.0197917 0.0490741
0 0.478906 0.674537 0.0140625 0.0694444
0 0.76901 0.668981 0.0526042 0.0787037
0 0.710677 0.650463 0.0151042 0.0398148
0 0.960156 0.753241 0.0213542 0.0546296
0 0.911719 0.668519 0.0515625 0.0685185
0 0.920833 0.703241 0.0177083 0.0398148
0 0.41849 0.888889 0.0140625 0.0314815
0 0.78125 0.511574 0.0177083 0.0398148
0 0.889063 0.683333 0.0114583 0.0351852
0 0.671875 0.6625 0.0166667 0.0324074
0 0.382292 0.672685 0.0208333 0.0212963
0 0.427865 0.735185 0.0213542 0.0296296
0 0.361719 0.7 0.0338542 0.0611111
0 0.778385 0.781944 0.0119792 0.0305556
0 0.839063 0.691204 0.0208333 0.0287037
0 0.473437 0.748148 0.0177083 0.0351852
0 0.75599 0.633796 0.0171875 0.0268519
0 0.980469 0.693519 0.0171875 0.0444444
0 0.689062 0.622222 0.0208333 0.0481481
0 0.313542 0.685185 0.00833333 0.00925926
0 0.207813 0.693056 0.0385417 0.125
0 0.598958 0.625926 0.009375 0.0296296
0 0.135677 0.714815 0.0140625 0.0185185
0 0.660156 0.741204 0.00572917 0.0287037
0 0.252604 0.322685 0.021875 0.0194444
0 0.591927 0.69537 0.0526042 0.0907407
0 0.748438 0.674074 0.00833333 0.012963
0 0.00520833 0.667593 0.0104167 0.00555556
0 0.401563 0.726389 0.00625 0.0287037
0 0.148958 0.696296 0.01875 0.0314815
0 0.414583 0.898148 0.0125 0.0296296
0 0.944271 0.689352 0.0145833 0.0342593
0 0.773698 0.762963 0.0411458 0.112963
0 0.764583 0.508333 0.0135417 0.0314815
0 0.964323 0.68287 0.0130208 0.0324074
0 0.959375 0.689815 0.003125 0.0425926
0 0.739844 0.498148 0.0140625 0.0351852
0 0.140365 0.722685 0.0380208 0.0972222
0 0.0723958 0.710648 0.0375 0.0564815
0 0.409896 0.675926 0.0354167 0.0462963
0 0.233594 0.787037 0.0598958 0.0740741
0 0.841927 0.245833 0.0109375 0.00833333
0 0.476042 0.651852 0.01875 0.0462963
0 0.984115 0.681944 0.0140625 0.0361111
0 0.0101562 0.693981 0.0171875 0.0287037
0 0.961458 0.750463 0.0166667 0.0157407
0 0.508594 0.654167 0.0223958 0.0287037
0 0.00572917 0.736574 0.0114583 0.0138889
0 0.255208 0.699074 0.0520833 0.0648148
0 0.56875 0.677315 0.021875 0.0138889
0 0.472135 0.670833 0.00885417 0.0324074
0 0.158854 0.700926 0.03125 0.0851852
0 0.00598958 0.744907 0.0119792 0.0101852
0 0.227865 0.722222 0.0244792 0.0444444
0 0.015625 0.701852 0.015625 0.0462963
0 0.380729 0.676852 0.0114583 0.0611111
0 0.440365 0.671296 0.0442708 0.0648148
0 0.767969 0.781482 0.00885417 0.0333333
0 0.20625 0.91713 0.009375 0.0138889
0 0.664844 0.734259 0.00989583 0.0296296
0 0.426302 0.715278 0.0234375 0.0157407
0 0.322917 0.639352 0.021875 0.0101852
0 0.333854 0.67963 0.0333333 0.0277778
0 0.801042 0.698611 0.0135417 0.0472222
0 0.255729 0.727778 0.0229167 0.0351852
0 0.769271 0.711574 0.00520833 0.0398148
0 0.166667 0.69213 0.0145833 0.0212963
0 0.576823 0.706019 0.00885417 0.0231481
0 0.136979 0.723148 0.0177083 0.05
0 0.483594 0.714352 0.0151042 0.0324074
0 0.248177 0.323148 0.0234375 0.0111111
0 0.189583 0.778704 0.040625 0.107407
0 0.0765625 0.700463 0.0177083 0.0175926
0 0.182031 0.726852 0.0161458 0.0240741
0 0.722917 0.691667 0.046875 0.0981481
0 0.21901 0.653241 0.0130208 0.0324074
0 0.344792 0.720833 0.0177083 0.0212963
0 0.361719 0.66713 0.0130208 0.0175926
0 0.614844 0.689815 0.0182292 0.0333333
0 0.0111979 0.678704 0.0140625 0.0166667
0 0.454167 0.72963 0.015625 0.0314815
0 0.72474 0.777778 0.0192708 0.0351852
0 0.382031 0.702315 0.0171875 0.0287037
0 0.271094 0.751852 0.0432292 0.1
0 0.647917 0.688426 0.00416667 0.0212963
0 0.374219 0.638889 0.0192708 0.0111111
0 0.203125 0.696759 0.0177083 0.0472222
0 0.0432292 0.710185 0.0291667 0.125926
0 0.410677 0.676389 0.0151042 0.037963
0 0.888021 0.698148 0.0166667 0.0425926
0 0.465104 0.282407 0.0135417 0.0166667
0 0.641667 0.920833 0.0708333 0.0527778
0 0.00885417 0.744444 0.0177083 0.0166667
0 0.115625 0.690278 0.0145833 0.0361111
0 0.22474 0.74213 0.0276042 0.0175926
0 0.926302 0.672222 0.0119792 0.0185185
0 0.71849 0.763889 0.0171875 0.0296296
0 0.705729 0.659259 0.009375 0.0166667
0 0.809375 0.638889 0.0145833 0.0425926
0 0.66849 0.674537 0.0234375 0.0361111
0 0.917969 0.668056 0.0078125 0.0527778
0 0.572396 0.668981 0.0291667 0.0305556
0 0.819271 0.635648 0.0510417 0.087963
0 0.214844 0.689815 0.0182292 0.0481481
0 0.692708 0.681944 0.034375 0.110185
0 0.110677 0.733796 0.00572917 0.0398148
0 0.378646 0.638426 0.0552083 0.0787037
0 0.472135 0.637037 0.0213542 0.0166667
0 0.278385 0.768056 0.0130208 0.0305556
0 0.348177 0.726389 0.0463542 0.0861111
0 0.705729 0.665741 0.0114583 0.0333333
0 0.726042 0.614815 0.0125 0.0259259
0 0.661458 0.735185 0.0125 0.0592593
0 0.0682292 0.683333 0.021875 0.0351852
0 0.963802 0.690741 0.00677083 0.0407407
0 0.609375 0.646296 0.0114583 0.0444444
0 0.251823 0.711111 0.0140625 0.0518519
0 0.448698 0.305556 0.0119792 0.0203704
0 0.269271 0.676389 0.0177083 0.0342593
0 0.611198 0.690741 0.0432292 0.1
0 0.727865 0.65 0.00885417 0.0203704
0 0.854167 0.69213 0.0489583 0.0990741
0 0.360417 0.661111 0.01875 0.0240741
0 0.738542 0.726852 0.0520833 0.101852
0 0.790365 0.690741 0.0348958 0.0851852
0 0.409115 0.643981 0.0505208 0.0842593
0 0.11849 0.691204 0.0515625 0.0861111
0 0.483333 0.668056 0.075 0.0787037
0 0.976042 0.637963 0.0177083 0.0240741
0 0.495052 0.696296 0.0421875 0.0740741
0 0.726562 0.798148 0.0416667 0.111111
0 0.39349 0.715741 0.0213542 0.0259259
0 0.410677 0.731481 0.0171875 0.012963
0 0.980469 0.689815 0.0390625 0.12037
0 0.744531 0.675 0.00989583 0.0148148
0 0.732031 0.733333 0.0130208 0.0240741
0 0.992448 0.667593 0.0151042 0.0222222
0 0.808854 0.705093 0.0114583 0.0657407
0 0.201823 0.917593 0.00885417 0.0111111
0 0.21875 0.734722 0.0145833 0.00648148
0 0.866146 0.640741 0.009375 0.0314815
0 0.888281 0.691667 0.00677083 0.0444444
0 0.127604 0.743056 0.0385417 0.108333
0 0.60651 0.691667 0.0192708 0.0574074
0 0.847656 0.666204 0.0442708 0.0842593
0 0.128125 0.720833 0.0229167 0.025
0 0.0286458 0.68287 0.028125 0.0305556
0 0.0763021 0.681944 0.0223958 0.0398148
0 0.284896 0.639352 0.0114583 0.012037
0 0.939062 0.695833 0.0416667 0.0898148
0 0.672135 0.669907 0.00989583 0.0287037
0 0.28151 0.62963 0.0161458 0.0203704
0 0.427083 0.72963 0.034375 0.0185185
0 0.805469 0.693056 0.0151042 0.0342593
0 0.443229 0.701389 0.0104167 0.012037
0 0.394271 0.701389 0.00833333 0.0212963
0 0.632031 0.696759 0.0411458 0.0953704
0 0.751823 0.776389 0.0182292 0.0916667
0 0.110937 0.743056 0.0364583 0.115741
0 0.269792 0.696759 0.04375 0.0898148
0 0.774219 0.47963 0.0192708 0.0259259
0 0.00572917 0.667593 0.0114583 0.00925926
0 0.434896 0.7 0.009375 0.0351852
0 0.334375 0.759259 0.015625 0.0314815
0 0.160677 0.729167 0.0182292 0.0398148
0 0.401302 0.638889 0.0171875 0.0148148
0 0.247656 0.719444 0.0484375 0.0833333
0 0.228125 0.79537 0.03125 0.124074
0 0.438802 0.706481 0.0265625 0.0296296
0 0.231771 0.270833 0.00729167 0.0324074
0 0.244792 0.758796 0.0270833 0.0268519
0 0.914844 0.716204 0.0536458 0.0768519
0 0.00703125 0.683333 0.0140625 0.00925926
0 0.377604 0.697222 0.0114583 0.0166667
0 0.744531 0.668056 0.0453125 0.0916667
0 0.0153646 0.716204 0.0307292 0.130556
0 0.892708 0.692593 0.04375 0.103704
0 0.557031 0.664815 0.0421875 0.0611111
0 0.00677083 0.711574 0.0135417 0.0231481
0 0.509896 0.680093 0.0208333 0.0231481
0 0.486979 0.728241 0.025 0.0175926
0 0.822656 0.691204 0.0119792 0.0342593
0 0.710417 0.658333 0.009375 0.0296296
0 0.163021 0.7125 0.01875 0.025
0 0.649219 0.931481 0.00364583 0.0240741
0 0.0270833 0.691667 0.0177083 0.0277778
0 0.667448 0.743981 0.00989583 0.0805556
0 0.961198 0.680556 0.0140625 0.0574074
0 0.727344 0.654167 0.0161458 0.0472222
0 0.785156 0.680556 0.00677083 0.0203704
0 0.790625 0.301852 0.0104167 0.012963
0 0.947135 0.665278 0.0369792 0.0768519
0 0.480469 0.672222 0.0109375 0.0240741
0 0.577344 0.707407 0.0234375 0.0648148
0 0.454688 0.713426 0.0104167 0.0453704
0 0.688802 0.777778 0.0119792 0.0240741
0 0.135937 0.72037 0.0177083 0.0166667
0 0.196875 0.712963 0.0104167 0.0611111
0 0.844271 0.704167 0.03125 0.037963
0 0.83151 0.625463 0.0151042 0.0287037
0 0.43724 0.665278 0.0182292 0.0212963
0 0.601823 0.653241 0.0171875 0.0361111
0 0.36276 0.683796 0.0119792 0.0268519
0 0.379948 0.689815 0.0380208 0.0685185
0 0.778906 0.515741 0.0421875 0.116667
0 0.665104 0.740741 0.00416667 0.0166667
0 0.813802 0.651852 0.0317708 0.0333333
0 0.789062 0.689815 0.0135417 0.0240741
0 0.732813 0.636111 0.0145833 0.0444444
0 0.39349 0.711111 0.00989583 0.0185185
0 0.40599 0.733796 0.0286458 0.0324074
0 0.219792 0.683333 0.0229167 0.0240741
0 0.161719 0.697685 0.0182292 0.0157407
0 0.0588542 0.713426 0.0135417 0.0268519
0 0.639844 0.647222 0.00989583 0.0111111
0 0.196094 0.530093 0.0119792 0.0194444
0 0.871875 0.666204 0.0395833 0.0935185
0 0.692969 0.661111 0.0119792 0.0444444
0 0.111458 0.68287 0.021875 0.0324074
0 0.289062 0.671296 0.0135417 0.0203704
0 0.772917 0.465278 0.0145833 0.0324074
0 0.958333 0.74537 0.0447917 0.0574074
0 0.471615 0.742593 0.0338542 0.109259
0 0.651823 0.695833 0.0192708 0.0287037
0 0.307552 0.728241 0.0453125 0.0898148
0 0.49349 0.700926 0.0119792 0.0296296
0 0.352344 0.725463 0.0119792 0.0601852
0 0.992448 0.645833 0.0151042 0.0194444
0 0.377083 0.690741 0.009375 0.0166667
0 0.324219 0.63287 0.0223958 0.0157407
0 0.247656 0.316204 0.0244792 0.012037
0 0.223698 0.659259 0.0203125 0.0444444
0 0.14375 0.472222 0.0114583 0.0351852
0 0.235156 0.706019 0.0161458 0.0361111
0 0.644531 0.939352 0.00677083 0.025
0 0.161719 0.683796 0.00677083 0.0157407
0 0.761458 0.666667 0.0208333 0.0240741
0 0.220833 0.668519 0.0395833 0.0851852
0 0.653125 0.693519 0.0375 0.0925926
0 0.934375 0.707407 0.0135417 0.0444444
0 0.789583 0.68287 0.00833333 0.0194444
0 0.78125 0.519907 0.0104167 0.0287037
0 0.509635 0.687037 0.0265625 0.0259259
0 0.963542 0.688426 0.0375 0.115741
0 0.184635 0.135185 0.0151042 0.0333333
0 0.178385 0.752315 0.0473958 0.0824074
0 0.626823 0.675 0.0171875 0.0351852
0 0.760417 0.675 0.015625 0.0222222
0 0.0893229 0.696296 0.0109375 0.0388889
0 0.735937 0.734259 0.0114583 0.0185185
0 0.152604 0.772685 0.0395833 0.108333
0 0.645312 0.926852 0.00833333 0.0203704
0 0.26901 0.703704 0.0203125 0.0833333
0 0.105729 0.690278 0.0104167 0.0416667
0 0.18099 0.749537 0.00989583 0.0416667
0 0.255469 0.72037 0.0119792 0.0296296
0 0.991927 0.736574 0.0161458 0.0490741
0 0.577083 0.711574 0.0458333 0.0935185
0 0.613802 0.645833 0.0140625 0.0509259
0 0.451042 0.7125 0.00625 0.037963
0 0.772656 0.705556 0.0161458 0.037037
0 0.738281 0.513889 0.0130208 0.0444444
0 0.338542 0.756944 0.0583333 0.0916667
0 0.284375 0.669907 0.0104167 0.0231481
0 0.454427 0.721759 0.00572917 0.0268519
0 0.13099 0.734259 0.0192708 0.0222222
0 0.0221354 0.683796 0.0192708 0.0527778
0 0.00598958 0.69213 0.0119792 0.0138889
0 0.29375 0.744444 0.0333333 0.0240741
0 0.384896 0.75787 0.0583333 0.0731481
0 0.0268229 0.703704 0.0161458 0.037037
0 0.334115 0.670833 0.0588542 0.0694444
0 0.597656 0.655093 0.0119792 0.0231481
0 0.630469 0.274537 0.0140625 0.0101852
0 0.426823 0.722685 0.0192708 0.0175926
0 0.772656 0.782407 0.0203125 0.0388889
0 0.952083 0.676389 0.0145833 0.0287037
0 0.773438 0.718056 0.0239583 0.0231481
0 0.16901 0.772222 0.0213542 0.0481481
0 0.436458 0.658333 0.0125 0.0185185
0 0.288021 0.664815 0.0375 0.0925926
0 0.730729 0.726389 0.00416667 0.0212963
0 0.777344 0.714815 0.0109375 0.0166667
0 0.365104 0.679167 0.0135417 0.0157407
0 0.309115 0.731019 0.0213542 0.025
0 0.60651 0.681019 0.0265625 0.0287037
0 0.79375 0.302315 0.01875 0.0342593
0 0.759375 0.510185 0.0375 0.118519
0 0.207292 0.932407 0.0104167 0.0296296
0 0.293229 0.7375 0.0239583 0.0231481
0 0.665365 0.747685 0.00885417 0.0212963
0 0.0265625 0.696759 0.009375 0.0342593
0 0.940365 0.674537 0.0140625 0.0509259
0 0.951563 0.681944 0.028125 0.0361111
0 0.380469 0.760185 0.00885417 0.0148148
0 0.743229 0.780093 0.053125 0.100926
0 0.694531 0.801852 0.0494792 0.1
0 0.185937 0.752778 0.0114583 0.0314815
0 0.0744792 0.694444 0.0291667 0.131481
0 0.735937 0.726389 0.00729167 0.0194444
0 0.360938 0.677315 0.0114583 0.0157407
0 0.597917 0.639352 0.0510417 0.0990741
0 0.703125 0.8125 0.0145833 0.0398148
0 0.381771 0.697222 0.0125 0.012963
0 0.0942708 0.7 0.0270833 0.0277778
0 0.755208 0.630556 0.01875 0.0722222
0 0.0604167 0.714815 0.0322917 0.131481
0 0.776823 0.518981 0.00885417 0.0287037
0 0.421875 0.719907 0.0197917 0.0268519
0 0.567708 0.647685 0.021875 0.0638889
0 0.0145833 0.721296 0.01875 0.0296296
0 0.692708 0.666667 0.025 0.0314815
0 0.310417 0.686111 0.0395833 0.0925926
0 0.740104 0.512037 0.0333333 0.127778
0 0.153646 0.780093 0.0177083 0.0305556
0 0.66849 0.668981 0.0119792 0.0342593
0 0.251302 0.719444 0.00885417 0.0351852
0 0.224219 0.735648 0.0223958 0.012037
0 0.0278646 0.690278 0.0317708 0.137963
0 0.709896 0.662037 0.040625 0.114815
0 0.177344 0.720833 0.0203125 0.0287037
0 0.096875 0.776389 0.021875 0.0287037
0 0.0726563 0.697685 0.0140625 0.025
0 0.713281 0.700926 0.00572917 0.0240741
0 0.640625 0.643056 0.0541667 0.0916667
0 0.301823 0.638426 0.0171875 0.0194444
0 0.289844 0.712963 0.0192708 0.0388889
0 0.223958 0.72037 0.00520833 0.0407407
0 0.0927083 0.777778 0.0510417 0.0944444
0 0.164844 0.711574 0.0119792 0.0453704
0 0.14401 0.710648 0.00989583 0.0231481
0 0.272656 0.719907 0.0192708 0.0472222
0 0.98099 0.687037 0.0046875 0.0388889
0 0.00677083 0.69537 0.0135417 0.0444444
0 0.173698 0.762963 0.0192708 0.0296296
0 0.179688 0.691667 0.0333333 0.0962963
0 0.688802 0.784259 0.0161458 0.0185185
0 0.451042 0.727778 0.00729167 0.0296296
0 0.777083 0.525463 0.0145833 0.0342593
0 0.455469 0.721296 0.0411458 0.111111
0 0.935417 0.721296 0.0270833 0.037037
0 0.132552 0.711574 0.0192708 0.0416667
0 0.18125 0.690278 0.0197917 0.0342593
0 0.995573 0.660185 0.00885417 0.0259259
0 0.867448 0.675463 0.00989583 0.0416667
0 0.986198 0.686111 0.0119792 0.0740741
0 0.0729167 0.676389 0.0197917 0.0175926
0 0.671094 0.668519 0.0390625 0.1
0 0.00729167 0.676852 0.0145833 0.00740741
0 0.36875 0.72037 0.0197917 0.0277778
0 0.496875 0.691204 0.0166667 0.0416667
0 0.31276 0.68287 0.0192708 0.0694444
0 0.381771 0.691204 0.0145833 0.0157407
0 0.13151 0.66713 0.0484375 0.0972222
0 0.636198 0.706019 0.00885417 0.0268519
0 0.630729 0.703241 0.00416667 0.0324074
0 0.573438 0.669444 0.0625 0.087037
0 0.450521 0.72037 0.00416667 0.0277778
0 0.905469 0.692593 0.0151042 0.0407407
0 0.748177 0.725926 0.00677083 0.0259259
0 0.347396 0.744907 0.0104167 0.0287037
0 0.158594 0.692593 0.0161458 0.0240741
0 0.114844 0.727778 0.0192708 0.0333333
0 0.202604 0.932407 0.0104167 0.0296296
0 0.00755208 0.719444 0.0151042 0.0314815
0 0.597656 0.623611 0.0182292 0.0472222
0 0.638802 0.646759 0.0192708 0.0657407
0 0.198177 0.683333 0.0182292 0.0185185
0 0.0940104 0.693056 0.0317708 0.126852
0 0.0111979 0.674537 0.0223958 0.0194444
0 0.273958 0.677778 0.009375 0.0351852
0 0.0276042 0.721759 0.0229167 0.0490741
0 0.046875 0.439815 0.025 0.0351852
0 0.99401 0.705093 0.0119792 0.0361111
0 0.889583 0.659259 0.021875 0.037037
0 0.652604 0.690741 0.0104167 0.0259259
0 0.40625 0.662963 0.0229167 0.0351852
0 0.743229 0.674074 0.0208333 0.0740741
0 0.726823 0.790278 0.0213542 0.0324074
0 0.472135 0.743981 0.00885417 0.0268519
0 0.223698 0.728704 0.0109375 0.0222222
0 0.732292 0.649074 0.01875 0.0277778
0 0.352344 0.751852 0.0182292 0.0277778
0 0.649219 0.939352 0.0078125 0.0287037
0 0.753125 0.73287 0.0177083 0.0194444
0 0.148438 0.7125 0.0135417 0.0231481
0 0.99349 0.6875 0.0130208 0.0398148
0 0.114583 0.735185 0.0125 0.0314815
0 0.84375 0.699537 0.0208333 0.025
0 0.40599 0.728241 0.0161458 0.025
0 0.239844 0.750926 0.0192708 0.0277778
0 0.0440104 0.698611 0.0151042 0.0287037
0 0.871875 0.676852 0.0114583 0.0388889
0 0.00859375 0.735648 0.0171875 0.0324074
0 0.160677 0.716667 0.00885417 0.0388889
0 0.439063 0.700926 0.0135417 0.0277778
0 0.498958 0.707407 0.01875 0.0314815
0 0.572917 0.667593 0.0260417 0.0907407
0 0.789062 0.296759 0.0197917 0.0305556
0 0.227344 0.788889 0.00989583 0.0388889
0 0.765365 0.675 0.0203125 0.0314815
0 0.827604 0.690741 0.0135417 0.0277778
0 0.198437 0.689352 0.0239583 0.0268519
0 0.330729 0.672685 0.0208333 0.0361111
0 0.202083 0.712963 0.015625 0.0481481
0 0.336719 0.755556 0.0182292 0.0740741
0 0.385417 0.760185 0.021875 0.0259259
0 0.364062 0.714352 0.0125 0.0398148
0 0.467969 0.741667 0.00572917 0.0259259
0 0.919271 0.722222 0.0208333 0.0351852
0 0.851823 0.68287 0.0130208 0.0490741
0 0.165625 0.681481 0.0229167 0.0222222
0 0.773438 0.711111 0.009375 0.0203704
0 0.923177 0.676389 0.0171875 0.037963
0 0.0984375 0.730093 0.0114583 0.0435185
0 0.760677 0.506944 0.0171875 0.0509259
0 0.351823 0.745833 0.0109375 0.0324074
0 0.211719 0.652778 0.0203125 0.0388889
0 0.692969 0.785185 0.0203125 0.0314815
0 0.401823 0.62963 0.0213542 0.0296296
0 0.201823 0.764352 0.0130208 0.0268519
0 0.476562 0.671296 0.0166667 0.037037
0 0.991146 0.701389 0.00520833 0.0157407
0 0.752865 0.726389 0.00989583 0.0231481
0 0.0942708 0.735185 0.0145833 0.0351852
0 0.377344 0.647685 0.0234375 0.037963
0 0.26849 0.763889 0.00677083 0.0333333
0 0.274219 0.683796 0.0192708 0.0324074
0 0.130469 0.670833 0.0151042 0.0305556
0 0.719271 0.697222 0.00729167 0.0259259
0 0.348177 0.712963 0.0213542 0.0407407
0 0.278125 0.639815 0.0177083 0.0277778
0 0.697396 0.793519 0.01875 0.05
0 0.864844 0.639352 0.0223958 0.0342593
0 0.418229 0.899074 0.0197917 0.0444444
0 0.994271 0.667593 0.0114583 0.0388889
0 0.00703125 0.684722 0.0140625 0.0231481
0 0.965625 0.6875 0.0208333 0.0842593
0 0.185937 0.756481 0.0229167 0.0314815
0 0.620573 0.697685 0.0223958 0.0268519
0 0.231771 0.79537 0.0177083 0.0314815
0 0.994792 0.698611 0.00833333 0.0287037
0 0.508594 0.675 0.0244792 0.0925926
0 0.611458 0.675 0.0197917 0.0814815
0 0.0971354 0.773148 0.0255208 0.0592593
0 0.710677 0.657407 0.0182292 0.0907407
0 0.132292 0.75 0.0239583 0.0462963
0 0.664583 0.744907 0.0239583 0.0731481
0 0.890104 0.689815 0.021875 0.0851852
0 0.394271 0.702315 0.0166667 0.0731481
0 0.773438 0.781944 0.0229167 0.0842593
0 0.597396 0.652315 0.0229167 0.0824074
0 0.0611979 0.710185 0.0223958 0.0648148
0 0.286979 0.660185 0.0208333 0.0685185
0 0.953125 0.672222 0.0166667 0.0685185
0 0.273438 0.765278 0.0125 0.0361111
0 0.0138021 0.718056 0.0255208 0.0638889
0 0.769271 0.476389 0.0197917 0.0416667
0 0.814583 0.643519 0.0239583 0.0796296
0 0.939844 0.683796 0.0234375 0.0546296
0 0.669531 0.666667 0.0213542 0.0777778
0 0.740625 0.511574 0.0229167 0.0824074
0 0.694531 0.668981 0.0223958 0.0768519
0 0.423438 0.718982 0.0239583 0.0768519
0 0.178385 0.689815 0.0213542 0.0611111
0 0.132031 0.73287 0.0171875 0.0694444
0 0.219792 0.674537 0.0197917 0.0712963
0 0.293229 0.734722 0.021875 0.0731481
0 0.0947917 0.691204 0.021875 0.0731481
0 0.0270833 0.695833 0.025 0.0694444
0 0.365104 0.681019 0.0208333 0.0509259
0 0.777865 0.517593 0.0203125 0.0814815
0 0.790365 0.680556 0.0161458 0.0759259
0 0.311979 0.726852 0.01875 0.087037
0 0.90651 0.688426 0.0234375 0.0768519
0 0.434896 0.652778 0.0260417 0.0444444
0 0.0731771 0.696759 0.0223958 0.0601852
0 0.935417 0.713889 0.0239583 0.0777778
0 0.202865 0.710648 0.0265625 0.0638889
0 0.253125 0.719907 0.0208333 0.0824074
0 0.174219 0.763426 0.0223958 0.0712963
0 0.735677 0.725463 0.0192708 0.0824074
0 0.222917 0.734722 0.0229167 0.0546296
0 0.385156 0.757407 0.0244792 0.0796296
0 0.635677 0.703241 0.0203125 0.0805556
0 0.982552 0.686111 0.0244792 0.0833333
0 0.0440104 0.690741 0.0192708 0.0685185
0 0.40651 0.661111 0.0213542 0.0814815
0 0.852604 0.682407 0.0260417 0.0759259
0 0.764844 0.677315 0.0223958 0.075
0 0.727083 0.7875 0.0229167 0.0842593
0 0.152865 0.773611 0.0223958 0.0583333
0 0.240885 0.75 0.0192708 0.0703704
0 0.496615 0.698148 0.0276042 0.0481481
0 0.80651 0.697222 0.0223958 0.0611111
0 0.653646 0.688426 0.0197917 0.0712963
0 0.147917 0.711574 0.0239583 0.0546296
0 0.202604 0.765741 0.0239583 0.062963
0 0.380469 0.691667 0.0213542 0.0537037
0 0.330208 0.668519 0.0270833 0.0722222
0 0.114844 0.734259 0.0244792 0.0740741
0 0.844271 0.696296 0.0229167 0.0703704
0 0.46875 0.741667 0.025 0.0648148
0 0.366146 0.713889 0.0229167 0.0537037
0 0.161719 0.69213 0.0223958 0.037963
0 0.872917 0.674537 0.0239583 0.0675926
0 0.922917 0.668056 0.0229167 0.0657407
0 0.438802 0.696759 0.0234375 0.0712963
0 0.452083 0.72037 0.0239583 0.0703704
0 0.828125 0.688889 0.0239583 0.0703704
0 0.920052 0.713889 0.0234375 0.0759259
0 0.40651 0.726389 0.0223958 0.0712963
0 0.273698 0.683333 0.0234375 0.062963
0 0.351042 0.743056 0.0270833 0.0657407
0 0.131771 0.669444 0.025 0.0666667
0 0.761198 0.504167 0.0244792 0.0787037
0 0.201042 0.928241 0.0208333 0.0342593
0 0.111458 0.691204 0.025 0.0712963
0 0.646875 0.935185 0.01875 0.0407407
0 0.165885 0.720833 0.0244792 0.0472222
0 0.772917 0.712037 0.021875 0.0685185
0 0.485938 0.720833 0.0239583 0.0398148
0 0.476042 0.667593 0.0270833 0.0777778
0 0.23151 0.79537 0.0234375 0.0685185
0 0.186719 0.759722 0.0244792 0.0675926
0 0.732031 0.647685 0.0244792 0.0712963
0 0.718229 0.698148 0.025 0.0703704
0 0.752865 0.727315 0.0244792 0.0583333
0 0.0989583 0.736574 0.0291667 0.0638889
0 0.620052 0.699074 0.0244792 0.062963
0 0.697396 0.809722 0.025 0.0509259
0 0.991406 0.697685 0.0171875 0.0638889
0 0.272656 0.764815 0.0244792 0.0685185
