0 0.323177 0.5 0.0078125 0.0203704
0 0.877344 0.40787 0.0119792 0.0398148
0 0.327344 0.481944 0.00885417 0.0175926
0 0.351302 0.511111 0.00572917 0.0111111
0 0.476042 0.431944 0.00625 0.0138889
0 0.343229 0.558333 0.00833333 0.0203704
0 0.33151 0.443981 0.0078125 0.025
0 0.334896 0.430556 0.00625 0.012963
0 0.414062 0.518056 0.00520833 0.0194444
0 0.241927 0.551852 0.00364583 0.0314815
0 0.435677 0.431019 0.0171875 0.0268519
0 0.380729 0.490741 0.00625 0.0203704
0 0.401823 0.440741 0.0078125 0.0203704
0 0.472656 0.49213 0.00885417 0.0194444
0 0.34349 0.524537 0.00677083 0.0157407
0 0.329948 0.423611 0.0109375 0.00833333
0 0.191667 0.569444 0.00729167 0.0111111
0 0.270833 0.483333 0.0177083 0.0222222
0 0.446615 0.417593 0.00677083 0.00925926
0 0.346615 0.578704 0.00989583 0.0166667
0 0.171875 0.575463 0.00520833 0.00833333
0 0.486198 0.467593 0.00885417 0.0111111
0 0.529167 0.572222 0.00729167 0.00740741
0 0.421615 0.5625 0.0046875 0.012037
0 0.438021 0.482407 0.0385417 0.0240741
0 0.447135 0.556944 0.0109375 0.0305556
0 0.05 0.586111 0.00625 0.00740741
0 0.440885 0.445833 0.0151042 0.0231481
0 0.525781 0.575926 0.00260417 0.012963
0 0.317708 0.518519 0.009375 0.0111111
0 0.296615 0.475463 0.00677083 0.0175926
0 0.278906 0.591204 0.00677083 0.00833333
0 0.350781 0.542593 0.00677083 0.0148148
0 0.492969 0.561574 0.00677083 0.0175926
0 0.497135 0.439815 0.00572917 0.0166667
0 0.401302 0.526852 0.00677083 0.0166667
0 0.292708 0.510648 0.009375 0.0231481
0 0.419271 0.506481 0.0104167 0.0148148
0 0.441667 0.518519 0.046875 0.0351852
0 0.375521 0.561574 0.00625 0.0212963
0 0.203385 0.567593 0.00989583 0.0388889
0 0.464583 0.50463 0.0177083 0.0166667
0 0.351302 0.481481 0.0078125 0.0166667
0 0.373177 0.847222 0.0109375 0.012963
0 0.367448 0.52963 0.00885417 0.0148148
0 0.338802 0.439352 0.0078125 0.0157407
0 0.320833 0.508333 0.0197917 0.00925926
0 0.175521 0.568981 0.00520833 0.0138889
0 0.49349 0.439815 0.00677083 0.012963
0 0.344792 0.488889 0.0447917 0.0203704
0 0.355208 0.431481 0.0114583 0.0166667
0 0.304167 0.453704 0.03125 0.0277778
0 0.28125 0.507407 0.01875 0.0259259
0 0.326042 0.575463 0.00416667 0.0212963
0 0.279427 0.526852 0.0307292 0.0351852
0 0.322396 0.488889 0.00625 0.0166667
0 0.379687 0.533796 0.03125 0.0194444
0 0.40026 0.540278 0.0046875 0.0138889
0 0.364062 0.517593 0.009375 0.00925926
0 0.300781 0.525926 0.00677083 0.0185185
0 0.411979 0.526389 0.0145833 0.0268519
0 0.41276 0.410648 0.0078125 0.0157407
0 0.443229 0.468981 0.009375 0.012037
0 0.447135 0.52037 0.0078125 0.0222222
0 0.336979 0.503704 0.00208333 0.012963
0 0.430729 0.452778 0.00729167 0.012963
0 0.479688 0.568981 0.00729167 0.0138889
0 0.411979 0.431481 0.0354167 0.0425926
0 0.392969 0.452778 0.00677083 0.0111111
0 0.317448 0.489815 0.00677083 0.0185185
0 0.464583 0.415278 0.0135417 0.0453704
0 0.363802 0.510648 0.0078125 0.0138889
0 0.38099 0.568519 0.00885417 0.0203704
0 0.384635 0.499537 0.00885417 0.0175926
0 0.254167 0.555093 0.00625 0.0194444
0 0.423177 0.460185 0.00572917 0.0185185
0 0.409375 0.568981 0.00520833 0.012037
0 0.416927 0.410185 0.00885417 0.00740741
0 0.34349 0.497685 0.00885417 0.0231481
0 0.429688 0.481481 0.0125 0.0148148
0 0.426823 0.564352 0.00364583 0.0305556
0 0.500521 0.512037 0.00520833 0.012963
0 0.410677 0.408796 0.0161458 0.0212963
0 0.464063 0.499537 0.00729167 0.0175926
0 0.342448 0.481944 0.0140625 0.0194444
0 0.368229 0.513426 0.00625 0.0194444
0 0.183854 0.568519 0.00833333 0.0166667
0 0.409635 0.461111 0.0078125 0.00925926
0 0.431771 0.46713 0.0125 0.0212963
0 0.27474 0.5625 0.00572917 0.0194444
0 0.263021 0.481944 0.00729167 0.0175926
0 0.486979 0.513426 0.0385417 0.0342593
0 0.414844 0.400926 0.0182292 0.0259259
0 0.57474 0.522685 0.0078125 0.0194444
0 0.347135 0.51713 0.0078125 0.012037
0 0.321615 0.569444 0.00677083 0.00925926
0 0.30599 0.506019 0.0161458 0.0231481
0 0.857292 0.677315 0.0177083 0.012037
0 0.273177 0.513426 0.00677083 0.0361111
0 0.301302 0.489815 0.0078125 0.0185185
0 0.427344 0.407407 0.0130208 0.0203704
0 0.455208 0.526852 0.0145833 0.0259259
0 0.468229 0.431481 0.00416667 0.0111111
0 0.347396 0.488889 0.009375 0.0166667
0 0.477083 0.499537 0.00729167 0.0157407
0 0.479688 0.431944 0.00520833 0.0175926
0 0.401563 0.473148 0.00833333 0.0166667
0 0.868229 0.719907 0.01875 0.0527778
0 0.413542 0.455093 0.0104167 0.0157407
0 0.317448 0.452315 0.00885417 0.0175926
0 0.301042 0.510185 0.00729167 0.0333333
0 0.371094 0.562037 0.00677083 0.0185185
0 0.488281 0.568056 0.0046875 0.0175926
0 0.463542 0.446759 0.00729167 0.025
0 0.344271 0.564815 0.0125 0.0296296
0 0.334635 0.505093 0.00572917 0.0231481
0 0.48099 0.414815 0.0140625 0.0351852
0 0.439323 0.512963 0.0078125 0.0185185
0 0.44375 0.556481 0.0114583 0.037037
0 0.452344 0.482407 0.00572917 0.0203704
0 0.424479 0.55 0.0395833 0.037037
0 0.476823 0.423611 0.0151042 0.0305556
0 0.454688 0.430556 0.00833333 0.0111111
0 0.354688 0.425 0.009375 0.0185185
0 0.368229 0.431944 0.00833333 0.025
0 0.304688 0.439352 0.00833333 0.0138889
0 0.346875 0.569907 0.00833333 0.0194444
0 0.377865 0.416667 0.0151042 0.0296296
0 0.3125 0.460185 0.0229167 0.0203704
0 0.402344 0.43287 0.00885417 0.0194444
0 0.428906 0.571296 0.0046875 0.0148148
0 0.308073 0.423148 0.0213542 0.0185185
0 0.402344 0.508796 0.0109375 0.0157407
0 0.388281 0.562037 0.0046875 0.0166667
0 0.391146 0.497685 0.040625 0.0212963
0 0.418229 0.45463 0.00729167 0.0148148
0 0.451823 0.541667 0.0078125 0.0259259
0 0.471875 0.431944 0.00729167 0.0194444
0 0.175781 0.576389 0.00572917 0.00833333
0 0.408073 0.490278 0.0255208 0.0175926
0 0.329688 0.525926 0.00416667 0.0240741
0 0.2875 0.575463 0.00520833 0.0175926
0 0.213281 0.57037 0.0151042 0.0240741
0 0.31901 0.423611 0.0192708 0.0194444
0 0.334635 0.489352 0.00989583 0.0157407
0 0.359896 0.468981 0.009375 0.0157407
0 0.497396 0.459722 0.00625 0.0175926
0 0.458854 0.424074 0.00729167 0.00925926
0 0.363281 0.525926 0.00677083 0.012963
0 0.442708 0.506481 0.00833333 0.0203704
0 0.329948 0.555093 0.0171875 0.0157407
0 0.374219 0.484259 0.0317708 0.0277778
0 0.446094 0.43287 0.0078125 0.0157407
0 0.363542 0.446296 0.0104167 0.0185185
0 0.407031 0.415741 0.0192708 0.0240741
0 0.430469 0.475463 0.00885417 0.0138889
0 0.455208 0.424537 0.00833333 0.0157407
0 0.492448 0.518056 0.00572917 0.0157407
0 0.417448 0.561574 0.00677083 0.025
0 0.471354 0.518056 0.00416667 0.012037
0 0.341146 0.574074 0.03125 0.0240741
0 0.427083 0.525926 0.0114583 0.0148148
0 0.446354 0.424074 0.00520833 0.00555556
0 0.213542 0.561574 0.00833333 0.00833333
0 0.339323 0.482407 0.00677083 0.0222222
0 0.397396 0.540741 0.00520833 0.0222222
0 0.363802 0.482407 0.00885417 0.0166667
0 0.341667 0.440741 0.0166667 0.0240741
0 0.530208 0.906482 0.0166667 0.0351852
0 0.491927 0.578704 0.00677083 0.0166667
0 0.347396 0.431944 0.009375 0.0101852
0 0.406771 0.555556 0.0135417 0.0240741
0 0.417708 0.569907 0.00729167 0.0231481
0 0.357812 0.459722 0.0333333 0.025
0 0.342187 0.451852 0.00729167 0.012963
0 0.321615 0.452778 0.00885417 0.0166667
0 0.435156 0.50463 0.00989583 0.0166667
0 0.455208 0.437963 0.0145833 0.0462963
0 0.477344 0.437037 0.00677083 0.0388889
0 0.355469 0.503704 0.0078125 0.0222222
0 0.432552 0.416667 0.0317708 0.0222222
0 0.365885 0.469907 0.0390625 0.012037
0 0.463281 0.527778 0.00677083 0.0222222
0 0.342448 0.459722 0.0078125 0.0138889
0 0.421615 0.549074 0.00677083 0.00925926
0 0.204167 0.568056 0.00520833 0.0194444
0 0.359896 0.496759 0.009375 0.0175926
0 0.309375 0.474074 0.00625 0.0148148
0 0.342448 0.468056 0.00677083 0.0138889
0 0.438802 0.423611 0.0161458 0.0287037
0 0.39375 0.4375 0.00833333 0.0175926
0 0.375 0.547685 0.009375 0.0212963
0 0.469531 0.460648 0.0109375 0.00833333
0 0.363802 0.433333 0.00885417 0.0185185
0 0.497396 0.454167 0.00833333 0.0138889
0 0.419271 0.474537 0.009375 0.0101852
0 0.413802 0.506019 0.00677083 0.0175926
0 0.4625 0.446296 0.0302083 0.012963
0 0.309635 0.459722 0.00677083 0.0212963
0 0.317708 0.48287 0.00520833 0.0212963
0 0.388021 0.555093 0.00625 0.0175926
0 0.43776 0.569907 0.00677083 0.0175926
0 0.149219 0.574074 0.00989583 0.0166667
0 0.46224 0.563426 0.00572917 0.0138889
0 0.49375 0.515741 0.009375 0.0351852
0 0.409375 0.433333 0.00729167 0.0185185
0 0.476042 0.506019 0.00729167 0.0175926
0 0.417708 0.490741 0.009375 0.0166667
0 0.313542 0.440741 0.00729167 0.0111111
0 0.414323 0.513426 0.00885417 0.012037
0 0.429948 0.518056 0.0505208 0.0231481
0 0.414844 0.4875 0.00989583 0.0138889
0 0.279687 0.466204 0.00625 0.0175926
0 0.241406 0.555093 0.00572917 0.0175926
0 0.484115 0.50463 0.00885417 0.0111111
0 0.170052 0.565278 0.0140625 0.0342593
0 0.480729 0.505556 0.00729167 0.0148148
0 0.379687 0.497685 0.0458333 0.0305556
0 0.283594 0.458333 0.0078125 0.0148148
0 0.304948 0.454167 0.00572917 0.0175926
0 0.33125 0.460185 0.0114583 0.0259259
0 0.503385 0.516204 0.0348958 0.0287037
0 0.392448 0.425 0.0078125 0.0166667
0 0.417708 0.554167 0.00520833 0.012037
0 0.395052 0.431481 0.0526042 0.05
0 0.405729 0.439815 0.00833333 0.0222222
0 0.179948 0.577315 0.00364583 0.0175926
0 0.48125 0.481944 0.0166667 0.0212963
0 0.375521 0.45463 0.00625 0.0203704
0 0.315625 0.572222 0.0385417 0.0277778
0 0.46224 0.422222 0.0463542 0.05
0 0.525781 0.453241 0.00989583 0.0342593
0 0.400521 0.466667 0.00625 0.0148148
0 0.434375 0.525926 0.00729167 0.0185185
0 0.260417 0.550463 0.0125 0.0398148
0 0.417708 0.541667 0.00625 0.012963
0 0.25 0.587963 0.0291667 0.0203704
0 0.538542 0.572222 0.0208333 0.0111111
0 0.39401 0.468519 0.0161458 0.0203704
0 0.325521 0.569907 0.00625 0.012037
0 0.416667 0.460185 0.0302083 0.0240741
0 0.436458 0.534722 0.01875 0.0194444
0 0.536979 0.572685 0.025 0.025
0 0.355469 0.514815 0.00885417 0.0111111
0 0.355729 0.571296 0.0135417 0.0259259
0 0.380729 0.577778 0.0104167 0.0203704
0 0.476562 0.444444 0.00520833 0.0148148
0 0.459635 0.446759 0.0078125 0.0231481
0 0.465365 0.484722 0.0151042 0.0194444
0 0.290365 0.4375 0.0182292 0.0157407
0 0.426823 0.469444 0.00989583 0.0203704
0 0.439063 0.531944 0.00833333 0.00833333
0 0.339583 0.57963 0.0166667 0.0277778
0 0.392708 0.432407 0.00625 0.0148148
0 0.702083 0.630556 0.015625 0.0203704
0 0.313542 0.44537 0.00833333 0.0148148
0 0.404948 0.425 0.0078125 0.0166667
0 0.282552 0.537037 0.0151042 0.0166667
0 0.472396 0.460648 0.00833333 0.0194444
0 0.321094 0.541667 0.00677083 0.0166667
0 0.430208 0.446296 0.00833333 0.00925926
0 0.447656 0.505093 0.0223958 0.0287037
0 0.428646 0.45463 0.0416667 0.0407407
0 0.325521 0.491204 0.00729167 0.0157407
0 0.833594 0.656944 0.0203125 0.0231481
0 0.313802 0.512037 0.0130208 0.0148148
0 0.405208 0.491667 0.00833333 0.0222222
0 0.429427 0.549537 0.00572917 0.0175926
0 0.316667 0.575926 0.00520833 0.012963
0 0.342969 0.534259 0.0078125 0.0166667
0 0.428906 0.476852 0.0286458 0.0185185
0 0.410937 0.44537 0.015625 0.0296296
0 0.339583 0.503241 0.00416667 0.0231481
0 0.422917 0.475926 0.0104167 0.012963
0 0.410417 0.480556 0.00729167 0.0148148
0 0.426302 0.476852 0.00989583 0.0166667
0 0.496354 0.5625 0.00729167 0.0212963
0 0.263542 0.565741 0.0208333 0.0166667
0 0.326042 0.496759 0.00625 0.012037
0 0.29974 0.54213 0.0130208 0.0101852
0 0.472917 0.452315 0.00729167 0.0175926
0 0.497135 0.510185 0.00572917 0.0148148
0 0.397135 0.431019 0.00572917 0.0157407
0 0.396615 0.453241 0.00885417 0.0138889
0 0.28776 0.561574 0.0046875 0.0212963
0 0.478646 0.469907 0.0229167 0.0157407
0 0.490104 0.512963 0.0104167 0.0537037
0 0.463542 0.461111 0.00625 0.0148148
0 0.485677 0.414352 0.0161458 0.0453704
0 0.298698 0.580093 0.0265625 0.0212963
0 0.292448 0.586111 0.0182292 0.0166667
0 0.376563 0.495833 0.00833333 0.0101852
0 0.304167 0.57037 0.028125 0.0185185
0 0.352083 0.415278 0.0135417 0.0268519
0 0.476042 0.556944 0.0197917 0.0212963
0 0.472396 0.445833 0.00625 0.0212963
0 0.396094 0.490741 0.0213542 0.0222222
0 0.396615 0.519444 0.00572917 0.0259259
0 0.368229 0.482407 0.00729167 0.0203704
0 0.494792 0.438889 0.0322917 0.062963
0 0.298177 0.521759 0.00677083 0.0101852
0 0.44349 0.473611 0.0046875 0.0175926
0 0.339583 0.427778 0.01875 0.0388889
0 0.329427 0.541667 0.0140625 0.0388889
0 0.453646 0.544907 0.0229167 0.0231481
0 0.434115 0.497685 0.00572917 0.012037
0 0.283854 0.5875 0.0197917 0.0194444
0 0.496615 0.587037 0.0234375 0.0259259
0 0.445833 0.477315 0.0364583 0.0157407
0 0.471875 0.40787 0.015625 0.0305556
0 0.391406 0.475926 0.0265625 0.0203704
0 0.408594 0.5625 0.00572917 0.012037
0 0.402083 0.45787 0.00625 0.0138889
0 0.395833 0.460185 0.009375 0.0203704
0 0.553125 0.662963 0.0239583 0.00740741
0 0.313281 0.518519 0.00677083 0.0166667
0 0.413802 0.425463 0.00677083 0.025
0 0.339844 0.423611 0.0151042 0.0157407
0 0.383333 0.548611 0.00729167 0.0157407
0 0.392969 0.534259 0.00885417 0.012963
0 0.352604 0.430093 0.0177083 0.0268519
0 0.305208 0.445833 0.00520833 0.0212963
0 0.346094 0.437037 0.00677083 0.0111111
0 0.334635 0.438426 0.00989583 0.0138889
0 0.326302 0.510185 0.00572917 0.0166667
0 0.26901 0.550926 0.0109375 0.0425926
0 0.541667 0.563426 0.00416667 0.0175926
0 0.369792 0.416204 0.0177083 0.0268519
0 0.46849 0.445833 0.00885417 0.0157407
0 0.338281 0.510185 0.0046875 0.0240741
0 0.398177 0.414352 0.0140625 0.0305556
0 0.259375 0.564352 0.0177083 0.0342593
0 0.389062 0.518519 0.0104167 0.0203704
0 0.314323 0.451389 0.00677083 0.0157407
0 0.483333 0.568056 0.00520833 0.0194444
0 0.524479 0.569444 0.00520833 0.012963
0 0.310156 0.451389 0.00677083 0.0212963
0 0.296615 0.435185 0.0411458 0.0462963
0 0.404687 0.466667 0.00625 0.0203704
0 0.555469 0.656944 0.0244792 0.00462963
0 0.400781 0.424537 0.0078125 0.0194444
0 0.338802 0.534722 0.0109375 0.0101852
0 0.447396 0.540741 0.00625 0.0203704
0 0.442448 0.53287 0.0078125 0.0101852
0 0.41849 0.497685 0.0161458 0.025
0 0.315885 0.486111 0.0494792 0.0462963
0 0.408854 0.540278 0.00625 0.0175926
0 0.316406 0.568056 0.00572917 0.0175926
0 0.438281 0.525463 0.0078125 0.0157407
0 0.508854 0.562963 0.0375 0.0351852
0 0.430469 0.459259 0.00989583 0.0111111
0 0.321615 0.468056 0.0078125 0.0157407
0 0.388021 0.534722 0.040625 0.037963
0 0.344792 0.499074 0.0322917 0.0111111
0 0.398698 0.55787 0.00989583 0.0138889
0 0.340104 0.416204 0.0166667 0.0212963
0 0.354167 0.447685 0.00729167 0.0157407
0 0.334635 0.534259 0.00989583 0.012963
0 0.433333 0.444907 0.0354167 0.0287037
0 0.354427 0.4625 0.0078125 0.0212963
0 0.416406 0.478704 0.0151042 0.012963
0 0.39349 0.473611 0.0130208 0.0453704
0 0.347396 0.421759 0.0135417 0.0305556
0 0.48099 0.51713 0.0140625 0.025
0 0.283073 0.161111 0.0109375 0.0796296
0 0.34375 0.430093 0.0125 0.0287037
0 0.332812 0.455093 0.0322917 0.0101852
0 0.420833 0.544444 0.025 0.0240741
0 0.371615 0.454167 0.00885417 0.0194444
0 0.375521 0.570833 0.0239583 0.0212963
0 0.480469 0.446759 0.00677083 0.0157407
0 0.289323 0.46713 0.0140625 0.0175926
0 0.413542 0.546759 0.00416667 0.012037
0 0.360417 0.4875 0.00625 0.0175926
0 0.463542 0.468056 0.00625 0.0138889
0 0.392969 0.496296 0.0130208 0.0185185
0 0.217187 0.5625 0.00625 0.0175926
0 0.3375 0.489815 0.009375 0.0259259
0 0.334635 0.556481 0.0130208 0.0185185
0 0.339583 0.468056 0.0135417 0.0435185
0 0.481771 0.551389 0.025 0.0175926
0 0.375781 0.483796 0.0078125 0.0157407
0 0.053125 0.581019 0.00833333 0.0212963
0 0.32526 0.444444 0.00885417 0.0166667
0 0.419792 0.409722 0.0322917 0.0416667
0 0.251302 0.564352 0.0151042 0.0435185
0 0.535937 0.500926 0.0125 0.0462963
0 0.498958 0.515741 0.0291667 0.0148148
0 0.277604 0.464352 0.0114583 0.0268519
0 0.35 0.518981 0.00520833 0.0175926
0 0.330208 0.452778 0.00729167 0.0222222
0 0.383594 0.514815 0.0276042 0.0240741
0 0.454688 0.521759 0.0177083 0.0101852
0 0.346094 0.447685 0.0078125 0.0138889
0 0.485938 0.522222 0.0135417 0.0240741
0 0.500781 0.505556 0.0109375 0.0240741
0 0.404427 0.561111 0.0046875 0.0166667
0 0.358854 0.483333 0.00729167 0.0166667
0 0.475521 0.543056 0.0197917 0.0324074
0 0.436719 0.454167 0.0151042 0.025
0 0.328385 0.528241 0.0255208 0.00833333
0 0.545833 0.514815 0.0333333 0.0240741
0 0.413021 0.527778 0.009375 0.0148148
0 0.409635 0.466667 0.00572917 0.00740741
0 0.434115 0.476389 0.00885417 0.0175926
0 0.392188 0.541667 0.00520833 0.0203704
0 0.363281 0.468981 0.0078125 0.0212963
0 0.37526 0.526852 0.00572917 0.0259259
0 0.395833 0.561574 0.00416667 0.0175926
0 0.548437 0.663889 0.0114583 0.0111111
0 0.388021 0.499537 0.009375 0.0194444
0 0.346875 0.475926 0.00833333 0.0277778
0 0.419271 0.438426 0.0166667 0.0305556
0 0.396094 0.489352 0.00885417 0.0194444
0 0.385156 0.48287 0.00885417 0.0194444
0 0.475521 0.481481 0.0145833 0.0277778
0 0.391667 0.460648 0.0239583 0.0138889
0 0.429948 0.526852 0.00572917 0.0166667
0 0.36276 0.490278 0.0411458 0.0305556
0 0.325521 0.564352 0.00833333 0.012037
0 0.296094 0.458796 0.0151042 0.0268519
0 0.396875 0.438889 0.00729167 0.0222222
0 0.483073 0.448148 0.0307292 0.0222222
0 0.194271 0.565278 0.00729167 0.0490741
0 0.21276 0.572222 0.0380208 0.0314815
0 0.442969 0.525926 0.00677083 0.0166667
0 0.35 0.475463 0.0239583 0.0194444
0 0.207813 0.564352 0.0135417 0.0231481
0 0.417448 0.461574 0.00572917 0.0194444
0 0.404687 0.505556 0.00416667 0.0166667
0 0.325521 0.503241 0.00625 0.0175926
0 0.41875 0.467593 0.00729167 0.0148148
0 0.459896 0.467593 0.00833333 0.012963
0 0.326823 0.431019 0.0161458 0.0268519
0 0.451562 0.431481 0.0197917 0.0185185
0 0.41849 0.483796 0.0078125 0.0138889
0 0.422135 0.468981 0.0078125 0.0157407
0 0.446875 0.533796 0.00520833 0.0212963
0 0.284635 0.548148 0.00572917 0.0240741
0 0.404167 0.548611 0.015625 0.0194444
0 0.447396 0.48287 0.00625 0.012037
0 0.419792 0.510648 0.021875 0.025
0 0.363281 0.497685 0.00885417 0.025
0 0.394792 0.48287 0.00729167 0.025
0 0.316927 0.561574 0.0432292 0.0157407
0 0.439063 0.505556 0.009375 0.0185185
0 0.366667 0.581019 0.015625 0.012037
0 0.414062 0.475463 0.00729167 0.0138889
0 0.479427 0.578704 0.0130208 0.0240741
0 0.429427 0.574074 0.0130208 0.0166667
0 0.545313 0.50787 0.0239583 0.0194444
0 0.278385 0.160648 0.0109375 0.0805556
0 0.367708 0.448148 0.00729167 0.0166667
0 0.334375 0.482407 0.009375 0.0185185
0 0.351562 0.49537 0.00833333 0.0185185
0 0.354427 0.497222 0.0276042 0.0185185
0 0.447917 0.526389 0.0104167 0.025
0 0.333073 0.526852 0.0130208 0.012963
0 0.358333 0.512037 0.0302083 0.0314815
0 0.409375 0.424537 0.00833333 0.0175926
0 0.429688 0.518981 0.00625 0.0231481
0 0.399479 0.439352 0.0322917 0.0212963
0 0.360677 0.461574 0.0161458 0.0268519
0 0.484115 0.497222 0.0130208 0.0314815
0 0.286719 0.498148 0.0140625 0.0240741
0 0.295312 0.542593 0.021875 0.0148148
0 0.39974 0.45463 0.0296875 0.0185185
0 0.480729 0.467593 0.00833333 0.0259259
0 0.451823 0.475463 0.0203125 0.0157407
0 0.491146 0.519444 0.0260417 0.0259259
0 0.388542 0.459259 0.00729167 0.0259259
0 0.475 0.521296 0.0375 0.0314815
0 0.408854 0.512963 0.00625 0.0166667
0 0.408854 0.475 0.00625 0.0148148
0 0.420833 0.530093 0.0145833 0.0212963
0 0.396875 0.511111 0.00729167 0.0296296
0 0.516927 0.527315 0.0203125 0.0231481
0 0.380208 0.498148 0.009375 0.012963
0 0.321615 0.443519 0.00885417 0.0111111
0 0.298958 0.505556 0.0229167 0.0222222
0 0.278125 0.446296 0.0104167 0.0222222
0 0.329688 0.408333 0.0197917 0.0166667
0 0.298958 0.569907 0.0135417 0.0157407
0 0.336719 0.564352 0.0317708 0.0231481
0 0.250521 0.581019 0.0114583 0.0157407
0 0.39974 0.533333 0.00572917 0.0203704
0 0.416927 0.548148 0.00572917 0.0203704
0 0.454688 0.482407 0.015625 0.0240741
0 0.477083 0.452315 0.009375 0.0157407
0 0.410417 0.55 0.0197917 0.0222222
0 0.553646 0.456481 0.0197917 0.0259259
0 0.251302 0.458796 0.0171875 0.0342593
0 0.288281 0.453241 0.0171875 0.0231481
0 0.263281 0.476852 0.0494792 0.0481481
0 0.4125 0.541667 0.00625 0.0222222
0 0.286979 0.580093 0.0135417 0.00648148
0 0.325521 0.512963 0.0291667 0.0314815
0 0.433594 0.527315 0.0317708 0.0175926
0 0.319531 0.5625 0.00677083 0.0287037
0 0.408594 0.518981 0.0046875 0.0194444
0 0.0361979 0.596296 0.0140625 0.0148148
0 0.457812 0.575926 0.0114583 0.00740741
0 0.346615 0.46713 0.00677083 0.0212963
0 0.413281 0.481019 0.0078125 0.0157407
0 0.404687 0.5125 0.00625 0.0175926
0 0.38776 0.452315 0.00572917 0.0212963
0 0.315885 0.556481 0.0151042 0.0166667
0 0.393229 0.518056 0.00729167 0.0231481
0 0.533594 0.522222 0.0151042 0.0407407
0 0.347396 0.497222 0.00833333 0.0259259
0 0.232812 0.565741 0.0166667 0.0148148
0 0.384375 0.525926 0.00625 0.0222222
0 0.489062 0.557407 0.0135417 0.0222222
0 0.304688 0.475926 0.00729167 0.0203704
0 0.340365 0.456019 0.0192708 0.0287037
0 0.497396 0.504167 0.009375 0.0342593
0 0.494271 0.559259 0.0145833 0.0333333
0 0.536458 0.506944 0.021875 0.0194444
0 0.395052 0.556019 0.0078125 0.0638889
0 0.289323 0.571296 0.0078125 0.0333333
0 0.354167 0.455093 0.0104167 0.0138889
0 0.317448 0.445833 0.0078125 0.0157407
0 0.421094 0.555556 0.0046875 0.0222222
0 0.386979 0.485185 0.0302083 0.0185185
0 0.426823 0.482407 0.0151042 0.0333333
0 0.439583 0.518519 0.00520833 0.0148148
0 0.277083 0.597222 0.0229167 0.0314815
0 0.459635 0.415741 0.0161458 0.0333333
0 0.296354 0.548611 0.01875 0.0194444
0 0.453646 0.565278 0.0114583 0.0490741
0 0.38724 0.57963 0.0078125 0.0296296
0 0.198698 0.849074 0.0078125 0.012963
0 0.388281 0.563426 0.0223958 0.0194444
0 0.320833 0.469907 0.0104167 0.0287037
0 0.38724 0.549074 0.0432292 0.0222222
0 0.335156 0.497222 0.0119792 0.0388889
0 0.500781 0.424537 0.0223958 0.0416667
0 0.44349 0.480093 0.00572917 0.0157407
0 0.342448 0.550463 0.0171875 0.0175926
0 0.430729 0.509259 0.009375 0.0351852
0 0.507812 0.556481 0.009375 0.037037
0 0.179688 0.587963 0.015625 0.0314815
0 0.391146 0.454167 0.0197917 0.0157407
0 0.148698 0.581019 0.0140625 0.0157407
0 0.452344 0.577778 0.0255208 0.0185185
0 0.427083 0.423611 0.015625 0.0194444
0 0.463281 0.430556 0.00677083 0.0185185
0 0.457812 0.469907 0.0239583 0.0194444
0 0.409896 0.460185 0.0135417 0.0203704
0 0.367448 0.45463 0.00885417 0.0203704
0 0.45 0.485648 0.028125 0.0157407
0 0.382292 0.535185 0.01875 0.0314815
0 0.29974 0.447222 0.0171875 0.0296296
0 0.702083 0.6375 0.021875 0.025
0 0.39349 0.423148 0.0192708 0.0351852
0 0.355208 0.4875 0.00833333 0.0175926
0 0.459375 0.565278 0.0145833 0.0398148
0 0.436719 0.493056 0.0182292 0.025
0 0.361979 0.499537 0.01875 0.0157407
0 0.515104 0.564352 0.00729167 0.0527778
0 0.479167 0.529167 0.025 0.025
0 0.367448 0.548148 0.0223958 0.0277778
0 0.402344 0.451389 0.0161458 0.037963
0 0.404687 0.474537 0.0208333 0.025
0 0.402604 0.558333 0.0177083 0.0351852
0 0.504687 0.5875 0.01875 0.0305556
0 0.267969 0.519444 0.0213542 0.0333333
0 0.524219 0.521759 0.00572917 0.0212963
0 0.530469 0.57963 0.0223958 0.0314815
0 0.472917 0.489815 0.0166667 0.0277778
0 0.320052 0.484722 0.0140625 0.0138889
0 0.551302 0.506944 0.00989583 0.0342593
0 0.422656 0.423611 0.0182292 0.0398148
0 0.391146 0.558333 0.025 0.012963
0 0.186198 0.572685 0.0192708 0.012037
0 0.49974 0.580556 0.00677083 0.0222222
0 0.445573 0.52963 0.0192708 0.0148148
0 0.379948 0.554167 0.0255208 0.0231481
0 0.316927 0.476389 0.0151042 0.0157407
0 0.242448 0.55787 0.0109375 0.0157407
0 0.442448 0.489815 0.0161458 0.0259259
0 0.4 0.50463 0.00625 0.0166667
0 0.500521 0.5625 0.021875 0.0212963
0 0.36224 0.529167 0.00677083 0.037963
0 0.438021 0.4625 0.0208333 0.0194444
0 0.470833 0.521296 0.01875 0.0203704
0 0.86849 0.409259 0.0140625 0.0333333
0 0.440625 0.56713 0.0114583 0.0175926
0 0.204167 0.57037 0.0239583 0.0185185
0 0.458594 0.537037 0.0161458 0.0240741
0 0.459375 0.488889 0.0208333 0.0388889
0 0.0502604 0.5875 0.0130208 0.0212963
0 0.375 0.527315 0.021875 0.0138889
0 0.373437 0.424074 0.0166667 0.0259259
0 0.167708 0.580093 0.0166667 0.0398148
0 0.361198 0.505556 0.0171875 0.0166667
0 0.552604 0.449074 0.0125 0.0296296
0 0.233854 0.573148 0.0197917 0.0148148
0 0.32474 0.520833 0.0119792 0.0101852
0 0.279167 0.564352 0.025 0.025
0 0.448177 0.423148 0.00989583 0.0277778
0 0.467187 0.54213 0.0197917 0.0212963
0 0.40625 0.520833 0.015625 0.0324074
0 0.548958 0.490741 0.0104167 0.0425926
0 0.253906 0.556481 0.0317708 0.0296296
0 0.0325521 0.60463 0.0151042 0.0148148
0 0.477865 0.523148 0.0182292 0.0203704
0 0.424219 0.469907 0.0359375 0.025
0 0.432552 0.565278 0.0130208 0.0194444
0 0.310417 0.445833 0.0145833 0.0361111
0 0.404167 0.535185 0.0333333 0.0240741
0 0.394271 0.454167 0.01875 0.0305556
0 0.330469 0.505093 0.0171875 0.0361111
0 0.30625 0.547685 0.0177083 0.0287037
0 0.438021 0.572222 0.009375 0.037037
0 0.400521 0.506019 0.0145833 0.0305556
0 0.4 0.490741 0.0229167 0.012963
0 0.414583 0.502778 0.0145833 0.037037
0 0.375 0.563889 0.0208333 0.0148148
0 0.245052 0.548611 0.0078125 0.012037
0 0.421354 0.491667 0.0302083 0.0259259
0 0.402865 0.460185 0.0078125 0.0314815
0 0.383073 0.562963 0.0119792 0.0277778
0 0.477344 0.5625 0.0078125 0.025
0 0.522656 0.581019 0.0213542 0.0324074
0 0.363542 0.556481 0.015625 0.0333333
0 0.305729 0.487963 0.0166667 0.0407407
0 0.358333 0.563889 0.0229167 0.0259259
0 0.35026 0.468519 0.0161458 0.0166667
0 0.491667 0.469444 0.0135417 0.0388889
0 0.46875 0.444444 0.0114583 0.0333333
0 0.33724 0.48287 0.0348958 0.0194444
0 0.364062 0.42963 0.0166667 0.0333333
0 0.439583 0.4375 0.021875 0.0342593
0 0.382031 0.427778 0.0161458 0.0351852
0 0.351042 0.487963 0.009375 0.0240741
0 0.316927 0.527778 0.0161458 0.0203704
0 0.414323 0.421759 0.0161458 0.037963
0 0.432813 0.520833 0.01875 0.012037
0 0.221615 0.564352 0.0255208 0.0231481
0 0.434896 0.481019 0.0166667 0.0212963
0 0.346094 0.458333 0.0401042 0.0296296
0 0.509375 0.444907 0.01875 0.037963
0 0.483333 0.572685 0.0229167 0.0324074
0 0.374479 0.452778 0.0135417 0.0277778
0 0.291406 0.57963 0.0171875 0.0111111
0 0.329167 0.44537 0.0458333 0.0277778
0 0.378125 0.468056 0.0208333 0.0194444
0 0.394792 0.543056 0.0270833 0.0194444
0 0.353906 0.542593 0.0192708 0.0166667
0 0.483594 0.42963 0.0182292 0.0537037
0 0.329427 0.573148 0.0203125 0.0333333
0 0.49974 0.466204 0.0119792 0.0287037
0 0.328646 0.506481 0.01875 0.0185185
0 0.360677 0.475 0.0130208 0.037037
0 0.438802 0.545833 0.0140625 0.0527778
0 0.40651 0.437963 0.0161458 0.0351852
0 0.40026 0.564815 0.0151042 0.0148148
0 0.511719 0.563889 0.0182292 0.0277778
0 0.283594 0.467593 0.0213542 0.0296296
0 0.35651 0.44537 0.0182292 0.0277778
0 0.394531 0.535648 0.00989583 0.0361111
0 0.520833 0.571296 0.0135417 0.0148148
0 0.354427 0.490741 0.0234375 0.0166667
0 0.399219 0.497685 0.00885417 0.0268519
0 0.311719 0.521296 0.0192708 0.0259259
0 0.488021 0.578704 0.0145833 0.0240741
0 0.270833 0.467593 0.0208333 0.0222222
0 0.247135 0.453704 0.0182292 0.05
0 0.319531 0.461574 0.0119792 0.0175926
0 0.497396 0.444444 0.0177083 0.0425926
0 0.504427 0.488426 0.0151042 0.0453704
0 0.31276 0.506019 0.00989583 0.0416667
0 0.164323 0.563426 0.0119792 0.0527778
0 0.471615 0.430556 0.0161458 0.037037
0 0.366406 0.453704 0.0338542 0.0166667
0 0.410417 0.429167 0.0166667 0.0342593
0 0.478125 0.572222 0.0135417 0.012963
0 0.455208 0.423148 0.01875 0.037037
0 0.452865 0.500926 0.00677083 0.0296296
0 0.405208 0.488426 0.0135417 0.037963
0 0.03125 0.597685 0.0166667 0.0101852
0 0.379167 0.45463 0.0114583 0.0259259
0 0.207292 0.581944 0.01875 0.0268519
0 0.521615 0.497685 0.0161458 0.0342593
0 0.458073 0.515741 0.0109375 0.0240741
0 0.383073 0.50787 0.0182292 0.0231481
0 0.408333 0.507407 0.0166667 0.0259259
0 0.395833 0.519444 0.0322917 0.0296296
0 0.453125 0.576389 0.0114583 0.00648148
0 0.432031 0.490278 0.00885417 0.0231481
0 0.383073 0.52963 0.0151042 0.0166667
0 0.291406 0.557407 0.00885417 0.0185185
0 0.4875 0.468981 0.009375 0.0342593
0 0.446875 0.415741 0.0177083 0.0277778
0 0.291927 0.562963 0.0265625 0.0240741
0 0.383073 0.4625 0.0213542 0.0138889
0 0.483333 0.474074 0.0177083 0.0259259
0 0.341667 0.513889 0.015625 0.0111111
0 0.297135 0.436574 0.0203125 0.037963
0 0.175 0.573611 0.021875 0.0212963
0 0.468229 0.497222 0.0197917 0.0425926
0 0.258073 0.469444 0.0130208 0.0388889
0 0.426562 0.527315 0.01875 0.0305556
0 0.352865 0.48287 0.0130208 0.0398148
0 0.492708 0.525926 0.0135417 0.0444444
0 0.302344 0.422685 0.0182292 0.0268519
0 0.302604 0.577315 0.00833333 0.0175926
0 0.35599 0.421296 0.0161458 0.0425926
0 0.447135 0.519907 0.0182292 0.0287037
0 0.474479 0.535185 0.0114583 0.0277778
0 0.3625 0.483333 0.0197917 0.0185185
0 0.34974 0.444907 0.0140625 0.0287037
0 0.320312 0.543519 0.0135417 0.0333333
0 0.246354 0.555093 0.0197917 0.0175926
0 0.397917 0.48287 0.0104167 0.0398148
0 0.360417 0.548148 0.0197917 0.0203704
0 0.433594 0.570833 0.0192708 0.0212963
0 0.417969 0.57037 0.0161458 0.0333333
0 0.426562 0.512037 0.015625 0.0388889
0 0.382292 0.482407 0.0166667 0.0296296
0 0.41875 0.408796 0.0177083 0.0268519
0 0.391667 0.579167 0.0125 0.0194444
0 0.411979 0.566667 0.025 0.0203704
0 0.855729 0.672222 0.0208333 0.0296296
0 0.298177 0.577315 0.0192708 0.0398148
0 0.225781 0.556481 0.0203125 0.0277778
0 0.309635 0.497222 0.0130208 0.0259259
0 0.428385 0.542593 0.0109375 0.0203704
0 0.319792 0.571759 0.0145833 0.0175926
0 0.379167 0.547685 0.01875 0.0138889
0 0.333333 0.550463 0.00729167 0.0268519
0 0.358333 0.585648 0.0114583 0.0212963
0 0.31849 0.513889 0.0130208 0.037037
0 0.401823 0.424074 0.0213542 0.0351852
0 0.309635 0.459259 0.0171875 0.0407407
0 0.488542 0.487963 0.0208333 0.0444444
0 0.388802 0.525463 0.0171875 0.037963
0 0.43151 0.413889 0.0192708 0.0407407
0 0.224479 0.549074 0.0114583 0.0222222
0 0.321354 0.57963 0.0177083 0.0222222
0 0.578385 0.515741 0.00677083 0.0166667
0 0.439063 0.510648 0.0197917 0.0342593
0 0.427865 0.452778 0.0161458 0.0296296
0 0.329688 0.486111 0.0177083 0.0611111
0 0.36276 0.453241 0.0171875 0.025
0 0.32474 0.469444 0.0234375 0.0240741
0 0.320833 0.518981 0.00833333 0.0175926
0 0.323438 0.565741 0.0114583 0.0388889
0 0.270312 0.556481 0.0208333 0.0296296
0 0.422917 0.547685 0.0135417 0.0453704
0 0.477083 0.50463 0.01875 0.037037
0 0.516406 0.571296 0.0161458 0.0240741
0 0.501302 0.573148 0.0109375 0.0388889
0 0.415885 0.485185 0.0255208 0.0240741
0 0.307552 0.578704 0.00677083 0.0166667
0 0.158333 0.572222 0.0208333 0.0277778
0 0.35599 0.458333 0.0161458 0.0351852
0 0.460417 0.527778 0.0197917 0.0314815
0 0.195573 0.572685 0.0192708 0.0157407
0 0.465885 0.4625 0.0161458 0.0342593
0 0.361979 0.542593 0.00833333 0.0240741
0 0.178385 0.574074 0.0119792 0.0166667
0 0.303385 0.520833 0.00989583 0.0194444
0 0.432031 0.444907 0.0161458 0.0342593
0 0.283594 0.594444 0.0140625 0.0203704
0 0.545313 0.563889 0.0177083 0.0296296
0 0.433333 0.551389 0.0208333 0.0287037
0 0.347396 0.549074 0.01875 0.0259259
0 0.292969 0.511111 0.0171875 0.0296296
0 0.446875 0.428704 0.0166667 0.0333333
0 0.402344 0.513889 0.0213542 0.0259259
0 0.0533854 0.603241 0.0140625 0.025
0 0.339583 0.517593 0.0145833 0.037037
0 0.377083 0.489352 0.0177083 0.0435185
0 0.296354 0.473148 0.0104167 0.037037
0 0.528646 0.571296 0.0145833 0.0222222
0 0.282292 0.586111 0.015625 0.0111111
0 0.350781 0.527778 0.0109375 0.0314815
0 0.370833 0.514352 0.0135417 0.0231481
0 0.495313 0.57963 0.0197917 0.0166667
0 0.440365 0.518519 0.0109375 0.0314815
0 0.504948 0.556019 0.0213542 0.0398148
0 0.389844 0.497685 0.0182292 0.0361111
0 0.0544271 0.5875 0.0255208 0.025
0 0.441927 0.572222 0.0203125 0.0203704
0 0.470052 0.535185 0.00677083 0.0185185
0 0.44349 0.540741 0.0223958 0.0314815
0 0.364844 0.46713 0.0161458 0.0305556
0 0.404167 0.469444 0.0145833 0.0166667
0 0.441406 0.527778 0.0182292 0.0240741
0 0.346094 0.526389 0.0119792 0.0361111
0 0.36901 0.481481 0.0161458 0.0444444
0 0.304688 0.527315 0.0145833 0.0231481
0 0.460156 0.444907 0.0182292 0.0435185
0 0.488802 0.550926 0.0192708 0.0351852
0 0.528125 0.514815 0.00833333 0.05
0 0.448177 0.452315 0.0192708 0.0342593
0 0.465885 0.565741 0.0192708 0.0240741
0 0.3375 0.550463 0.0114583 0.0342593
0 0.170312 0.575 0.0125 0.0166667
0 0.27526 0.518981 0.0130208 0.0268519
0 0.34349 0.415741 0.0192708 0.0351852
0 0.345833 0.452315 0.0145833 0.0305556
0 0.3625 0.579167 0.0125 0.0268519
0 0.304688 0.585185 0.00416667 0.0185185
0 0.0484375 0.6 0.0229167 0.0648148
0 0.488802 0.444444 0.0192708 0.0425926
0 0.366667 0.54213 0.0114583 0.0231481
0 0.473437 0.564352 0.0177083 0.0231481
0 0.31224 0.476852 0.0109375 0.0203704
0 0.288542 0.459259 0.0177083 0.0537037
0 0.520833 0.519444 0.00729167 0.0314815
0 0.255729 0.555093 0.0166667 0.0509259
0 0.276042 0.452778 0.0229167 0.0425926
0 0.178906 0.581481 0.0109375 0.0166667
0 0.308854 0.585185 0.0114583 0.0203704
0 0.41276 0.541204 0.0119792 0.037963
0 0.380729 0.438889 0.0229167 0.0425926
0 0.517448 0.473611 0.0203125 0.0453704
0 0.183854 0.581944 0.0145833 0.0231481
0 0.449479 0.535648 0.0166667 0.0268519
0 0.347656 0.472222 0.0161458 0.0425926
0 0.416927 0.527315 0.0130208 0.0324074
0 0.359375 0.527778 0.021875 0.0407407
0 0.32474 0.541667 0.0161458 0.0185185
0 0.304948 0.563889 0.0130208 0.0277778
0 0.213021 0.588426 0.0166667 0.0287037
0 0.574479 0.515278 0.00625 0.0157407
0 0.335417 0.564352 0.0177083 0.0472222
0 0.48724 0.570833 0.0161458 0.0157407
0 0.534115 0.569444 0.0192708 0.0481481
0 0.4125 0.477315 0.0197917 0.0212963
0 0.264062 0.451389 0.01875 0.0527778
0 0.264062 0.477315 0.0166667 0.0509259
0 0.330729 0.423148 0.021875 0.0296296
0 0.297396 0.506481 0.01875 0.0462963
0 0.378646 0.496759 0.0114583 0.0268519
0 0.503906 0.580556 0.0161458 0.0148148
0 0.284115 0.497685 0.0182292 0.0453704
0 0.551302 0.511111 0.0223958 0.0518519
0 0.426302 0.555556 0.0223958 0.037037
0 0.291927 0.48287 0.0203125 0.0231481
0 0.348698 0.438426 0.0234375 0.0435185
0 0.454427 0.507407 0.0109375 0.0333333
0 0.398177 0.437037 0.0171875 0.0481481
0 0.305208 0.444444 0.01875 0.0518519
0 0.29349 0.548611 0.0192708 0.0453704
0 0.28125 0.540278 0.01875 0.0435185
0 0.366667 0.526852 0.0125 0.0351852
0 0.48099 0.557407 0.0203125 0.037037
0 0.414844 0.451389 0.0192708 0.0453704
0 0.353906 0.52037 0.0109375 0.0185185
0 0.485156 0.50463 0.0203125 0.0425926
0 0.313281 0.557407 0.0203125 0.0462963
0 0.551823 0.660648 0.0255208 0.0268519
0 0.3 0.484259 0.01875 0.0296296
0 0.459635 0.541204 0.0203125 0.0435185
0 0.2875 0.53287 0.0114583 0.025
0 0.211458 0.581481 0.0114583 0.0203704
0 0.508854 0.511574 0.0166667 0.0509259
0 0.352083 0.5125 0.0125 0.0398148
0 0.472135 0.458333 0.0213542 0.0388889
0 0.422917 0.467593 0.01875 0.0462963
0 0.496354 0.49537 0.021875 0.0462963
0 0.334635 0.533333 0.0203125 0.0277778
0 0.246094 0.57963 0.00885417 0.0277778
0 0.385938 0.481019 0.01875 0.0490741
0 0.442187 0.475463 0.01875 0.0453704
0 0.239323 0.466667 0.0223958 0.0555556
0 0.202865 0.570833 0.0203125 0.0638889
0 0.45599 0.467593 0.0203125 0.0481481
0 0.477344 0.451389 0.0192708 0.0398148
0 0.166406 0.573611 0.00677083 0.0212963
0 0.286979 0.556019 0.0135417 0.0342593
0 0.351823 0.562963 0.0203125 0.0388889
0 0.335156 0.436111 0.0213542 0.0444444
0 0.497135 0.5625 0.0192708 0.0564815
0 0.326823 0.496296 0.0151042 0.0314815
0 0.348177 0.496296 0.0192708 0.0388889
0 0.314323 0.445833 0.0182292 0.0509259
0 0.546354 0.491667 0.0260417 0.05
0 0.336198 0.481019 0.0192708 0.0509259
0 0.363542 0.493981 0.0166667 0.0472222
0 0.26875 0.46713 0.021875 0.0509259
0 0.555469 0.653704 0.0244792 0.05
0 0.33125 0.453704 0.0208333 0.0388889
0 0.435156 0.473611 0.0213542 0.0398148
0 0.41849 0.524074 0.0203125 0.0592593
0 0.214844 0.563889 0.0223958 0.05
0 0.317969 0.488426 0.0182292 0.0416667
0 0.330208 0.525926 0.01875 0.0481481
0 0.389844 0.577315 0.0223958 0.0509259
0 0.550521 0.445833 0.025 0.0453704
0 0.49349 0.422685 0.0213542 0.0490741
0 0.347396 0.572685 0.021875 0.0453704
0 0.463542 0.430093 0.0208333 0.0361111
0 0.496615 0.512963 0.0192708 0.0462963
0 0.497135 0.459722 0.0244792 0.0435185
0 0.409375 0.511111 0.0208333 0.05
0 0.484635 0.525926 0.0213542 0.05
0 0.151302 0.570833 0.0244792 0.0731481
0 0.389844 0.453241 0.0203125 0.0472222
0 0.28776 0.539352 0.0161458 0.0509259
0 0.380729 0.57037 0.021875 0.0462963
0 0.366667 0.451389 0.01875 0.0527778
0 0.460156 0.510648 0.0192708 0.0435185
0 0.44375 0.461574 0.025 0.0361111
0 0.542708 0.506481 0.0197917 0.0444444
0 0.376302 0.526389 0.0192708 0.0472222
0 0.469531 0.519444 0.0213542 0.0481481
0 0.398177 0.4875 0.0182292 0.0546296
0 0.0322917 0.59213 0.0229167 0.0824074
0 0.52526 0.511574 0.0234375 0.0564815
0 0.292708 0.44537 0.0229167 0.05
0 0.276302 0.563426 0.0213542 0.0546296
0 0.447917 0.482407 0.021875 0.0537037
0 0.389323 0.556944 0.0192708 0.0601852
0 0.323698 0.44537 0.0234375 0.0388889
0 0.484375 0.466204 0.025 0.0472222
0 0.26849 0.556481 0.0223958 0.0592593
0 0.23151 0.568981 0.0203125 0.0638889
0 0.39375 0.518981 0.0197917 0.0527778
0 0.363542 0.518981 0.01875 0.0231481
0 0.25599 0.474074 0.0234375 0.0518519
0 0.432292 0.459722 0.0208333 0.0453704
0 0.476042 0.571296 0.021875 0.0462963
0 0.39401 0.54213 0.0182292 0.0564815
0 0.429688 0.565278 0.0166667 0.0361111
0 0.373177 0.564352 0.0192708 0.0601852
0 0.382552 0.459722 0.0213542 0.0546296
0 0.305208 0.474537 0.021875 0.037963
0 0.572135 0.513889 0.0255208 0.0444444
0 0.280729 0.466667 0.021875 0.0537037
0 0.0533854 0.583796 0.0223958 0.0657407
0 0.292969 0.474537 0.0223958 0.0527778
0 0.402344 0.534722 0.0192708 0.0546296
0 0.352604 0.541667 0.0208333 0.0648148
0 0.410156 0.563889 0.0213542 0.0518519
0 0.41875 0.483333 0.0229167 0.0537037
0 0.34349 0.527778 0.0223958 0.0462963
0 0.335677 0.547685 0.0244792 0.0398148
0 0.314063 0.504167 0.0229167 0.0490741
0 0.326562 0.561574 0.021875 0.0453704
0 0.435417 0.495833 0.0229167 0.0564815
0 0.24401 0.555556 0.0223958 0.0555556
0 0.289062 0.578704 0.0197917 0.0685185
0 0.377083 0.548611 0.021875 0.0546296
0 0.376823 0.504167 0.0223958 0.0490741
0 0.359896 0.578704 0.0239583 0.0555556
0 0.402344 0.503704 0.0223958 0.0574074
0 0.326562 0.50463 0.0208333 0.0592593
0 0.467448 0.533796 0.0255208 0.037963
0 0.401563 0.468056 0.0208333 0.0638889
0 0.514583 0.571759 0.021875 0.062037
0 0.31849 0.519444 0.0244792 0.0462963
0 0.43099 0.52037 0.0213542 0.0481481
0 0.19349 0.572222 0.0223958 0.0685185
0 0.356771 0.490278 0.021875 0.0435185
0 0.464063 0.466667 0.0239583 0.0518519
0 0.517448 0.518981 0.0244792 0.0472222
0 0.542708 0.563889 0.0229167 0.0592593
0 0.323177 0.466667 0.0234375 0.05
0 0.221875 0.550463 0.0208333 0.062037
0 0.272396 0.519907 0.025 0.0583333
0 0.172396 0.580093 0.025 0.062037
0 0.24349 0.577778 0.0265625 0.05
0 0.410417 0.474074 0.0208333 0.0555556
0 0.345313 0.452778 0.0239583 0.0481481
0 0.36875 0.510185 0.021875 0.0574074
0 0.525781 0.459259 0.0255208 0.0407407
0 0.493229 0.578704 0.0229167 0.0537037
0 0.302083 0.525926 0.0239583 0.0444444
0 0.322396 0.541667 0.025 0.05
0 0.397656 0.563889 0.0192708 0.0611111
0 0.302083 0.563426 0.0229167 0.0490741
0 0.463802 0.563426 0.0244792 0.0527778
0 0.384896 0.524537 0.0208333 0.0601852
0 0.364323 0.541204 0.0234375 0.0527778
0 0.28125 0.588426 0.025 0.0546296
0 0.209375 0.581019 0.0260417 0.0564815
0 0.439583 0.526852 0.0239583 0.0555556
0 0.439063 0.569907 0.025 0.0490741
0 0.318229 0.578704 0.0239583 0.0555556
0 0.452344 0.502778 0.0244792 0.0518519
0 0.430729 0.548148 0.0229167 0.062963
0 0.306771 0.585648 0.0239583 0.0564815
0 0.338802 0.511574 0.0213542 0.0675926
0 0.526042 0.572222 0.0229167 0.0574074
0 0.309375 0.475463 0.0208333 0.0657407
0 0.413021 0.541204 0.0239583 0.0583333
0 0.501562 0.578704 0.025 0.0611111
0 0.163802 0.570833 0.0244792 0.0731481
0 0.422135 0.557407 0.0223958 0.0611111
0 0.285156 0.557407 0.0223958 0.062963
0 0.485156 0.572222 0.0255208 0.0740741
0 0.447135 0.533796 0.0223958 0.0675926
0 0.351562 0.518981 0.0239583 0.0601852
0 0.180729 0.578241 0.0260417 0.0712963
0 0.452344 0.572222 0.0265625 0.062963
