0 0.353906 0.720833 0.0046875 0.0305556
0 0.553125 0.439352 0.009375 0.0583333
0 0.200781 0.749537 0.00885417 0.0675926
0 0.7 0.721296 0.00729167 0.0203704
0 0.408333 0.744444 0.0135417 0.0148148
0 0.258333 0.601852 0.0291667 0.0166667
0 0.65599 0.519444 0.0171875 0.0537037
0 0.222917 0.9 0.0177083 0.0185185
0 0.408073 0.630556 0.0151042 0.0166667
0 0.650521 0.556944 0.021875 0.0157407
0 0.3375 0.498611 0.015625 0.0175926
0 0.49974 0.677778 0.00572917 0.0296296
0 0.491406 0.518056 0.0223958 0.0361111
0 0.553385 0.722685 0.0015625 0.0101852
0 0.244271 0.618519 0.01875 0.0314815
0 0.635938 0.687963 0.00625 0.0425926
0 0.33724 0.533796 0.0109375 0.0175926
0 0.292448 0.524537 0.0151042 0.0601852
0 0.429167 0.686574 0.0114583 0.0490741
0 0.516406 0.557407 0.00677083 0.0185185
0 0.651042 0.70463 0.00729167 0.0351852
0 0.51276 0.725926 0.00989583 0.0222222
0 0.475521 0.503704 0.0302083 0.0351852
0 0.328646 0.586574 0.0239583 0.0194444
0 0.42526 0.489815 0.0203125 0.0240741
0 0.29974 0.616667 0.00677083 0.0240741
0 0.691406 0.706944 0.0151042 0.0101852
0 0.386979 0.556019 0.0208333 0.0157407
0 0.594792 0.484722 0.0135417 0.0175926
0 0.369271 0.593518 0.0135417 0.0425926
0 0.454167 0.483333 0.009375 0.0166667
0 0.43724 0.7375 0.0234375 0.025
0 0.588281 0.684259 0.0255208 0.0185185
0 0.678646 0.623611 0.00833333 0.0435185
0 0.574479 0.727778 0.0135417 0.0111111
0 0.324479 0.75787 0.034375 0.0361111
0 0.631771 0.476852 0.0166667 0.0388889
0 0.68724 0.659259 0.0182292 0.0148148
0 0.367448 0.548148 0.0223958 0.0277778
0 0.67474 0.503704 0.0223958 0.0222222
0 0.559115 0.757407 0.0151042 0.0296296
0 0.392188 0.548611 0.0125 0.0324074
0 0.595312 0.622685 0.0125 0.0342593
0 0.327604 0.527778 0.00625 0.0481481
0 0.402604 0.721759 0.021875 0.0305556
0 0.508854 0.625 0.0177083 0.0148148
0 0.372135 0.57963 0.00885417 0.0388889
0 0.296094 0.637963 0.0276042 0.0240741
0 0.357812 0.438426 0.0208333 0.0194444
0 0.33776 0.541204 0.0234375 0.0212963
0 0.603385 0.77963 0.0161458 0.012963
0 0.441406 0.469444 0.0078125 0.0148148
0 0.558854 0.496759 0.0260417 0.025
0 0.446615 0.504167 0.0244792 0.0305556
0 0.2625 0.543981 0.00833333 0.0101852
0 0.5125 0.681944 0.00833333 0.0453704
0 0.304167 0.550926 0.0125 0.0148148
0 0.434375 0.578241 0.0197917 0.0268519
0 0.645312 0.752778 0.009375 0.00925926
0 0.240365 0.766204 0.0234375 0.025
0 0.361979 0.521296 0.0145833 0.0185185
0 0.496354 0.507407 0.0270833 0.0166667
0 0.483854 0.49213 0.0239583 0.0175926
0 0.454427 0.490278 0.0203125 0.0157407
0 0.604167 0.697222 0.0270833 0.0222222
0 0.398698 0.448611 0.0203125 0.0416667
0 0.621094 0.727315 0.00572917 0.0194444
0 0.452865 0.719444 0.0192708 0.0222222
0 0.370313 0.786111 0.00833333 0.0148148
0 0.323698 0.898611 0.0182292 0.0194444
0 0.640104 0.497685 0.015625 0.037963
0 0.570573 0.601389 0.0151042 0.0138889
0 0.579948 0.460185 0.0244792 0.0240741
0 0.541146 0.511574 0.0104167 0.0324074
0 0.370052 0.446759 0.0140625 0.0175926
0 0.54974 0.483333 0.0078125 0.00925926
0 0.36276 0.578241 0.0078125 0.012037
0 0.638021 0.572222 0.0229167 0.0240741
0 0.416146 0.616204 0.01875 0.0175926
0 0.367448 0.704167 0.00677083 0.0212963
0 0.541667 0.424537 0.025 0.0287037
0 0.449479 0.418981 0.015625 0.0342593
0 0.432552 0.741204 0.0151042 0.0138889
0 0.349479 0.72037 0.0208333 0.0166667
0 0.559115 0.585185 0.0203125 0.037037
0 0.528906 0.563426 0.0078125 0.0268519
0 0.378646 0.756019 0.0125 0.025
0 0.566146 0.733333 0.015625 0.0222222
0 0.558333 0.44537 0.009375 0.0351852
0 0.4 0.789815 0.00833333 0.0185185
0 0.321615 0.600926 0.0255208 0.0203704
0 0.494531 0.55787 0.00885417 0.0175926
0 0.420052 0.637963 0.0203125 0.012963
0 0.208073 0.785185 0.0192708 0.0203704
0 0.699479 0.668519 0.00520833 0.0111111
0 0.469531 0.543981 0.0151042 0.0398148
0 0.37474 0.447222 0.0213542 0.0240741
0 0.66276 0.518519 0.0317708 0.0314815
0 0.286719 0.596296 0.00885417 0.0185185
0 0.283333 0.534722 0.0114583 0.0175926
0 0.596094 0.491204 0.0234375 0.0194444
0 0.554688 0.548611 0.0177083 0.0194444
0 0.498698 0.432407 0.0307292 0.0240741
0 0.5375 0.543056 0.0208333 0.025
0 0.453906 0.712963 0.0151042 0.0166667
0 0.417188 0.525926 0.0197917 0.0240741
0 0.685156 0.756481 0.00885417 0.0648148
0 0.532812 0.727315 0.003125 0.0268519
0 0.545052 0.684259 0.00572917 0.0203704
0 0.58724 0.44537 0.0234375 0.0222222
0 0.128906 0.777778 0.0119792 0.012963
0 0.533594 0.431481 0.0151042 0.0166667
0 0.36224 0.703704 0.0046875 0.012963
0 0.433073 0.748611 0.0244792 0.0157407
0 0.466667 0.697222 0.00729167 0.0148148
0 0.486979 0.519444 0.0135417 0.0240741
0 0.45651 0.548611 0.0119792 0.0416667
0 0.4875 0.527315 0.0208333 0.0194444
0 0.704687 0.696759 0.021875 0.0287037
0 0.232552 0.764815 0.0182292 0.0185185
0 0.341406 0.772685 0.0192708 0.0157407
0 0.4375 0.638426 0.0197917 0.0157407
0 0.354427 0.715278 0.0130208 0.0231481
0 0.354167 0.637963 0.0135417 0.0185185
0 0.545833 0.757407 0.009375 0.00925926
0 0.267448 0.57963 0.0151042 0.0351852
0 0.504167 0.543981 0.0114583 0.0342593
0 0.571094 0.569907 0.0130208 0.0175926
0 0.666667 0.512037 0.01875 0.0259259
0 0.657812 0.734722 0.0145833 0.0231481
0 0.528385 0.725926 0.0203125 0.0166667
0 0.529167 0.49213 0.0145833 0.0157407
0 0.6125 0.669907 0.0135417 0.0157407
0 0.300781 0.488889 0.0203125 0.0351852
0 0.396094 0.651389 0.0223958 0.0175926
0 0.51224 0.505093 0.0182292 0.0175926
0 0.621094 0.578704 0.0171875 0.0185185
0 0.636979 0.540278 0.0125 0.0212963
0 0.56224 0.673611 0.0182292 0.0212963
0 0.224479 0.572685 0.0114583 0.0138889
0 0.60599 0.698148 0.0140625 0.0333333
0 0.257552 0.596296 0.0140625 0.012963
0 0.527865 0.788889 0.0151042 0.0388889
0 0.569271 0.756481 0.0114583 0.0574074
0 0.441146 0.740278 0.0166667 0.0138889
0 0.358854 0.475463 0.021875 0.0231481
0 0.507292 0.737037 0.00520833 0.00925926
0 0.479167 0.613889 0.0229167 0.0203704
0 0.124219 0.793981 0.0223958 0.0231481
0 0.496094 0.777778 0.0182292 0.0240741
0 0.595312 0.577778 0.01875 0.0222222
0 0.38724 0.448148 0.0130208 0.0314815
0 0.444792 0.668519 0.0114583 0.0296296
0 0.491146 0.6 0.00625 0.0203704
0 0.403125 0.779167 0.00625 0.0212963
0 0.43724 0.603241 0.00989583 0.012037
0 0.553646 0.691667 0.00625 0.0148148
0 0.41224 0.499074 0.0171875 0.0203704
0 0.333854 0.644907 0.0125 0.0194444
0 0.459115 0.731019 0.0161458 0.0342593
0 0.617448 0.481944 0.0255208 0.0268519
0 0.584115 0.586574 0.0244792 0.0268519
0 0.598437 0.46713 0.0104167 0.0675926
0 0.540885 0.595833 0.0078125 0.0157407
0 0.300521 0.541204 0.0125 0.0472222
0 0.433333 0.53287 0.003125 0.0212963
0 0.43724 0.631944 0.0140625 0.0435185
0 0.558594 0.661574 0.00989583 0.0138889
0 0.702865 0.713426 0.00885417 0.0175926
0 0.353646 0.779167 0.0197917 0.0138889
0 0.255729 0.571296 0.01875 0.0425926
0 0.209115 0.573148 0.00989583 0.0425926
0 0.375 0.643056 0.0135417 0.0194444
0 0.68776 0.637963 0.0078125 0.0277778
0 0.596354 0.778704 0.0166667 0.0203704
0 0.464583 0.734722 0.0166667 0.0398148
0 0.55026 0.756019 0.0119792 0.0101852
0 0.591146 0.497685 0.0104167 0.0212963
0 0.390885 0.512963 0.0182292 0.0240741
0 0.545313 0.690741 0.0145833 0.0148148
0 0.554427 0.661574 0.00677083 0.0175926
0 0.354167 0.756481 0.00833333 0.0185185
0 0.558073 0.489815 0.0140625 0.0185185
0 0.542188 0.535185 0.0177083 0.0277778
0 0.625 0.52037 0.021875 0.0259259
0 0.448438 0.535185 0.021875 0.0351852
0 0.483333 0.54213 0.028125 0.025
0 0.519792 0.699537 0.0145833 0.0472222
0 0.3875 0.483333 0.028125 0.0277778
0 0.383333 0.714352 0.0114583 0.0398148
0 0.71276 0.70463 0.0213542 0.0185185
0 0.620573 0.533333 0.0119792 0.0240741
0 0.453646 0.527778 0.0114583 0.0148148
0 0.227604 0.781018 0.0208333 0.025
0 0.278385 0.533333 0.00677083 0.0148148
0 0.345833 0.490278 0.0166667 0.0175926
0 0.582031 0.503704 0.00885417 0.0518519
0 0.341927 0.740741 0.0203125 0.0203704
0 0.629167 0.453241 0.0208333 0.0268519
0 0.4875 0.469907 0.0114583 0.0138889
0 0.291406 0.593982 0.0140625 0.0194444
0 0.525781 0.703704 0.0244792 0.0185185
0 0.491406 0.607407 0.0223958 0.0240741
0 0.403906 0.447685 0.0223958 0.025
0 0.46224 0.727315 0.00885417 0.0175926
0 0.496094 0.712963 0.00989583 0.0111111
0 0.403125 0.603704 0.00104167 0.0166667
0 0.33776 0.7625 0.0276042 0.0268519
0 0.573177 0.780093 0.0151042 0.0287037
0 0.315885 0.565741 0.0192708 0.0296296
0 0.327604 0.616667 0.0166667 0.0462963
0 0.538281 0.733333 0.0213542 0.0388889
0 0.386458 0.749537 0.00729167 0.0564815
0 0.63776 0.756944 0.0161458 0.012037
0 0.59974 0.624537 0.00260417 0.0101852
0 0.4875 0.756944 0.00625 0.0175926
0 0.532292 0.580556 0.00625 0.0166667
0 0.61901 0.526852 0.0171875 0.0259259
0 0.186719 0.75787 0.00885417 0.0175926
0 0.363281 0.527315 0.0276042 0.0268519
0 0.558333 0.725463 0.0125 0.0194444
0 0.623958 0.790278 0.00208333 0.0175926
0 0.453385 0.762963 0.0182292 0.0222222
0 0.598698 0.603704 0.0046875 0.012963
0 0.553385 0.751389 0.00364583 0.0175926
0 0.58776 0.512037 0.0109375 0.0203704
0 0.5625 0.779167 0.0166667 0.0138889
0 0.290885 0.500926 0.0161458 0.0462963
0 0.425 0.616667 0.009375 0.0222222
0 0.591406 0.482407 0.0109375 0.0296296
0 0.35 0.632407 0.028125 0.0240741
0 0.51276 0.562963 0.0182292 0.0166667
0 0.336979 0.630556 0.021875 0.0444444
0 0.454688 0.53287 0.0166667 0.0212963
0 0.466146 0.632407 0.0135417 0.0166667
0 0.250521 0.57037 0.0302083 0.0259259
0 0.541927 0.600926 0.0109375 0.0203704
0 0.557292 0.56713 0.0177083 0.0342593
0 0.681771 0.69213 0.00208333 0.0231481
0 0.375781 0.536574 0.00364583 0.012037
0 0.228385 0.797222 0.00572917 0.00925926
0 0.267188 0.532407 0.0166667 0.0185185
0 0.279427 0.540278 0.0109375 0.0175926
0 0.536979 0.689352 0.00625 0.0175926
0 0.246615 0.735648 0.0130208 0.0324074
0 0.407552 0.714352 0.00989583 0.0157407
0 0.447917 0.695833 0.01875 0.0583333
0 0.386979 0.652315 0.00625 0.0101852
0 0.591667 0.540741 0.0208333 0.0222222
0 0.56224 0.563426 0.0161458 0.0175926
0 0.478646 0.483333 0.00729167 0.0185185
0 0.444531 0.730093 0.00885417 0.0138889
0 0.450521 0.59537 0.0166667 0.0240741
0 0.57526 0.652778 0.00572917 0.0148148
0 0.621094 0.540741 0.0223958 0.0277778
0 0.558073 0.776389 0.00989583 0.0268519
0 0.454427 0.453704 0.0182292 0.0240741
0 0.329427 0.532407 0.0119792 0.0203704
0 0.441146 0.602778 0.0125 0.0185185
0 0.63776 0.549074 0.0265625 0.0203704
0 0.509115 0.468981 0.0192708 0.025
0 0.400521 0.541204 0.00833333 0.0194444
0 0.499479 0.475463 0.003125 0.0194444
0 0.249479 0.565278 0.0104167 0.0194444
0 0.450521 0.748148 0.0145833 0.0203704
0 0.429167 0.571759 0.0104167 0.0157407
0 0.329427 0.706019 0.0161458 0.025
0 0.45026 0.645833 0.0140625 0.0194444
0 0.28776 0.637037 0.0182292 0.0222222
0 0.693229 0.660648 0.01875 0.0638889
0 0.32474 0.75 0.0223958 0.0296296
0 0.407552 0.573148 0.0130208 0.0222222
0 0.408073 0.5125 0.0130208 0.0138889
0 0.620573 0.445833 0.0151042 0.0231481
0 0.620573 0.572222 0.0151042 0.0166667
0 0.22526 0.57963 0.0161458 0.0166667
0 0.690104 0.698148 0.0104167 0.05
0 0.557552 0.752315 0.0109375 0.00833333
0 0.358073 0.49213 0.0161458 0.0138889
0 0.571094 0.446759 0.0223958 0.025
0 0.31875 0.624074 0.0177083 0.0518519
0 0.453385 0.55787 0.00677083 0.0342593
0 0.633333 0.734722 0.009375 0.0157407
0 0.586979 0.771296 0.00625 0.0148148
0 0.296094 0.571296 0.0161458 0.0240741
0 0.441406 0.44537 0.00677083 0.0351852
0 0.624479 0.680093 0.00416667 0.0138889
0 0.615625 0.573611 0.0145833 0.0453704
0 0.388021 0.633796 0.0145833 0.0138889
0 0.391406 0.506481 0.00989583 0.0555556
0 0.465885 0.763426 0.0119792 0.025
0 0.532552 0.778241 0.0078125 0.0194444
0 0.37474 0.636111 0.00572917 0.0203704
0 0.420052 0.453704 0.0151042 0.0259259
0 0.366927 0.79213 0.0140625 0.025
0 0.402344 0.440741 0.0130208 0.0259259
0 0.616927 0.498611 0.0213542 0.0231481
0 0.353125 0.542593 0.0114583 0.0240741
0 0.33776 0.583796 0.0171875 0.0287037
0 0.336458 0.453704 0.00833333 0.0333333
0 0.438542 0.475926 0.0135417 0.0240741
0 0.452083 0.703241 0.0135417 0.037963
0 0.558333 0.611574 0.0125 0.0231481
0 0.28724 0.629167 0.0119792 0.0194444
0 0.615885 0.706019 0.00572917 0.0157407
0 0.640104 0.52037 0.0197917 0.0574074
0 0.448958 0.668981 0.0114583 0.0175926
0 0.641667 0.746296 0.00833333 0.0240741
0 0.626823 0.474074 0.0161458 0.0574074
0 0.657552 0.675463 0.0109375 0.0509259
0 0.2875 0.526852 0.01875 0.0277778
0 0.56224 0.446759 0.0244792 0.0287037
0 0.508073 0.463889 0.0119792 0.012963
0 0.48724 0.431019 0.0161458 0.0157407
0 0.51224 0.735185 0.0119792 0.0148148
0 0.604427 0.572222 0.0286458 0.0240741
0 0.433594 0.691204 0.0307292 0.0268519
0 0.59401 0.45463 0.0161458 0.0555556
0 0.379167 0.7625 0.0208333 0.0287037
0 0.34974 0.756019 0.0130208 0.0194444
0 0.401563 0.741204 0.0197917 0.0305556
0 0.491146 0.705093 0.009375 0.0601852
0 0.563542 0.540741 0.0145833 0.0240741
0 0.61224 0.662037 0.00677083 0.0185185
0 0.328906 0.755556 0.0140625 0.0222222
0 0.542188 0.736111 0.00520833 0.0277778
0 0.573698 0.44537 0.0130208 0.0537037
0 0.491406 0.712963 0.00572917 0.012963
0 0.63776 0.702315 0.0078125 0.0212963
0 0.308854 0.528241 0.01875 0.0268519
0 0.514063 0.562963 0.0104167 0.0796296
0 0.370833 0.690278 0.009375 0.0601852
0 0.673177 0.45463 0.0234375 0.062963
0 0.58724 0.571296 0.0192708 0.0240741
0 0.528385 0.675926 0.00572917 0.0277778
0 0.474479 0.795833 0.0197917 0.025
0 0.441406 0.564352 0.0046875 0.0194444
0 0.366406 0.541204 0.0130208 0.0212963
0 0.466667 0.772685 0.0135417 0.0157407
0 0.570833 0.763426 0.0125 0.0194444
0 0.408594 0.518519 0.0213542 0.0166667
0 0.333073 0.556481 0.0192708 0.0148148
0 0.416146 0.727315 0.009375 0.0268519
0 0.583594 0.660648 0.0161458 0.025
0 0.24974 0.606019 0.0119792 0.0194444
0 0.653906 0.698611 0.0078125 0.0157407
0 0.384115 0.698148 0.0078125 0.0277778
0 0.38724 0.475926 0.0161458 0.0259259
0 0.432552 0.683796 0.0182292 0.0212963
0 0.529167 0.569907 0.0260417 0.0324074
0 0.578906 0.527315 0.0182292 0.0212963
0 0.603906 0.565741 0.00989583 0.0185185
0 0.433854 0.610185 0.00833333 0.0222222
0 0.411458 0.73287 0.0125 0.0416667
0 0.547396 0.42963 0.0135417 0.0740741
0 0.386979 0.718982 0.0197917 0.0231481
0 0.599219 0.646759 0.0109375 0.0157407
0 0.378646 0.658796 0.00625 0.012037
0 0.473177 0.696759 0.0161458 0.0509259
0 0.496094 0.565278 0.0161458 0.0175926
0 0.691667 0.521296 0.0145833 0.0203704
0 0.478646 0.606481 0.0114583 0.0240741
0 0.36276 0.637963 0.0078125 0.0148148
0 0.295312 0.630556 0.0208333 0.0277778
0 0.520573 0.585185 0.0171875 0.0166667
0 0.365885 0.436574 0.0213542 0.0416667
0 0.658333 0.481481 0.0177083 0.0240741
0 0.5875 0.676389 0.0104167 0.0157407
0 0.525 0.771296 0.0208333 0.0259259
0 0.37474 0.527778 0.00677083 0.0333333
0 0.257031 0.797685 0.00572917 0.0138889
0 0.396094 0.548611 0.0171875 0.0175926
0 0.546094 0.735185 0.0119792 0.0148148
0 0.374479 0.475 0.0177083 0.0240741
0 0.540885 0.777315 0.0046875 0.0212963
0 0.441667 0.498611 0.009375 0.012037
0 0.6875 0.521296 0.0104167 0.0314815
0 0.470313 0.669444 0.009375 0.0277778
0 0.383073 0.505556 0.00885417 0.0259259
0 0.579167 0.778241 0.0197917 0.025
0 0.282292 0.595833 0.00833333 0.0101852
0 0.404687 0.654167 0.0104167 0.0175926
0 0.610417 0.481944 0.01875 0.0490741
0 0.323177 0.891204 0.0192708 0.0231481
0 0.461198 0.533796 0.00677083 0.0194444
0 0.545833 0.61713 0.00833333 0.0138889
0 0.533333 0.588426 0.0145833 0.0175926
0 0.35 0.59213 0.01875 0.0305556
0 0.409896 0.540278 0.015625 0.062037
0 0.553906 0.540278 0.0078125 0.012037
0 0.599479 0.722222 0.003125 0.012963
0 0.570312 0.562963 0.00520833 0.0148148
0 0.391146 0.587963 0.003125 0.0185185
0 0.43776 0.571296 0.00364583 0.0277778
0 0.445573 0.438426 0.0192708 0.0268519
0 0.52526 0.513426 0.0265625 0.0287037
0 0.628906 0.444444 0.0151042 0.0314815
0 0.383594 0.565278 0.0078125 0.0157407
0 0.416406 0.518519 0.0109375 0.0203704
0 0.583854 0.580093 0.0166667 0.0231481
0 0.341927 0.584259 0.00989583 0.0240741
0 0.575521 0.697685 0.0166667 0.0212963
0 0.420052 0.770833 0.0046875 0.0231481
0 0.270573 0.743056 0.0119792 0.025
0 0.379427 0.666667 0.0140625 0.0185185
0 0.383333 0.446759 0.0114583 0.0157407
0 0.658073 0.681944 0.0130208 0.012037
0 0.675781 0.653241 0.0078125 0.0268519
0 0.300781 0.638889 0.0192708 0.05
0 0.60026 0.474537 0.0265625 0.0305556
0 0.52526 0.468056 0.0203125 0.0157407
0 0.357552 0.712037 0.00364583 0.0222222
0 0.266406 0.527778 0.00572917 0.0203704
0 0.231771 0.773611 0.0229167 0.0287037
0 0.496094 0.48287 0.00572917 0.0194444
0 0.30651 0.512963 0.0151042 0.0481481
0 0.4125 0.741667 0.0166667 0.0166667
0 0.420312 0.730556 0.021875 0.0240741
0 0.58776 0.778241 0.0130208 0.0194444
0 0.266406 0.609259 0.0119792 0.0185185
0 0.372656 0.727778 0.0171875 0.0592593
0 0.654427 0.666667 0.0192708 0.0259259
0 0.211979 0.572222 0.003125 0.0185185
0 0.390104 0.461574 0.015625 0.0398148
0 0.429167 0.616204 0.015625 0.0175926
0 0.633073 0.680093 0.00885417 0.0212963
0 0.578906 0.542593 0.0046875 0.0203704
0 0.552083 0.728241 0.0239583 0.0324074
0 0.240365 0.581481 0.00364583 0.0185185
0 0.648958 0.728241 0.0166667 0.0231481
0 0.591927 0.50463 0.0192708 0.0259259
0 0.667448 0.488426 0.0203125 0.0305556
0 0.266406 0.750463 0.0171875 0.0212963
0 0.678646 0.675926 0.0125 0.0648148
0 0.542448 0.624537 0.0130208 0.0212963
0 0.421615 0.580556 0.0171875 0.0277778
0 0.379687 0.536111 0.0135417 0.012963
0 0.456771 0.563426 0.0208333 0.0472222
0 0.429167 0.660648 0.0229167 0.0287037
0 0.483333 0.469444 0.00833333 0.012963
0 0.62526 0.687037 0.0130208 0.0166667
0 0.541667 0.618519 0.00520833 0.012963
0 0.545313 0.512037 0.00520833 0.0166667
0 0.257812 0.803241 0.0125 0.0212963
0 0.148438 0.766204 0.0197917 0.0490741
0 0.479688 0.491204 0.0104167 0.025
0 0.370573 0.697222 0.0078125 0.012963
0 0.311979 0.592593 0.0104167 0.0166667
0 0.553906 0.444444 0.0203125 0.0259259
0 0.666667 0.72037 0.01875 0.0296296
0 0.595833 0.729167 0.00520833 0.0212963
0 0.549219 0.564815 0.0109375 0.0685185
0 0.628646 0.733796 0.00625 0.0175926
0 0.632552 0.690278 0.0151042 0.0305556
0 0.629167 0.571296 0.021875 0.0259259
0 0.136458 0.779167 0.0177083 0.0472222
0 0.381771 0.623611 0.0145833 0.0416667
0 0.565885 0.726852 0.00885417 0.0259259
0 0.511719 0.772685 0.0151042 0.0194444
0 0.39974 0.609259 0.00260417 0.0203704
0 0.570312 0.483333 0.00520833 0.012963
0 0.380729 0.79213 0.0208333 0.0564815
0 0.266406 0.571759 0.0078125 0.025
0 0.466406 0.469907 0.0213542 0.0231481
0 0.270573 0.572222 0.00885417 0.0148148
0 0.215885 0.779167 0.00989583 0.0138889
0 0.467708 0.674537 0.0177083 0.0416667
0 0.700521 0.675463 0.0125 0.0157407
0 0.600521 0.652778 0.0239583 0.0296296
0 0.466406 0.498611 0.0203125 0.0287037
0 0.304167 0.618519 0.0177083 0.0203704
0 0.516927 0.727315 0.0151042 0.025
0 0.495833 0.498611 0.00833333 0.0138889
0 0.141667 0.778704 0.0229167 0.0759259
0 0.244531 0.764352 0.0223958 0.0712963
0 0.552865 0.513889 0.0192708 0.0574074
0 0.251302 0.554167 0.0161458 0.0361111
0 0.516146 0.721759 0.00729167 0.0212963
0 0.240104 0.750926 0.0208333 0.0296296
0 0.366146 0.785185 0.00833333 0.0148148
0 0.295573 0.563426 0.00989583 0.0231481
0 0.511719 0.555556 0.00885417 0.0166667
0 0.678906 0.68287 0.0130208 0.0101852
0 0.404167 0.787963 0.0125 0.0240741
0 0.703906 0.721759 0.0171875 0.025
0 0.444271 0.518519 0.01875 0.0648148
0 0.346875 0.563889 0.0208333 0.0648148
0 0.640885 0.639815 0.0265625 0.0296296
0 0.458333 0.559259 0.0135417 0.0203704
0 0.436979 0.676389 0.0166667 0.0435185
0 0.664844 0.683796 0.0171875 0.0453704
0 0.553385 0.777315 0.00677083 0.0212963
0 0.3625 0.447222 0.0125 0.0259259
0 0.688021 0.698148 0.025 0.0277778
0 0.47474 0.498611 0.0161458 0.0324074
0 0.570833 0.691667 0.015625 0.0462963
0 0.445833 0.498148 0.015625 0.0166667
0 0.302344 0.594907 0.0192708 0.0527778
0 0.578906 0.452315 0.0161458 0.0212963
0 0.2 0.756019 0.003125 0.012037
0 0.275 0.750463 0.0270833 0.0342593
0 0.433073 0.570833 0.0119792 0.0194444
0 0.583333 0.653241 0.00729167 0.0287037
0 0.544792 0.726852 0.00416667 0.0111111
0 0.660677 0.541204 0.0161458 0.0546296
0 0.495313 0.770833 0.0114583 0.0231481
0 0.383073 0.439352 0.00989583 0.0583333
0 0.460938 0.519907 0.01875 0.0472222
0 0.533594 0.786111 0.0151042 0.0148148
0 0.522917 0.583333 0.0166667 0.0740741
0 0.525521 0.495833 0.0229167 0.0268519
0 0.386458 0.602315 0.01875 0.0546296
0 0.46224 0.696296 0.0078125 0.0166667
0 0.607813 0.512963 0.0145833 0.0240741
0 0.670573 0.646296 0.0015625 0.0203704
0 0.703906 0.692593 0.0078125 0.0240741
0 0.557813 0.722222 0.00416667 0.0148148
0 0.441667 0.728704 0.00729167 0.0240741
0 0.595573 0.632407 0.0046875 0.012963
0 0.595312 0.771759 0.00833333 0.0175926
0 0.216927 0.755556 0.0151042 0.0240741
0 0.354948 0.549537 0.0109375 0.025
0 0.499479 0.681944 0.0104167 0.0212963
0 0.578646 0.77037 0.009375 0.0222222
0 0.583594 0.511574 0.0140625 0.0268519
0 0.31224 0.756481 0.0213542 0.0351852
0 0.386979 0.756944 0.015625 0.0175926
0 0.369792 0.570833 0.00104167 0.0194444
0 0.358073 0.718982 0.0119792 0.0231481
0 0.569531 0.7875 0.0171875 0.0527778
0 0.428646 0.653241 0.0145833 0.0287037
0 0.59401 0.661111 0.0192708 0.0648148
0 0.340104 0.780093 0.0197917 0.0583333
0 0.666146 0.48287 0.0104167 0.0212963
0 0.316927 0.498611 0.0213542 0.0287037
0 0.297917 0.527315 0.0145833 0.062037
0 0.308073 0.75 0.0130208 0.0314815
0 0.245573 0.562037 0.0130208 0.0203704
0 0.625 0.725926 0.0125 0.0222222
0 0.594271 0.689815 0.0208333 0.0518519
0 0.496094 0.476389 0.0130208 0.0342593
0 0.614323 0.688889 0.0213542 0.0555556
0 0.545052 0.483796 0.00572917 0.0157407
0 0.610417 0.45463 0.0145833 0.0592593
0 0.461979 0.50463 0.00729167 0.0277778
0 0.331771 0.512037 0.01875 0.0592593
0 0.503906 0.4625 0.00677083 0.0175926
0 0.627604 0.743519 0.0229167 0.0462963
0 0.383333 0.512037 0.0145833 0.0240741
0 0.46224 0.541204 0.0130208 0.0212963
0 0.0263021 0.970833 0.0182292 0.0416667
0 0.482292 0.408796 0.0229167 0.0416667
0 0.516406 0.603704 0.00989583 0.0166667
0 0.190885 0.756481 0.0119792 0.0203704
0 0.541667 0.786574 0.0104167 0.0138889
0 0.60026 0.611111 0.0119792 0.0185185
0 0.35625 0.431944 0.0177083 0.0416667
0 0.223958 0.793056 0.00625 0.0138889
0 0.203906 0.755556 0.00677083 0.0185185
0 0.28776 0.772685 0.00989583 0.0194444
0 0.271354 0.579167 0.015625 0.0194444
0 0.360938 0.771296 0.01875 0.05
0 0.641667 0.719444 0.0104167 0.0166667
0 0.245573 0.730556 0.00572917 0.0166667
0 0.457812 0.725926 0.00729167 0.0148148
0 0.466927 0.668981 0.0109375 0.0305556
0 0.2125 0.579167 0.0104167 0.0157407
0 0.553906 0.786111 0.00885417 0.0148148
0 0.370833 0.506019 0.021875 0.0231481
0 0.491667 0.497685 0.009375 0.0175926
0 0.328646 0.698611 0.00729167 0.0212963
0 0.286719 0.764352 0.00572917 0.0212963
0 0.236458 0.750926 0.0145833 0.0185185
0 0.574219 0.688889 0.0046875 0.0185185
0 0.460938 0.763889 0.015625 0.0444444
0 0.246094 0.585185 0.0140625 0.0240741
0 0.43776 0.610185 0.0192708 0.0222222
0 0.581771 0.735648 0.015625 0.0601852
0 0.528125 0.587963 0.01875 0.0444444
0 0.352083 0.534259 0.0135417 0.0592593
0 0.441667 0.57037 0.0114583 0.0259259
0 0.571354 0.490741 0.0104167 0.0222222
0 0.628385 0.797685 0.0078125 0.0175926
0 0.116406 0.778704 0.0119792 0.0259259
0 0.395052 0.7125 0.00572917 0.0138889
0 0.635938 0.475 0.0177083 0.0648148
0 0.507552 0.614352 0.0130208 0.0231481
0 0.579427 0.55 0.0140625 0.0222222
0 0.43776 0.534259 0.0119792 0.0185185
0 0.333073 0.6375 0.00989583 0.0212963
0 0.486198 0.438889 0.0192708 0.0407407
0 0.528906 0.680556 0.0119792 0.0277778
0 0.3875 0.660185 0.0104167 0.0166667
0 0.516146 0.676389 0.003125 0.0268519
0 0.691927 0.637963 0.0130208 0.0259259
0 0.564844 0.468056 0.0192708 0.0694444
0 0.374219 0.601852 0.0223958 0.0611111
0 0.511458 0.513426 0.0208333 0.0564815
0 0.308073 0.52037 0.0140625 0.0185185
0 0.678906 0.633333 0.0171875 0.0222222
0 0.5625 0.533796 0.00729167 0.0175926
0 0.488542 0.603241 0.0125 0.0527778
0 0.595833 0.719907 0.0166667 0.0268519
0 0.245312 0.580093 0.00625 0.0157407
0 0.379167 0.564815 0.00625 0.0166667
0 0.616927 0.712963 0.0119792 0.0148148
0 0.678906 0.518981 0.0213542 0.0305556
0 0.639583 0.569907 0.0197917 0.0546296
0 0.636979 0.696296 0.00520833 0.0148148
0 0.51276 0.48287 0.0151042 0.0175926
0 0.658073 0.475 0.00885417 0.0203704
0 0.627344 0.790741 0.0046875 0.012963
0 0.432813 0.601852 0.0145833 0.0481481
0 0.653385 0.662963 0.00989583 0.0185185
0 0.546615 0.519444 0.0130208 0.0277778
0 0.336979 0.460648 0.01875 0.0287037
0 0.50026 0.48287 0.0119792 0.0212963
0 0.327344 0.461574 0.0192708 0.0583333
0 0.439323 0.722222 0.00364583 0.0111111
0 0.433333 0.771296 0.0166667 0.0222222
0 0.644531 0.491204 0.0182292 0.062037
0 0.44974 0.584722 0.00572917 0.0231481
0 0.153646 0.743981 0.0125 0.0657407
0 0.649479 0.697685 0.00520833 0.0212963
0 0.25 0.550463 0.00833333 0.0175926
0 0.383333 0.477315 0.0135417 0.0435185
0 0.441667 0.452778 0.0125 0.0277778
0 0.467448 0.512037 0.0171875 0.0351852
0 0.313802 0.563889 0.0161458 0.0592593
0 0.410937 0.482407 0.0197917 0.05
0 0.635938 0.439815 0.0229167 0.0537037
0 0.403646 0.573148 0.00625 0.0259259
0 0.37474 0.573148 0.0046875 0.0222222
0 0.382812 0.689352 0.00729167 0.0194444
0 0.239844 0.741667 0.0234375 0.0240741
0 0.528125 0.534259 0.0177083 0.062963
0 0.4375 0.46713 0.00520833 0.0231481
0 0.6 0.562963 0.00833333 0.0333333
0 0.52474 0.490741 0.0130208 0.0185185
0 0.420312 0.777315 0.0125 0.0268519
0 0.572917 0.735648 0.0208333 0.0490741
0 0.546354 0.488426 0.0114583 0.025
0 0.558073 0.577315 0.0140625 0.0268519
0 0.27474 0.741667 0.00885417 0.0351852
0 0.404948 0.580556 0.0140625 0.0277778
0 0.523698 0.505556 0.0161458 0.05
0 0.149219 0.787037 0.0244792 0.0574074
0 0.5375 0.469444 0.01875 0.0314815
0 0.614062 0.496296 0.0166667 0.0555556
0 0.216146 0.749074 0.00416667 0.0222222
0 0.6 0.631944 0.00833333 0.0175926
0 0.45026 0.564352 0.0119792 0.0231481
0 0.51224 0.603241 0.00677083 0.0231481
0 0.577083 0.488889 0.0166667 0.0666667
0 0.389323 0.549537 0.0223958 0.0509259
0 0.669531 0.66713 0.0203125 0.0472222
0 0.68724 0.691204 0.00677083 0.0175926
0 0.672917 0.505556 0.01875 0.0611111
0 0.56849 0.5125 0.0182292 0.0694444
0 0.536979 0.725926 0.009375 0.0259259
0 0.375521 0.578704 0.0104167 0.0222222
0 0.319531 0.521296 0.0161458 0.0555556
0 0.477083 0.778704 0.0208333 0.0611111
0 0.153646 0.748611 0.00520833 0.0157407
0 0.482812 0.461574 0.0135417 0.0398148
0 0.536198 0.755093 0.0213542 0.0601852
0 0.403385 0.643981 0.00677083 0.0212963
0 0.420573 0.571759 0.00677083 0.0231481
0 0.444271 0.638426 0.01875 0.0564815
0 0.561979 0.556481 0.0197917 0.0648148
0 0.50651 0.55 0.0192708 0.0388889
0 0.602083 0.696296 0.0197917 0.0574074
0 0.516667 0.681019 0.0125 0.025
0 0.395052 0.586574 0.0078125 0.0212963
0 0.398177 0.468519 0.0171875 0.0685185
0 0.451562 0.764352 0.0197917 0.0490741
0 0.674219 0.645833 0.0046875 0.0231481
0 0.11901 0.794444 0.0244792 0.037037
0 0.447917 0.748148 0.0239583 0.0592593
0 0.577083 0.602315 0.0197917 0.0583333
0 0.636198 0.505556 0.0192708 0.062963
0 0.440625 0.750463 0.0208333 0.0453704
0 0.6 0.729167 0.0114583 0.0231481
0 0.364844 0.7125 0.0234375 0.0509259
0 0.403906 0.607407 0.00677083 0.0240741
0 0.353385 0.469907 0.0161458 0.0546296
0 0.414583 0.496296 0.0229167 0.0574074
0 0.427604 0.440278 0.01875 0.0564815
0 0.59401 0.5875 0.0213542 0.062037
0 0.258333 0.543056 0.00833333 0.025
0 0.502344 0.772222 0.0203125 0.0592593
0 0.360938 0.525926 0.021875 0.0592593
0 0.34401 0.541667 0.0161458 0.0740741
0 0.452083 0.555556 0.0239583 0.0722222
0 0.495052 0.542593 0.0203125 0.0611111
0 0.435677 0.474074 0.0234375 0.0592593
0 0.527344 0.466667 0.0203125 0.0685185
0 0.540104 0.693056 0.021875 0.0398148
0 0.605208 0.5625 0.01875 0.062037
0 0.34401 0.63287 0.0223958 0.0583333
0 0.614844 0.475926 0.0203125 0.0759259
0 0.590365 0.57037 0.0223958 0.062963
0 0.364583 0.54213 0.0229167 0.0583333
0 0.420312 0.645833 0.0229167 0.0453704
0 0.511979 0.475463 0.0125 0.0657407
0 0.395312 0.736574 0.0239583 0.0583333
0 0.377083 0.763889 0.0239583 0.0555556
0 0.43151 0.497685 0.0182292 0.0657407
0 0.464844 0.468519 0.0223958 0.062963
0 0.365365 0.750926 0.0213542 0.0592593
0 0.44375 0.769444 0.0208333 0.0537037
0 0.390365 0.426852 0.0203125 0.0388889
0 0.473437 0.534259 0.0166667 0.0703704
0 0.520573 0.544444 0.0182292 0.0666667
0 0.476823 0.861111 0.0182292 0.037037
0 0.411198 0.454167 0.0192708 0.0675926
0 0.473437 0.794444 0.025 0.0574074
0 0.561198 0.633796 0.0192708 0.0546296
0 0.522396 0.438426 0.0177083 0.0694444
0 0.344271 0.454167 0.01875 0.0472222
0 0.276563 0.563889 0.021875 0.0518519
0 0.394531 0.654167 0.0203125 0.0601852
0 0.648698 0.513889 0.0203125 0.0666667
0 0.473437 0.446759 0.0177083 0.0694444
0 0.545313 0.574074 0.0177083 0.0611111
0 0.452344 0.711574 0.0223958 0.062037
0 0.590625 0.48287 0.0177083 0.0546296
0 0.322917 0.475926 0.0166667 0.0666667
0 0.364844 0.669444 0.0213542 0.0648148
0 0.335677 0.541204 0.0192708 0.062037
0 0.365365 0.48287 0.0182292 0.0694444
0 0.301042 0.549074 0.0239583 0.0518519
0 0.60599 0.540741 0.0223958 0.0537037
0 0.602604 0.781482 0.0229167 0.0648148
0 0.327604 0.585648 0.01875 0.0712963
0 0.465625 0.439352 0.0197917 0.062037
0 0.352083 0.780093 0.0229167 0.0490741
0 0.507812 0.431944 0.0197917 0.0657407
0 0.647656 0.556481 0.0171875 0.0722222
0 0.539583 0.536111 0.0229167 0.0574074
0 0.31875 0.594907 0.01875 0.0657407
0 0.523177 0.703704 0.0234375 0.0666667
0 0.44401 0.601852 0.0223958 0.0648148
0 0.448958 0.674537 0.025 0.0453704
0 0.56849 0.446296 0.0213542 0.0703704
0 0.661719 0.514352 0.0203125 0.0675926
0 0.528125 0.565741 0.01875 0.0703704
0 0.232292 0.770833 0.0239583 0.0675926
0 0.494271 0.563889 0.0239583 0.0648148
0 0.48151 0.541204 0.0213542 0.0657407
0 0.685417 0.660648 0.021875 0.0657407
0 0.561719 0.676852 0.0244792 0.0592593
0 0.389844 0.349074 0.0140625 0.0555556
0 0.515104 0.439352 0.021875 0.0546296
0 0.452604 0.490278 0.021875 0.0657407
0 0.676823 0.75 0.0161458 0.0685185
0 0.498698 0.431944 0.0223958 0.0657407
0 0.339844 0.742593 0.0223958 0.062963
0 0.423958 0.490741 0.0208333 0.0574074
0 0.399219 0.499537 0.0203125 0.0712963
0 0.336198 0.498148 0.0203125 0.0685185
0 0.298177 0.490741 0.0182292 0.0648148
0 0.410937 0.629167 0.0197917 0.0731481
0 0.416667 0.617593 0.021875 0.0703704
0 0.69349 0.704167 0.0213542 0.0712963
0 0.277865 0.535648 0.0182292 0.075
0 0.598437 0.475463 0.0208333 0.0657407
0 0.423958 0.543981 0.0208333 0.0564815
0 0.589844 0.503704 0.0234375 0.062963
0 0.527604 0.727778 0.0208333 0.062963
0 0.540104 0.424537 0.0208333 0.0601852
0 0.372917 0.44537 0.0208333 0.0648148
0 0.477344 0.418056 0.0223958 0.0509259
0 0.623177 0.520833 0.0234375 0.0564815
0 0.386198 0.631481 0.0234375 0.0648148
0 0.33125 0.556944 0.021875 0.0657407
0 0.433073 0.743981 0.0213542 0.0564815
0 0.720052 0.699074 0.0203125 0.0648148
0 0.557031 0.749537 0.0244792 0.0638889
0 0.635677 0.55 0.0213542 0.0722222
0 0.352604 0.639815 0.0197917 0.0574074
0 0.273438 0.610185 0.01875 0.062963
0 0.348177 0.720833 0.0234375 0.0675926
0 0.20651 0.786574 0.0223958 0.0601852
0 0.285156 0.638426 0.0234375 0.0731481
0 0.290365 0.594907 0.0244792 0.0601852
0 0.428906 0.573148 0.0192708 0.0648148
0 0.236458 0.749074 0.0239583 0.0648148
0 0.586198 0.441667 0.0203125 0.0722222
0 0.314583 0.496296 0.021875 0.0611111
0 0.569792 0.603241 0.021875 0.0657407
0 0.531771 0.431481 0.0197917 0.0777778
0 0.510417 0.734259 0.0229167 0.0611111
0 0.657031 0.736111 0.0192708 0.0722222
0 0.34401 0.491204 0.0192708 0.0675926
0 0.465104 0.771759 0.0239583 0.0638889
0 0.351823 0.549074 0.0203125 0.0611111
0 0.302083 0.616204 0.025 0.0583333
0 0.264583 0.750463 0.0270833 0.0564815
0 0.453125 0.418056 0.0208333 0.0564815
0 0.285677 0.528241 0.0182292 0.0712963
0 0.56875 0.764815 0.0239583 0.0648148
0 0.535937 0.69213 0.0208333 0.0675926
0 0.336198 0.765278 0.0223958 0.0583333
0 0.532031 0.780556 0.0182292 0.0648148
0 0.61901 0.541204 0.0223958 0.0694444
0 0.664583 0.719907 0.0239583 0.0564815
0 0.710417 0.705093 0.0208333 0.0768519
0 0.556771 0.609259 0.0229167 0.062963
0 0.560677 0.778704 0.0223958 0.0666667
0 0.23125 0.571759 0.01875 0.0805556
0 0.114844 0.780556 0.0276042 0.0518519
0 0.436198 0.638889 0.0223958 0.062963
0 0.453385 0.45463 0.0213542 0.0722222
0 0.498698 0.609722 0.0203125 0.0731481
0 0.327083 0.534722 0.0197917 0.0675926
0 0.602083 0.446296 0.0229167 0.062963
0 0.556771 0.660185 0.021875 0.0648148
0 0.360677 0.579167 0.0213542 0.0657407
0 0.35651 0.490278 0.0213542 0.0694444
0 0.257031 0.595833 0.0203125 0.0694444
0 0.627344 0.572222 0.0223958 0.0666667
0 0.398438 0.543056 0.0208333 0.0638889
0 0.548437 0.756481 0.025 0.062963
0 0.560417 0.446296 0.0197917 0.0777778
0 0.58099 0.511111 0.0234375 0.0611111
0 0.44401 0.4375 0.0192708 0.0694444
0 0.489844 0.430556 0.0223958 0.0648148
0 0.127865 0.781018 0.0234375 0.0657407
0 0.386198 0.72037 0.0244792 0.0592593
0 0.619271 0.573611 0.0197917 0.0787037
0 0.598698 0.603241 0.0244792 0.062037
0 0.590625 0.542593 0.0229167 0.0666667
0 0.390625 0.513889 0.0197917 0.0685185
0 0.247396 0.610185 0.0229167 0.0648148
0 0.373437 0.638889 0.0229167 0.062963
0 0.490104 0.712037 0.0239583 0.0722222
0 0.557552 0.491204 0.0223958 0.0731481
0 0.48724 0.522222 0.0223958 0.0722222
0 0.61875 0.446759 0.0197917 0.0731481
0 0.29375 0.631481 0.0239583 0.0666667
0 0.407292 0.512963 0.0208333 0.0759259
0 0.361198 0.639352 0.0203125 0.0638889
0 0.444792 0.497222 0.025 0.0685185
0 0.490104 0.608796 0.0208333 0.075
0 0.420052 0.455093 0.0223958 0.0712963
0 0.378385 0.668981 0.0255208 0.0564815
0 0.36875 0.503704 0.0239583 0.0703704
0 0.452344 0.64537 0.0203125 0.0740741
0 0.48125 0.468981 0.0229167 0.0601852
0 0.30625 0.519444 0.0239583 0.0685185
0 0.545052 0.733796 0.0234375 0.0657407
0 0.552344 0.54213 0.0213542 0.0638889
0 0.377865 0.533796 0.0213542 0.0675926
0 0.339844 0.585185 0.0223958 0.0611111
0 0.689583 0.52037 0.0229167 0.0703704
0 0.453646 0.526852 0.0229167 0.0740741
0 0.324479 0.750926 0.0239583 0.0666667
0 0.553385 0.691204 0.0213542 0.075
0 0.477604 0.610185 0.0239583 0.0648148
0 0.349219 0.59537 0.0182292 0.0740741
0 0.585417 0.675463 0.0229167 0.0768519
0 0.461198 0.541204 0.0244792 0.0638889
0 0.373958 0.476389 0.0229167 0.0657407
0 0.369271 0.698148 0.025 0.0666667
0 0.54401 0.691204 0.0223958 0.0694444
0 0.532031 0.585648 0.0213542 0.0768519
0 0.402604 0.784722 0.0239583 0.0675926
0 0.30651 0.75 0.0255208 0.0666667
0 0.38151 0.691204 0.0286458 0.0546296
0 0.222917 0.57963 0.0229167 0.0740741
0 0.43151 0.684722 0.0223958 0.0546296
0 0.664583 0.484259 0.0229167 0.0740741
0 0.552344 0.446759 0.0213542 0.0731481
0 0.523438 0.771759 0.0239583 0.0638889
0 0.415365 0.52037 0.0223958 0.0703704
0 0.539844 0.616204 0.0223958 0.075
0 0.573177 0.652778 0.0234375 0.0666667
0 0.472917 0.497685 0.0208333 0.0768519
0 0.385417 0.756019 0.0239583 0.0601852
0 0.502344 0.460185 0.0244792 0.0722222
0 0.56875 0.489815 0.0239583 0.0648148
0 0.485938 0.75787 0.0208333 0.0638889
0 0.351823 0.756944 0.0234375 0.0694444
0 0.410417 0.741667 0.0239583 0.062963
0 0.386198 0.475926 0.0223958 0.0703704
0 0.644531 0.75 0.0192708 0.0777778
0 0.636198 0.757407 0.0203125 0.0759259
0 0.269271 0.579167 0.025 0.0657407
0 0.402865 0.439815 0.0223958 0.0648148
0 0.623958 0.690278 0.0229167 0.062037
0 0.364583 0.788426 0.0260417 0.0564815
0 0.582292 0.580556 0.0229167 0.0611111
0 0.544531 0.518981 0.0244792 0.062037
0 0.628125 0.447685 0.0197917 0.0768519
0 0.24375 0.580093 0.0239583 0.0694444
0 0.247396 0.550463 0.025 0.0601852
0 0.294792 0.565278 0.0229167 0.0768519
0 0.465365 0.633333 0.0213542 0.0648148
0 0.640365 0.640278 0.0213542 0.062037
0 0.419531 0.725926 0.0234375 0.0648148
0 0.569792 0.564815 0.0229167 0.0796296
0 0.282031 0.59537 0.0244792 0.0666667
0 0.40625 0.712963 0.0229167 0.0666667
0 0.578646 0.45463 0.0239583 0.0759259
0 0.677083 0.521296 0.0239583 0.0703704
0 0.677344 0.682407 0.0234375 0.0777778
0 0.656771 0.684259 0.0229167 0.062963
0 0.460938 0.698611 0.0239583 0.0675926
0 0.402604 0.572222 0.0260417 0.0703704
0 0.465365 0.505556 0.0244792 0.0611111
0 0.265104 0.609722 0.021875 0.0712963
0 0.360677 0.446296 0.0213542 0.0685185
0 0.516146 0.720833 0.0260417 0.0694444
0 0.439323 0.721759 0.0265625 0.0601852
0 0.510677 0.772222 0.0223958 0.0592593
0 0.311198 0.59537 0.0213542 0.0722222
0 0.428125 0.616204 0.0239583 0.0712963
0 0.38151 0.445833 0.0213542 0.0712963
0 0.494271 0.772222 0.0239583 0.0685185
0 0.578385 0.773148 0.0244792 0.0703704
0 0.38151 0.562963 0.0255208 0.0722222
0 0.648958 0.729167 0.0239583 0.062037
0 0.428385 0.65463 0.0265625 0.0740741
0 0.381771 0.513426 0.0239583 0.0731481
0 0.577865 0.55 0.0234375 0.0666667
0 0.611198 0.662037 0.0234375 0.0759259
0 0.523958 0.489815 0.025 0.0722222
0 0.511979 0.558796 0.0239583 0.0731481
0 0.539583 0.787037 0.0239583 0.0703704
0 0.490365 0.496759 0.0244792 0.0638889
0 0.702344 0.72037 0.0234375 0.0666667
0 0.598177 0.564815 0.0244792 0.0759259
0 0.436198 0.608333 0.0265625 0.0703704
0 0.286198 0.765278 0.0234375 0.0694444
0 0.564844 0.727778 0.0255208 0.062963
0 0.515365 0.601389 0.0223958 0.0731481
0 0.535937 0.468981 0.0229167 0.0694444
0 0.466406 0.66713 0.0234375 0.0787037
0 0.582292 0.654167 0.025 0.0675926
0 0.552604 0.787963 0.025 0.0611111
0 0.435937 0.534722 0.025 0.0675926
0 0.544792 0.490278 0.025 0.062037
0 0.689583 0.637963 0.025 0.0722222
0 0.357031 0.719907 0.0234375 0.0638889
0 0.594792 0.772685 0.0239583 0.0657407
0 0.511198 0.481944 0.0244792 0.0731481
0 0.24401 0.727315 0.0223958 0.0638889
0 0.626042 0.787963 0.0260417 0.0444444
0 0.623698 0.728704 0.0244792 0.0574074
0 0.264844 0.529167 0.0213542 0.0787037
0 0.702344 0.691204 0.0244792 0.075
0 0.561458 0.535185 0.0239583 0.0777778
0 0.65651 0.476389 0.0244792 0.0675926
0 0.215885 0.780556 0.0255208 0.0666667
0 0.607292 0.512037 0.0229167 0.0666667
0 0.39401 0.713889 0.0255208 0.0666667
0 0.190104 0.758333 0.025 0.0444444
0 0.506771 0.61713 0.025 0.0638889
0 0.202344 0.757407 0.0255208 0.0648148
0 0.439844 0.452778 0.0213542 0.0703704
0 0.678125 0.631481 0.025 0.0537037
0 0.386198 0.661111 0.0255208 0.0666667
0 0.373958 0.580093 0.0260417 0.0638889
0 0.25625 0.794444 0.0229167 0.0518519
0 0.457292 0.728704 0.025 0.0685185
0 0.498698 0.683333 0.0234375 0.0722222
0 0.43151 0.773148 0.0255208 0.0666667
0 0.448958 0.587963 0.025 0.0722222
0 0.273438 0.743519 0.028125 0.0703704
0 0.598177 0.631481 0.0265625 0.0592593
0 0.440365 0.571759 0.0244792 0.0638889
0 0.210417 0.579167 0.0239583 0.075
0 0.640365 0.720833 0.0255208 0.0768519
0 0.573958 0.691667 0.0239583 0.0703704
0 0.498698 0.482407 0.0255208 0.0648148
0 0.615104 0.713426 0.025 0.075
0 0.527865 0.683796 0.0255208 0.0712963
0 0.223958 0.79537 0.025 0.0648148
0 0.635677 0.698148 0.0234375 0.0777778
0 0.332031 0.639815 0.0234375 0.0685185
0 0.686198 0.691204 0.0265625 0.075
0 0.255729 0.543056 0.0260417 0.0712963
0 0.419531 0.77963 0.0255208 0.0648148
0 0.335938 0.462037 0.025 0.0740741
0 0.536719 0.728704 0.0265625 0.0722222
0 0.652083 0.6625 0.0260417 0.0601852
0 0.327083 0.699074 0.0239583 0.0685185
0 0.402604 0.646759 0.0270833 0.0675926
0 0.648698 0.699074 0.0234375 0.0703704
0 0.419531 0.573148 0.0265625 0.0592593
0 0.514844 0.684259 0.0276042 0.0648148
0 0.55651 0.72037 0.0255208 0.0740741
0 0.557031 0.580093 0.0265625 0.0712963
0 0.214323 0.750926 0.0255208 0.0611111
0 0.394271 0.587963 0.0270833 0.0703704
0 0.673437 0.647222 0.025 0.0722222
0 0.152865 0.750926 0.0244792 0.062963
0 0.402604 0.609259 0.0260417 0.0703704
0 0.598698 0.728241 0.0276042 0.0509259
