0 0.415104 0.302315 0.00729167 0.0324074
0 0.283854 0.158333 0.0145833 0.0351852
0 0.0611979 0.25 0.0119792 0.0148148
0 0.358073 0.35 0.0161458 0.0314815
0 0.288281 0.215741 0.0192708 0.0574074
0 0.316927 0.481944 0.00885417 0.0138889
0 0.279167 0.253241 0.021875 0.0175926
0 0.422917 0.237037 0.0125 0.0296296
0 0.328385 0.461574 0.00364583 0.0268519
0 0.220833 0.141204 0.0197917 0.0453704
0 0.284115 0.232407 0.0265625 0.0333333
0 0.40651 0.460185 0.0203125 0.0388889
0 0.360938 0.312963 0.00833333 0.0296296
0 0.294531 0.178704 0.0203125 0.0277778
0 0.302604 0.273148 0.00520833 0.0333333
0 0.488802 0.536574 0.0578125 0.0527778
0 0.422656 0.192593 0.0171875 0.037037
0 0.489583 0.529167 0.00833333 0.0287037
0 0.347135 0.453241 0.0140625 0.0305556
0 0.28151 0.258333 0.0046875 0.0388889
0 0.365625 0.260648 0.0125 0.0268519
0 0.256771 0.313426 0.00729167 0.0268519
0 0.445573 0.285185 0.00989583 0.0277778
0 0.347656 0.313889 0.0161458 0.0296296
0 0.249479 0.355556 0.009375 0.0333333
0 0.347656 0.178704 0.0151042 0.0444444
0 0.275781 0.421759 0.0171875 0.0324074
0 0.301302 0.399537 0.00989583 0.037963
0 0.145052 0.340741 0.0171875 0.0185185
0 0.452604 0.502778 0.0197917 0.0481481
0 0.228385 0.367593 0.00989583 0.0185185
0 0.357552 0.256019 0.0203125 0.0138889
0 0.188281 0.171759 0.0140625 0.0416667
0 0.291927 0.186111 0.0286458 0.0166667
0 0.348698 0.20787 0.0161458 0.0324074
0 0.456771 0.47037 0.00416667 0.0259259
0 0.430208 0.253241 0.0104167 0.025
0 0.305729 0.489352 0.0427083 0.0861111
0 0.146094 0.349074 0.0234375 0.0203704
0 0.45026 0.261574 0.0161458 0.0324074
0 0.441146 0.276852 0.0114583 0.0148148
0 0.178906 0.366204 0.0119792 0.0212963
0 0.37526 0.385185 0.0296875 0.0296296
0 0.196094 0.202778 0.0307292 0.0296296
0 0.461458 0.288426 0.0104167 0.0175926
0 0.336198 0.418981 0.00364583 0.0268519
0 0.229427 0.155556 0.0192708 0.0296296
0 0.285937 0.319907 0.0177083 0.0268519
0 0.470573 0.274074 0.0203125 0.0407407
0 0.423177 0.253241 0.0192708 0.0194444
0 0.231771 0.386111 0.0145833 0.0574074
0 0.35625 0.208333 0.0166667 0.0296296
0 0.37474 0.380093 0.0151042 0.0287037
0 0.363802 0.178241 0.0161458 0.0305556
0 0.307031 0.521296 0.00989583 0.0277778
0 0.156771 0.343519 0.0114583 0.0222222
0 0.33724 0.299537 0.0463542 0.0361111
0 0.271094 0.260185 0.0317708 0.0185185
0 0.432813 0.201852 0.021875 0.0407407
0 0.373958 0.336111 0.00520833 0.0333333
0 0.342969 0.283333 0.0171875 0.0314815
0 0.188542 0.380556 0.0125 0.0333333
0 0.332031 0.395833 0.0442708 0.0546296
0 0.44375 0.253241 0.0145833 0.0231481
0 0.435417 0.26713 0.00520833 0.0194444
0 0.330208 0.55787 0.00833333 0.0231481
0 0.466146 0.497685 0.0229167 0.0175926
0 0.297656 0.362963 0.0109375 0.0203704
0 0.304167 0.247222 0.0239583 0.0166667
0 0.3875 0.203704 0.015625 0.0407407
0 0.31276 0.373611 0.0244792 0.0268519
0 0.364062 0.192593 0.0166667 0.0240741
0 0.338542 0.185648 0.0125 0.0342593
0 0.430208 0.416667 0.0197917 0.0277778
0 0.242448 0.400463 0.0276042 0.0342593
0 0.329688 0.298148 0.0125 0.0407407
0 0.217448 0.243981 0.0130208 0.0435185
0 0.233854 0.284722 0.0208333 0.0287037
0 0.51901 0.478704 0.0526042 0.0981481
0 0.343229 0.596759 0.0104167 0.0101852
0 0.384635 0.259722 0.0213542 0.0231481
0 0.452865 0.516204 0.0130208 0.0194444
0 0.290104 0.456481 0.0145833 0.012963
0 0.47526 0.252315 0.0223958 0.0398148
0 0.45 0.372222 0.0125 0.0203704
0 0.204167 0.387037 0.0197917 0.0277778
0 0.160938 0.321296 0.0125 0.0259259
0 0.0596354 0.243519 0.0161458 0.0425926
0 0.391146 0.267593 0.00833333 0.0425926
0 0.371094 0.299537 0.0213542 0.025
0 0.442187 0.225463 0.0208333 0.025
0 0.427604 0.693981 0.00625 0.025
0 0.317187 0.207407 0.0270833 0.0222222
0 0.229687 0.32037 0.0135417 0.0240741
0 0.458073 0.21713 0.0265625 0.0342593
0 0.393229 0.187963 0.015625 0.0444444
0 0.352083 0.216204 0.0145833 0.0287037
0 0.379167 0.180093 0.021875 0.0175926
0 0.316406 0.426852 0.0234375 0.0222222
0 0.279167 0.187963 0.0177083 0.0240741
0 0.213802 0.349074 0.0140625 0.037037
0 0.36224 0.241204 0.0338542 0.0268519
0 0.372656 0.453704 0.00572917 0.0462963
0 0.259375 0.193056 0.015625 0.0268519
0 0.266927 0.211574 0.0203125 0.0194444
0 0.3875 0.216204 0.04375 0.0416667
0 0.347917 0.40787 0.0135417 0.0212963
0 0.40625 0.288889 0.021875 0.0296296
0 0.279948 0.376852 0.0161458 0.0462963
0 0.261719 0.367593 0.0203125 0.0203704
0 0.35 0.462037 0.0166667 0.0203704
0 0.283073 0.45463 0.0182292 0.0111111
0 0.345573 0.333333 0.0307292 0.0314815
0 0.273958 0.32037 0.0104167 0.0259259
0 0.325 0.245833 0.0104167 0.025
0 0.433594 0.499537 0.0151042 0.0287037
0 0.298698 0.193519 0.0130208 0.0222222
0 0.308594 0.217593 0.0296875 0.0259259
0 0.440625 0.460185 0.00625 0.0185185
0 0.408854 0.216667 0.0197917 0.0259259
0 0.252083 0.385185 0.0135417 0.0203704
0 0.389583 0.618519 0.00729167 0.0592593
0 0.295052 0.230556 0.0140625 0.0222222
0 0.438281 0.282407 0.0244792 0.0240741
0 0.404167 0.34213 0.0239583 0.0231481
0 0.283854 0.461111 0.03125 0.0259259
0 0.28776 0.200926 0.0223958 0.0166667
0 0.120833 0.278241 0.015625 0.0212963
0 0.366146 0.209259 0.0114583 0.0444444
0 0.436458 0.248611 0.0270833 0.0194444
0 0.250781 0.185648 0.0401042 0.0509259
0 0.43776 0.410648 0.0192708 0.0101852
0 0.196875 0.347685 0.0125 0.0527778
0 0.484896 0.513889 0.00729167 0.0407407
0 0.341406 0.427315 0.0109375 0.0194444
0 0.183854 0.402778 0.0239583 0.0296296
0 0.405729 0.317593 0.0145833 0.0444444
0 0.271875 0.378704 0.009375 0.05
0 0.335677 0.241667 0.0109375 0.0222222
0 0.364062 0.416204 0.021875 0.037963
0 0.33099 0.2 0.0182292 0.0240741
0 0.342187 0.17963 0.015625 0.0314815
0 0.486979 0.298148 0.01875 0.037037
0 0.303646 0.262037 0.0177083 0.0222222
0 0.414323 0.244907 0.0203125 0.0268519
0 0.357552 0.321296 0.0109375 0.0462963
0 0.33724 0.275926 0.0265625 0.0259259
0 0.259375 0.216204 0.015625 0.0287037
0 0.463802 0.2375 0.0140625 0.0212963
0 0.290885 0.231481 0.00677083 0.0166667
0 0.424219 0.327778 0.0109375 0.0222222
0 0.308073 0.335648 0.0130208 0.0175926
0 0.18776 0.285648 0.0109375 0.0157407
0 0.427865 0.686574 0.0078125 0.0268519
0 0.169792 0.321759 0.01875 0.0287037
0 0.296875 0.290741 0.0208333 0.0277778
0 0.326042 0.587037 0.021875 0.0425926
0 0.323177 0.213889 0.0130208 0.0333333
0 0.416927 0.268056 0.0223958 0.0194444
0 0.508073 0.275926 0.0255208 0.0444444
0 0.39974 0.430556 0.00885417 0.0277778
0 0.257552 0.327315 0.0213542 0.0268519
0 0.319792 0.321296 0.015625 0.0185185
0 0.320573 0.474537 0.00677083 0.00833333
0 0.285677 0.341667 0.0046875 0.037037
0 0.483594 0.282407 0.0109375 0.0277778
0 0.274479 0.385648 0.0104167 0.025
0 0.116406 0.290278 0.0119792 0.0416667
0 0.371094 0.273148 0.00989583 0.0425926
0 0.141927 0.379167 0.0338542 0.0472222
0 0.321354 0.234722 0.01875 0.0194444
0 0.191146 0.417593 0.00520833 0.0296296
0 0.251302 0.208796 0.0130208 0.0527778
0 0.426823 0.250926 0.0078125 0.0240741
0 0.215365 0.321296 0.00885417 0.0333333
0 0.309115 0.158333 0.0213542 0.0611111
0 0.232552 0.357407 0.00885417 0.0259259
0 0.338021 0.331019 0.0135417 0.0453704
0 0.101823 0.253241 0.0130208 0.0398148
0 0.219271 0.439815 0.0145833 0.0277778
0 0.39974 0.450463 0.0192708 0.0527778
0 0.302865 0.25 0.00989583 0.0222222
0 0.352865 0.194444 0.0161458 0.0259259
0 0.315365 0.276389 0.00572917 0.0138889
0 0.124219 0.35 0.0234375 0.0333333
0 0.207813 0.404167 0.00520833 0.0287037
0 0.194792 0.158333 0.0135417 0.0314815
0 0.25 0.334722 0.0260417 0.0268519
0 0.48724 0.601852 0.0619792 0.0592593
0 0.36276 0.202778 0.0192708 0.0222222
0 0.429167 0.291204 0.0197917 0.0175926
0 0.0966146 0.265741 0.0182292 0.0185185
0 0.302344 0.193981 0.0119792 0.037963
0 0.272917 0.404167 0.0114583 0.0361111
0 0.302865 0.30463 0.0151042 0.0296296
0 0.419271 0.302315 0.0197917 0.0435185
0 0.508073 0.261111 0.0265625 0.0333333
0 0.28724 0.306019 0.0296875 0.0305556
0 0.451042 0.364815 0.0104167 0.0425926
0 0.394792 0.323148 0.0125 0.0222222
0 0.209635 0.356481 0.0203125 0.0666667
0 0.308854 0.228704 0.0239583 0.0351852
0 0.403646 0.402315 0.0145833 0.0342593
0 0.45026 0.521296 0.0317708 0.0240741
0 0.48724 0.261111 0.0119792 0.0259259
0 0.484375 0.538426 0.00833333 0.0212963
0 0.283854 0.141667 0.0177083 0.0407407
0 0.0518229 0.221759 0.0161458 0.0490741
0 0.153125 0.36713 0.003125 0.0305556
0 0.189063 0.335185 0.0177083 0.0222222
0 0.24349 0.273148 0.0078125 0.037037
0 0.299479 0.441204 0.0197917 0.0342593
0 0.395833 0.425926 0.00833333 0.00925926
0 0.33151 0.172222 0.0182292 0.0240741
0 0.453646 0.343056 0.0177083 0.0157407
0 0.1875 0.156944 0.0239583 0.0305556
0 0.19974 0.281944 0.0182292 0.0268519
0 0.42526 0.6875 0.0536458 0.0953704
0 0.279687 0.499074 0.0208333 0.0259259
0 0.475 0.328704 0.009375 0.0185185
0 0.365104 0.438889 0.003125 0.05
0 0.192708 0.201852 0.015625 0.0425926
0 0.359375 0.518519 0.0197917 0.0407407
0 0.378385 0.233333 0.0213542 0.0296296
0 0.217187 0.149074 0.01875 0.0240741
0 0.333333 0.356944 0.0104167 0.0435185
0 0.445573 0.219444 0.0161458 0.0240741
0 0.242708 0.422685 0.0177083 0.0546296
0 0.15651 0.28287 0.0109375 0.0287037
0 0.44401 0.262037 0.0255208 0.0240741
0 0.125 0.290741 0.01875 0.0296296
0 0.473958 0.321296 0.00416667 0.0203704
0 0.38125 0.191204 0.0135417 0.0268519
0 0.2 0.344444 0.0135417 0.012963
0 0.441667 0.3125 0.0114583 0.0194444
0 0.447396 0.273611 0.00833333 0.0324074
0 0.203906 0.290278 0.00677083 0.0416667
0 0.4125 0.312963 0.0114583 0.0148148
0 0.335417 0.185648 0.015625 0.0212963
0 0.455208 0.391667 0.0166667 0.0444444
0 0.253385 0.241204 0.0255208 0.0342593
0 0.245833 0.387963 0.01875 0.0185185
0 0.430729 0.214352 0.021875 0.0324074
0 0.40026 0.409722 0.0119792 0.0342593
0 0.26276 0.246759 0.0265625 0.0231481
0 0.289323 0.407407 0.0140625 0.0462963
0 0.4875 0.28287 0.0239583 0.0287037
0 0.27526 0.247222 0.0234375 0.0203704
0 0.260156 0.178704 0.0151042 0.0425926
0 0.233333 0.138889 0.0145833 0.0611111
0 0.303906 0.238889 0.0203125 0.0185185
0 0.427344 0.282407 0.00989583 0.0388889
0 0.288542 0.356944 0.021875 0.0287037
0 0.529167 0.572685 0.0458333 0.0768519
0 0.297917 0.208333 0.0166667 0.0203704
0 0.246094 0.268519 0.0255208 0.0259259
0 0.23724 0.253704 0.0192708 0.0222222
0 0.249219 0.328704 0.0119792 0.0203704
0 0.0677083 0.2375 0.01875 0.0472222
0 0.0697917 0.268519 0.0104167 0.037037
0 0.160156 0.252315 0.0255208 0.0509259
0 0.277083 0.460648 0.0166667 0.0398148
0 0.307031 0.251389 0.0109375 0.0342593
0 0.358333 0.262037 0.0260417 0.0185185
0 0.361719 0.541667 0.0348958 0.037037
0 0.255729 0.381944 0.009375 0.0175926
0 0.370573 0.459259 0.00572917 0.0444444
0 0.33776 0.403241 0.0276042 0.0231481
0 0.302083 0.340278 0.0145833 0.0342593
0 0.21224 0.411111 0.0140625 0.0259259
0 0.259896 0.401389 0.0104167 0.0675926
0 0.411979 0.45787 0.00729167 0.0583333
0 0.410677 0.262037 0.0182292 0.0277778
0 0.302604 0.491204 0.009375 0.0231481
0 0.216146 0.23287 0.015625 0.0268519
0 0.345313 0.380556 0.009375 0.0259259
0 0.406771 0.275 0.015625 0.0222222
0 0.34974 0.567593 0.00260417 0.0148148
0 0.411458 0.20463 0.0197917 0.0314815
0 0.459896 0.305093 0.0197917 0.0194444
0 0.490365 0.60463 0.0151042 0.0333333
0 0.155729 0.341204 0.0229167 0.0490741
0 0.283333 0.513889 0.0104167 0.0148148
0 0.336198 0.395833 0.0151042 0.0212963
0 0.303906 0.202778 0.0182292 0.0185185
0 0.361979 0.387963 0.0135417 0.0203704
0 0.299219 0.285648 0.00885417 0.0194444
0 0.332552 0.564352 0.0140625 0.0435185
0 0.29974 0.409259 0.00989583 0.0277778
0 0.217708 0.384259 0.0166667 0.0407407
0 0.496615 0.267593 0.0182292 0.0351852
0 0.258333 0.37963 0.01875 0.0333333
0 0.231771 0.32963 0.0177083 0.037037
0 0.263021 0.186574 0.00833333 0.0305556
0 0.383854 0.320833 0.009375 0.0268519
0 0.163542 0.296759 0.01875 0.0324074
0 0.258594 0.284259 0.0265625 0.0240741
0 0.4125 0.389352 0.015625 0.0305556
0 0.0911458 0.269907 0.0229167 0.0231481
0 0.263281 0.170833 0.0140625 0.0342593
0 0.133594 0.290278 0.0401042 0.0342593
0 0.24401 0.463426 0.0192708 0.0361111
0 0.283594 0.178241 0.0171875 0.0212963
0 0.378646 0.477778 0.0364583 0.0351852
0 0.261458 0.296296 0.00625 0.0333333
0 0.220833 0.177315 0.0114583 0.0361111
0 0.378125 0.301852 0.00520833 0.0148148
0 0.352865 0.359722 0.0182292 0.0268519
0 0.338542 0.260185 0.0229167 0.0296296
0 0.317187 0.28287 0.009375 0.0175926
0 0.415885 0.483333 0.00677083 0.0351852
0 0.20026 0.289352 0.0307292 0.0287037
0 0.129948 0.311574 0.0119792 0.025
0 0.279687 0.25 0.0104167 0.05
0 0.296094 0.358333 0.00572917 0.0388889
0 0.182292 0.396296 0.0135417 0.0333333
0 0.399219 0.363889 0.00677083 0.0462963
0 0.409375 0.627778 0.009375 0.0259259
0 0.383854 0.307407 0.025 0.0240741
0 0.465625 0.3375 0.015625 0.0175926
0 0.348958 0.440741 0.0125 0.0407407
0 0.333594 0.281481 0.0151042 0.0277778
0 0.413802 0.403241 0.0234375 0.0398148
0 0.453125 0.337037 0.0114583 0.0555556
0 0.395312 0.461111 0.0208333 0.0296296
0 0.152344 0.331944 0.0203125 0.025
0 0.479688 0.326389 0.0177083 0.025
0 0.278646 0.270833 0.003125 0.0212963
0 0.267188 0.277315 0.0104167 0.0361111
0 0.392188 0.348611 0.0125 0.0212963
0 0.445052 0.4375 0.00677083 0.0324074
0 0.175521 0.371759 0.0166667 0.0324074
0 0.327604 0.580556 0.00729167 0.0388889
0 0.136719 0.318519 0.00989583 0.0185185
0 0.509375 0.30463 0.01875 0.0388889
0 0.261198 0.417593 0.0171875 0.0462963
0 0.245573 0.263426 0.0151042 0.0138889
0 0.282813 0.350926 0.00520833 0.0259259
0 0.230208 0.216204 0.015625 0.0324074
0 0.372396 0.453241 0.0125 0.0787037
0 0.430729 0.438889 0.0239583 0.037037
0 0.319792 0.550463 0.0145833 0.025
0 0.308073 0.224074 0.0171875 0.0203704
0 0.416667 0.344444 0.00833333 0.0185185
0 0.279167 0.408796 0.0270833 0.0305556
0 0.242969 0.297685 0.0130208 0.037963
0 0.403906 0.237963 0.0182292 0.0259259
0 0.26224 0.202315 0.0192708 0.0342593
0 0.320312 0.454167 0.0166667 0.037963
0 0.371094 0.269907 0.0286458 0.0287037
0 0.340104 0.216667 0.0135417 0.0296296
0 0.463021 0.281944 0.0135417 0.0398148
0 0.379427 0.365278 0.0182292 0.0324074
0 0.0830729 0.269444 0.0234375 0.0296296
0 0.38724 0.224537 0.0234375 0.0268519
0 0.429427 0.431944 0.0078125 0.0324074
0 0.345052 0.218519 0.0109375 0.0185185
0 0.25026 0.285648 0.0161458 0.0268519
0 0.0705729 0.292593 0.0223958 0.0240741
0 0.269792 0.270833 0.0177083 0.0212963
0 0.330208 0.559259 0.0177083 0.0740741
0 0.3 0.372685 0.021875 0.025
0 0.34974 0.380556 0.0151042 0.0203704
0 0.307292 0.491204 0.0125 0.0287037
0 0.439583 0.350463 0.00833333 0.0324074
0 0.406771 0.378704 0.00520833 0.0277778
0 0.390104 0.380556 0.01875 0.0296296
0 0.0497396 0.260185 0.0140625 0.0240741
0 0.418229 0.216204 0.01875 0.0324074
0 0.313281 0.334259 0.0171875 0.0407407
0 0.316667 0.314815 0.00833333 0.0185185
0 0.272135 0.186574 0.0171875 0.0509259
0 0.28776 0.269907 0.00677083 0.025
0 0.360156 0.372222 0.0171875 0.037037
0 0.238542 0.438426 0.021875 0.0675926
0 0.195052 0.418981 0.00885417 0.025
0 0.0661458 0.293981 0.0177083 0.0101852
0 0.292448 0.163426 0.0203125 0.0287037
0 0.136719 0.298148 0.0130208 0.0240741
0 0.272656 0.19213 0.0119792 0.0268519
0 0.448958 0.515278 0.0125 0.0287037
0 0.316927 0.297685 0.0192708 0.0231481
0 0.353125 0.418519 0.015625 0.0259259
0 0.397656 0.243981 0.0192708 0.0287037
0 0.224219 0.202315 0.0130208 0.0287037
0 0.292188 0.141667 0.0208333 0.0388889
0 0.490625 0.32963 0.00625 0.0166667
0 0.51276 0.411111 0.0130208 0.0277778
0 0.391927 0.43287 0.0119792 0.0212963
0 0.333854 0.468056 0.0145833 0.025
0 0.419531 0.402315 0.00989583 0.0361111
0 0.245833 0.343519 0.00416667 0.012963
0 0.294531 0.456481 0.0203125 0.0222222
0 0.369531 0.588889 0.0223958 0.0240741
0 0.157552 0.364815 0.00677083 0.0388889
0 0.178385 0.425926 0.0140625 0.0462963
0 0.2625 0.455093 0.0177083 0.025
0 0.453646 0.304167 0.003125 0.0194444
0 0.431771 0.266667 0.0135417 0.0259259
0 0.270573 0.475 0.0151042 0.0240741
0 0.436458 0.500926 0.00416667 0.0277778
0 0.25026 0.216667 0.0223958 0.0296296
0 0.182552 0.416204 0.0109375 0.0583333
0 0.436198 0.238426 0.0130208 0.0268519
0 0.403906 0.334259 0.0130208 0.0203704
0 0.278646 0.350463 0.025 0.0268519
0 0.191146 0.253241 0.0166667 0.0324074
0 0.511979 0.299074 0.0114583 0.0203704
0 0.229167 0.275463 0.0114583 0.0324074
0 0.103646 0.263889 0.0125 0.0185185
0 0.416667 0.312963 0.0125 0.0166667
0 0.242448 0.349537 0.0171875 0.0231481
0 0.467708 0.260185 0.0177083 0.037037
0 0.378906 0.333333 0.0046875 0.0296296
0 0.436979 0.469444 0.0104167 0.0277778
0 0.321094 0.283796 0.0119792 0.0194444
0 0.472656 0.290278 0.0192708 0.0472222
0 0.1125 0.355556 0.0166667 0.0277778
0 0.372396 0.400463 0.021875 0.0564815
0 0.206771 0.4375 0.0177083 0.0546296
0 0.315625 0.438889 0.0104167 0.0333333
0 0.440885 0.218519 0.0109375 0.0259259
0 0.221615 0.430556 0.0171875 0.0425926
0 0.372656 0.346296 0.0151042 0.037037
0 0.292188 0.276389 0.0166667 0.0231481
0 0.352604 0.179167 0.0197917 0.0324074
0 0.279167 0.202315 0.0135417 0.0212963
0 0.19349 0.292593 0.0161458 0.0407407
0 0.273438 0.43287 0.015625 0.0361111
0 0.30625 0.297685 0.0135417 0.0490741
0 0.303125 0.336574 0.0145833 0.0157407
0 0.416146 0.410185 0.00833333 0.0277778
0 0.489844 0.313889 0.0151042 0.0462963
0 0.26276 0.321759 0.00989583 0.0268519
0 0.496615 0.310648 0.00677083 0.037963
0 0.372396 0.281019 0.0177083 0.0416667
0 0.322396 0.157407 0.021875 0.0444444
0 0.361979 0.283796 0.009375 0.0231481
0 0.266927 0.483333 0.0182292 0.0296296
0 0.405208 0.202778 0.0197917 0.037037
0 0.479948 0.296759 0.0213542 0.0546296
0 0.433073 0.314352 0.0192708 0.037963
0 0.38151 0.618519 0.0234375 0.0351852
0 0.2375 0.225926 0.0197917 0.0407407
0 0.254167 0.17963 0.0114583 0.0259259
0 0.174479 0.363889 0.0114583 0.0296296
0 0.448698 0.430556 0.00572917 0.0314815
0 0.398438 0.344444 0.0145833 0.0388889
0 0.304167 0.410648 0.0177083 0.0342593
0 0.236979 0.322222 0.00520833 0.0222222
0 0.36901 0.603241 0.0151042 0.0324074
0 0.33724 0.356944 0.0171875 0.0268519
0 0.504687 0.5 0.0197917 0.0203704
0 0.240885 0.432407 0.0078125 0.0425926
0 0.410417 0.634259 0.0166667 0.0259259
0 0.411198 0.334259 0.00885417 0.0574074
0 0.182812 0.424537 0.0145833 0.025
0 0.286979 0.218056 0.0302083 0.0305556
0 0.410937 0.237037 0.0208333 0.0314815
0 0.213542 0.217593 0.0197917 0.0462963
0 0.333594 0.328704 0.0161458 0.0333333
0 0.241927 0.394444 0.0130208 0.0296296
0 0.327865 0.387963 0.00677083 0.0240741
0 0.295573 0.475 0.0119792 0.0388889
0 0.48099 0.515741 0.00885417 0.0277778
0 0.432031 0.434259 0.00677083 0.0185185
0 0.342969 0.333796 0.0140625 0.037963
0 0.140365 0.321296 0.00572917 0.0333333
0 0.278906 0.492593 0.00677083 0.0259259
0 0.334896 0.198611 0.015625 0.0435185
0 0.191146 0.19537 0.0114583 0.0203704
0 0.271354 0.277315 0.025 0.0305556
0 0.432813 0.506944 0.00416667 0.025
0 0.34974 0.35 0.0213542 0.0259259
0 0.389844 0.236111 0.0161458 0.0351852
0 0.479167 0.318519 0.00833333 0.0222222
0 0.130469 0.356019 0.0182292 0.0398148
0 0.461979 0.298611 0.00729167 0.0175926
0 0.51901 0.477315 0.0151042 0.0361111
0 0.496354 0.318981 0.015625 0.0305556
0 0.330729 0.258796 0.0229167 0.0361111
0 0.292448 0.328241 0.0151042 0.0305556
0 0.264583 0.269444 0.009375 0.037037
0 0.0601562 0.266204 0.0244792 0.0435185
0 0.445573 0.39537 0.0182292 0.0333333
0 0.0992187 0.2625 0.00677083 0.0268519
0 0.445573 0.330093 0.0171875 0.0268519
0 0.370833 0.329167 0.00520833 0.0157407
0 0.527865 0.583333 0.0223958 0.0259259
0 0.53151 0.575463 0.00572917 0.0231481
0 0.324219 0.55 0.0286458 0.037037
0 0.090625 0.313889 0.00729167 0.0314815
0 0.246354 0.305556 0.015625 0.0277778
0 0.411979 0.283333 0.0166667 0.0296296
0 0.23776 0.238889 0.0130208 0.0351852
0 0.18099 0.371759 0.0171875 0.0490741
0 0.191927 0.424537 0.0109375 0.0305556
0 0.102344 0.277315 0.0130208 0.0324074
0 0.294792 0.3875 0.0135417 0.0287037
0 0.211979 0.402315 0.009375 0.0361111
0 0.341146 0.307407 0.0197917 0.0314815
0 0.327604 0.20787 0.01875 0.0472222
0 0.374479 0.46713 0.0104167 0.0472222
0 0.221094 0.446759 0.00989583 0.0157407
0 0.320312 0.378704 0.0114583 0.0333333
0 0.266667 0.180093 0.015625 0.0268519
0 0.41875 0.253704 0.021875 0.0407407
0 0.208333 0.318981 0.0104167 0.0435185
0 0.190365 0.261111 0.0265625 0.0407407
0 0.498698 0.493981 0.00677083 0.025
0 0.396615 0.328241 0.00885417 0.0175926
0 0.332812 0.462037 0.009375 0.0277778
0 0.317187 0.388889 0.015625 0.0240741
0 0.507552 0.343981 0.0078125 0.0342593
0 0.311979 0.520833 0.0229167 0.0324074
0 0.321354 0.481481 0.0135417 0.0166667
0 0.278906 0.512037 0.0119792 0.0185185
0 0.225 0.176852 0.0114583 0.0314815
0 0.310156 0.185185 0.0171875 0.0425926
0 0.271094 0.373611 0.0171875 0.0305556
0 0.255469 0.200926 0.0161458 0.0444444
0 0.4125 0.43287 0.0145833 0.0287037
0 0.278646 0.328704 0.0145833 0.0185185
0 0.26901 0.452778 0.0182292 0.0555556
0 0.457812 0.261111 0.0114583 0.0296296
0 0.389323 0.380556 0.0223958 0.0703704
0 0.270573 0.36713 0.00885417 0.012037
0 0.427083 0.243519 0.021875 0.0481481
0 0.486719 0.328241 0.00364583 0.0305556
0 0.289583 0.184259 0.0177083 0.0444444
0 0.511458 0.335648 0.00520833 0.0175926
0 0.372135 0.37963 0.0182292 0.05
0 0.342448 0.595833 0.0223958 0.0768519
0 0.454688 0.311111 0.0166667 0.0277778
0 0.502344 0.255093 0.00989583 0.0194444
0 0.24974 0.194907 0.0161458 0.0268519
0 0.298177 0.178241 0.0223958 0.0453704
0 0.436458 0.430556 0.009375 0.0277778
0 0.27474 0.49213 0.00364583 0.0212963
0 0.420833 0.409722 0.015625 0.0361111
0 0.284115 0.275926 0.0182292 0.0333333
0 0.316927 0.416667 0.00677083 0.0240741
0 0.229167 0.29213 0.0135417 0.0398148
0 0.427865 0.191204 0.0171875 0.0490741
0 0.253125 0.351852 0.00625 0.0203704
0 0.157813 0.379167 0.003125 0.0287037
0 0.314583 0.176852 0.01875 0.037037
0 0.214583 0.415741 0.0166667 0.0759259
0 0.433333 0.410185 0.0166667 0.0203704
0 0.3125 0.416204 0.0145833 0.037963
0 0.367969 0.331481 0.00989583 0.037037
0 0.188542 0.401389 0.0208333 0.0509259
0 0.370833 0.565741 0.0302083 0.0314815
0 0.247396 0.356944 0.0208333 0.0731481
0 0.23776 0.396296 0.00885417 0.0240741
0 0.392188 0.329167 0.00520833 0.0194444
0 0.2375 0.187037 0.0125 0.037037
0 0.38776 0.253241 0.0140625 0.0268519
0 0.295573 0.322222 0.0161458 0.0240741
0 0.228906 0.140741 0.0161458 0.0407407
0 0.33151 0.273611 0.0213542 0.0453704
0 0.357812 0.233333 0.0104167 0.0185185
0 0.20026 0.15787 0.0161458 0.0342593
0 0.210156 0.32037 0.0171875 0.0259259
0 0.345833 0.256481 0.01875 0.0277778
0 0.341927 0.255093 0.00885417 0.0175926
0 0.28151 0.305556 0.0203125 0.05
0 0.272135 0.386111 0.0151042 0.0759259
0 0.225 0.32037 0.0145833 0.0314815
0 0.466667 0.313426 0.0145833 0.0361111
0 0.43724 0.275463 0.0119792 0.0175926
0 0.279948 0.334259 0.0223958 0.0277778
0 0.332552 0.386111 0.00989583 0.0314815
0 0.428906 0.422685 0.0119792 0.0268519
0 0.234375 0.4 0.0125 0.0296296
0 0.335156 0.294907 0.0203125 0.025
0 0.0356771 0.237963 0.0255208 0.0518519
0 0.411458 0.46713 0.01875 0.0324074
0 0.258333 0.321759 0.00833333 0.025
0 0.195312 0.343519 0.0125 0.0222222
0 0.321875 0.363889 0.0177083 0.0555556
0 0.370052 0.439352 0.0109375 0.0435185
0 0.363802 0.3625 0.0182292 0.0675926
0 0.339063 0.399074 0.0166667 0.0648148
0 0.161979 0.281944 0.025 0.0305556
0 0.0653646 0.261574 0.0203125 0.0268519
0 0.251823 0.268056 0.0171875 0.0435185
0 0.233073 0.366667 0.0151042 0.0277778
0 0.170573 0.305093 0.0182292 0.0361111
0 0.136719 0.371296 0.0171875 0.037037
0 0.511458 0.40463 0.00729167 0.0296296
0 0.193229 0.380556 0.0145833 0.0407407
0 0.473437 0.499074 0.009375 0.0259259
0 0.297917 0.352315 0.00833333 0.0194444
0 0.295833 0.483333 0.021875 0.0333333
0 0.39375 0.258796 0.021875 0.0416667
0 0.466146 0.491667 0.0166667 0.0351852
0 0.22474 0.426389 0.00677083 0.0231481
0 0.220833 0.275463 0.0125 0.0342593
0 0.241406 0.343056 0.00677083 0.0175926
0 0.394271 0.619907 0.0166667 0.0490741
0 0.361458 0.3125 0.0114583 0.0527778
0 0.273438 0.350463 0.01875 0.0490741
0 0.436458 0.357407 0.00520833 0.0314815
0 0.498958 0.306019 0.003125 0.0194444
0 0.478125 0.499537 0.0114583 0.0342593
0 0.345833 0.225926 0.0208333 0.0222222
0 0.249479 0.441204 0.0166667 0.0305556
0 0.391667 0.425926 0.0114583 0.012963
0 0.464063 0.301852 0.0177083 0.0314815
0 0.115885 0.276852 0.0161458 0.0333333
0 0.332812 0.256019 0.00625 0.0175926
0 0.32474 0.255093 0.0171875 0.0194444
0 0.463802 0.437963 0.0140625 0.05
0 0.379687 0.343519 0.0114583 0.0296296
0 0.491146 0.336574 0.015625 0.0231481
0 0.302344 0.163426 0.0244792 0.0453704
0 0.4125 0.342593 0.00729167 0.0259259
0 0.314063 0.205556 0.0177083 0.0518519
0 0.41901 0.231019 0.0244792 0.0305556
0 0.144271 0.348148 0.025 0.0537037
0 0.382812 0.300926 0.00833333 0.0222222
0 0.0804688 0.245833 0.0234375 0.0509259
0 0.0950521 0.313889 0.0161458 0.0259259
0 0.470313 0.244907 0.0135417 0.0398148
0 0.266146 0.365741 0.00625 0.0185185
0 0.332292 0.580093 0.01875 0.0398148
0 0.433073 0.344444 0.00260417 0.0240741
0 0.350781 0.400926 0.0182292 0.05
0 0.414844 0.266204 0.0213542 0.0453704
0 0.43776 0.318056 0.00989583 0.037963
0 0.481771 0.522222 0.0135417 0.0314815
0 0.259375 0.402315 0.0166667 0.0305556
0 0.276302 0.147222 0.0213542 0.0425926
0 0.424479 0.461574 0.0125 0.0398148
0 0.217187 0.187037 0.0145833 0.0314815
0 0.463802 0.275926 0.0182292 0.0648148
0 0.271094 0.328241 0.0109375 0.0361111
0 0.326562 0.183796 0.0177083 0.0509259
0 0.291146 0.27037 0.00729167 0.0148148
0 0.489844 0.538426 0.0182292 0.0268519
0 0.241667 0.41713 0.0104167 0.0268519
0 0.247135 0.186111 0.0161458 0.0296296
0 0.463021 0.230093 0.0197917 0.0564815
0 0.353385 0.527778 0.0234375 0.0314815
0 0.233073 0.240741 0.00989583 0.0388889
0 0.2875 0.351389 0.0104167 0.0212963
0 0.432552 0.307407 0.0119792 0.0185185
0 0.216406 0.327315 0.0203125 0.0305556
0 0.197396 0.363426 0.0208333 0.0453704
0 0.388281 0.289352 0.0213542 0.0453704
0 0.259115 0.15 0.0192708 0.0518519
0 0.297396 0.247685 0.0166667 0.0416667
0 0.357812 0.387037 0.0125 0.0296296
0 0.252083 0.359722 0.0197917 0.037963
0 0.501302 0.275926 0.0244792 0.062963
0 0.45 0.284259 0.0114583 0.0240741
0 0.461458 0.471759 0.009375 0.0194444
0 0.310677 0.315278 0.0119792 0.0212963
0 0.313021 0.423611 0.00625 0.0342593
0 0.208854 0.410185 0.0125 0.037037
0 0.285156 0.199074 0.0192708 0.0518519
0 0.360417 0.4 0.0239583 0.0462963
0 0.345313 0.526852 0.01875 0.0259259
0 0.199219 0.253241 0.0140625 0.0435185
0 0.365104 0.244907 0.01875 0.0416667
0 0.336719 0.425463 0.0119792 0.0324074
0 0.335156 0.156019 0.0223958 0.0490741
0 0.428385 0.387037 0.0130208 0.0351852
0 0.316927 0.23287 0.0130208 0.0305556
0 0.255469 0.223148 0.0171875 0.0555556
0 0.397396 0.429167 0.01875 0.0601852
0 0.328385 0.52037 0.0119792 0.0296296
0 0.289062 0.453704 0.0197917 0.0518519
0 0.13099 0.318981 0.0223958 0.0509259
0 0.304427 0.285185 0.00677083 0.0148148
0 0.305469 0.370833 0.0203125 0.0472222
0 0.45 0.437963 0.0166667 0.0407407
0 0.420312 0.462037 0.009375 0.0333333
0 0.193229 0.184722 0.015625 0.037963
0 0.188281 0.185185 0.0151042 0.0277778
0 0.385417 0.318056 0.0239583 0.0490741
0 0.278385 0.402778 0.0130208 0.0277778
0 0.364323 0.215741 0.0213542 0.0462963
0 0.358854 0.290741 0.0125 0.0333333
0 0.3625 0.322685 0.0197917 0.0342593
0 0.122656 0.288889 0.0234375 0.0648148
0 0.2625 0.39537 0.00729167 0.0222222
0 0.220052 0.424537 0.00572917 0.0342593
0 0.269271 0.422222 0.0260417 0.05
0 0.292708 0.2375 0.0104167 0.0287037
0 0.293229 0.387037 0.021875 0.0592593
0 0.455729 0.22963 0.0208333 0.0444444
0 0.161198 0.375 0.00364583 0.0425926
0 0.075 0.267593 0.0135417 0.0240741
0 0.335938 0.230093 0.021875 0.0416667
0 0.209115 0.258333 0.0192708 0.0592593
0 0.0476562 0.251389 0.0161458 0.0398148
0 0.238021 0.422222 0.0145833 0.037037
0 0.4875 0.336111 0.00625 0.0259259
0 0.220313 0.368056 0.009375 0.0287037
0 0.363802 0.298148 0.0244792 0.0537037
0 0.4625 0.475926 0.0197917 0.0333333
0 0.180469 0.349537 0.0192708 0.0416667
0 0.318229 0.19213 0.021875 0.0435185
0 0.389583 0.274074 0.021875 0.0407407
0 0.354688 0.568981 0.0125 0.037963
0 0.383073 0.410185 0.0151042 0.0296296
0 0.191927 0.230556 0.0078125 0.0407407
0 0.232812 0.396296 0.00625 0.0240741
0 0.2375 0.416667 0.00520833 0.0277778
0 0.451302 0.240741 0.0223958 0.0444444
0 0.4625 0.432407 0.00729167 0.0203704
0 0.122135 0.348148 0.0234375 0.0703704
0 0.527083 0.575463 0.00729167 0.0305556
0 0.4375 0.506944 0.0135417 0.0342593
0 0.23776 0.326852 0.0171875 0.0351852
0 0.466667 0.431481 0.00833333 0.0259259
0 0.508073 0.297222 0.00989583 0.0296296
0 0.363802 0.169444 0.0223958 0.0425926
0 0.153906 0.371296 0.0119792 0.0314815
0 0.273177 0.24537 0.0213542 0.0444444
0 0.3375 0.253704 0.0125 0.0259259
0 0.145052 0.320833 0.0171875 0.0305556
0 0.320052 0.256019 0.0182292 0.0342593
0 0.235417 0.260185 0.0166667 0.05
0 0.435677 0.245833 0.0223958 0.0490741
0 0.441146 0.35787 0.0135417 0.0361111
0 0.402344 0.265741 0.0244792 0.05
0 0.376563 0.175926 0.0208333 0.0611111
0 0.28099 0.178241 0.0213542 0.0453704
0 0.185156 0.178704 0.0255208 0.0555556
0 0.205469 0.178704 0.0213542 0.0518519
0 0.427083 0.288889 0.0197917 0.0481481
0 0.441927 0.468981 0.0171875 0.0324074
0 0.51224 0.344444 0.00885417 0.0277778
0 0.276563 0.431944 0.025 0.0657407
0 0.428646 0.344907 0.00208333 0.0231481
0 0.44401 0.32037 0.0130208 0.0592593
0 0.373177 0.237963 0.0213542 0.0537037
0 0.263802 0.297685 0.0203125 0.0583333
0 0.335938 0.318056 0.0197917 0.0342593
0 0.344792 0.52037 0.0114583 0.0333333
0 0.503385 0.493519 0.0109375 0.0185185
0 0.484635 0.260185 0.0223958 0.0518519
0 0.408073 0.385648 0.00885417 0.0342593
0 0.245833 0.283796 0.009375 0.0268519
0 0.258333 0.365741 0.0104167 0.0259259
0 0.353906 0.564815 0.0078125 0.0222222
0 0.347396 0.460185 0.0208333 0.0574074
0 0.322396 0.452778 0.025 0.0592593
0 0.267448 0.254167 0.0192708 0.0527778
0 0.401563 0.215278 0.0229167 0.0472222
0 0.208333 0.289352 0.009375 0.0324074
0 0.316927 0.423148 0.0119792 0.0351852
0 0.322135 0.318981 0.0192708 0.0675926
0 0.263542 0.162963 0.0208333 0.05
0 0.314323 0.35463 0.0223958 0.0518519
0 0.184635 0.156481 0.0203125 0.0574074
0 0.20599 0.384722 0.0213542 0.0601852
0 0.184375 0.327315 0.025 0.0472222
0 0.257552 0.312037 0.0130208 0.0518519
0 0.310937 0.259722 0.01875 0.0416667
0 0.183594 0.283333 0.00989583 0.0444444
0 0.320312 0.4375 0.0166667 0.0472222
0 0.0643229 0.288426 0.0265625 0.0601852
0 0.3 0.360648 0.0166667 0.0305556
0 0.429948 0.349074 0.00677083 0.0314815
0 0.260417 0.243981 0.0208333 0.0638889
0 0.397917 0.30463 0.025 0.0444444
0 0.366146 0.327778 0.003125 0.0185185
0 0.484896 0.281019 0.021875 0.0564815
0 0.276563 0.230093 0.021875 0.0490741
0 0.427083 0.26713 0.0197917 0.0361111
0 0.41901 0.336111 0.0223958 0.0537037
0 0.438802 0.311574 0.0192708 0.0527778
0 0.280208 0.216667 0.021875 0.0518519
0 0.368229 0.603241 0.025 0.0731481
0 0.242448 0.173611 0.0203125 0.0546296
0 0.401823 0.408333 0.0244792 0.0537037
0 0.422917 0.335648 0.021875 0.0287037
0 0.283073 0.269444 0.00677083 0.0296296
0 0.375781 0.342593 0.0078125 0.0296296
0 0.248177 0.238889 0.0223958 0.0574074
0 0.500781 0.312037 0.00989583 0.0407407
0 0.401823 0.237037 0.0223958 0.05
0 0.289583 0.162037 0.021875 0.0537037
0 0.355729 0.52963 0.025 0.0796296
0 0.1625 0.381019 0.0135417 0.0398148
0 0.444271 0.2625 0.01875 0.0472222
0 0.500521 0.253704 0.021875 0.0555556
0 0.163802 0.319907 0.0234375 0.0509259
0 0.385417 0.223148 0.0208333 0.0555556
0 0.302344 0.335648 0.0234375 0.0675926
0 0.322656 0.551389 0.0265625 0.0768519
0 0.402344 0.364815 0.0213542 0.0666667
0 0.38151 0.20787 0.0223958 0.0435185
0 0.226302 0.201852 0.0223958 0.0740741
0 0.351823 0.313426 0.0213542 0.0472222
0 0.439844 0.392593 0.0296875 0.0611111
0 0.41875 0.409722 0.021875 0.0712963
0 0.313281 0.290278 0.0171875 0.0287037
0 0.303385 0.259722 0.0182292 0.0527778
0 0.35651 0.260185 0.0213542 0.05
0 0.397396 0.2 0.0239583 0.0518519
0 0.438281 0.216667 0.0255208 0.0462963
0 0.302083 0.237963 0.01875 0.0574074
0 0.350781 0.41713 0.0223958 0.0527778
0 0.258073 0.394907 0.00677083 0.0324074
0 0.347917 0.289815 0.0229167 0.0481481
0 0.280729 0.453241 0.0197917 0.0675926
0 0.25026 0.179167 0.0192708 0.0527778
0 0.197135 0.156944 0.0223958 0.0583333
0 0.247135 0.303241 0.0192708 0.0638889
0 0.302344 0.216667 0.0192708 0.0425926
0 0.197656 0.283796 0.0213542 0.0638889
0 0.340104 0.306481 0.025 0.0685185
0 0.302344 0.200926 0.0223958 0.0444444
0 0.392969 0.462037 0.0234375 0.062963
0 0.335417 0.356481 0.025 0.0537037
0 0.44375 0.24537 0.021875 0.0444444
0 0.217448 0.230556 0.0223958 0.0481481
0 0.168229 0.255093 0.0197917 0.0712963
0 0.410937 0.283333 0.025 0.0518519
0 0.430729 0.259722 0.0208333 0.0601852
0 0.334635 0.177778 0.0223958 0.0481481
0 0.309635 0.521296 0.0234375 0.0777778
0 0.466927 0.246759 0.0234375 0.0564815
0 0.160156 0.284259 0.0244792 0.0666667
0 0.420052 0.48287 0.0151042 0.0416667
0 0.385156 0.252778 0.0244792 0.0481481
0 0.409375 0.202315 0.0229167 0.0657407
0 0.409375 0.63287 0.025 0.0712963
0 0.25651 0.28287 0.0192708 0.0638889
0 0.36875 0.565278 0.0270833 0.0657407
0 0.0434896 0.262037 0.0213542 0.0537037
0 0.234375 0.188426 0.021875 0.0564815
0 0.355469 0.3875 0.0234375 0.0731481
0 0.247656 0.461574 0.0244792 0.0601852
0 0.168229 0.306019 0.0260417 0.0564815
0 0.36849 0.266667 0.0223958 0.0555556
0 0.246615 0.193056 0.0213542 0.0527778
0 0.314844 0.296759 0.0213542 0.0564815
0 0.234375 0.224074 0.0239583 0.0685185
0 0.389583 0.348148 0.021875 0.0592593
0 0.356771 0.200926 0.025 0.0462963
0 0.247917 0.215278 0.0239583 0.0712963
0 0.110417 0.357407 0.0270833 0.0611111
0 0.221875 0.179167 0.0229167 0.0712963
0 0.13099 0.297685 0.0213542 0.0564815
0 0.0648438 0.261111 0.0244792 0.0759259
0 0.472396 0.5 0.0260417 0.0740741
0 0.29375 0.438889 0.0229167 0.0685185
0 0.29349 0.318519 0.0223958 0.062963
0 0.426823 0.424537 0.0265625 0.0583333
0 0.0893229 0.267593 0.0223958 0.0574074
0 0.135417 0.372685 0.0239583 0.075
0 0.276563 0.201389 0.0197917 0.0657407
0 0.455469 0.260648 0.0234375 0.0472222
0 0.38125 0.617593 0.0270833 0.0722222
0 0.247917 0.328241 0.01875 0.0675926
0 0.347656 0.378704 0.0255208 0.0592593
0 0.434896 0.43287 0.0229167 0.075
0 0.302865 0.410185 0.0234375 0.062963
0 0.260417 0.207407 0.021875 0.0648148
0 0.38099 0.408333 0.0244792 0.0537037
0 0.276823 0.402778 0.0213542 0.062963
0 0.352083 0.439815 0.025 0.0574074
0 0.426302 0.387963 0.0265625 0.062963
0 0.101823 0.28287 0.0255208 0.0416667
0 0.33099 0.581481 0.0234375 0.0796296
0 0.264583 0.186574 0.0229167 0.0546296
0 0.455469 0.34213 0.0223958 0.062037
0 0.425521 0.681481 0.01875 0.0444444
0 0.459896 0.297222 0.0239583 0.062963
0 0.0476562 0.246296 0.0223958 0.0722222
0 0.309896 0.312963 0.0208333 0.0648148
0 0.238802 0.393519 0.0223958 0.0648148
0 0.193229 0.340741 0.0239583 0.0574074
0 0.347396 0.35 0.0208333 0.062963
0 0.315104 0.385185 0.025 0.062963
0 0.33151 0.389352 0.0203125 0.0842593
0 0.464063 0.313426 0.0239583 0.0527778
0 0.326823 0.521759 0.0244792 0.0712963
0 0.205469 0.319444 0.0234375 0.0574074
0 0.277083 0.52037 0.025 0.0574074
0 0.463802 0.335185 0.0223958 0.0611111
0 0.409896 0.431481 0.025 0.0537037
0 0.189063 0.194907 0.021875 0.0675926
0 0.360677 0.230556 0.0223958 0.0574074
0 0.24349 0.260648 0.0171875 0.075
0 0.314323 0.230556 0.0203125 0.0518519
0 0.30599 0.491204 0.0203125 0.0675926
0 0.289844 0.274537 0.0213542 0.0583333
0 0.113802 0.276852 0.0255208 0.0592593
0 0.31849 0.281481 0.0244792 0.0555556
0 0.344792 0.222685 0.025 0.0490741
0 0.39375 0.325926 0.021875 0.0648148
0 0.247135 0.438426 0.0234375 0.0638889
0 0.477083 0.32037 0.0239583 0.0685185
0 0.388802 0.423611 0.0255208 0.0675926
0 0.26901 0.364815 0.0244792 0.0666667
0 0.402083 0.335648 0.021875 0.062037
0 0.33125 0.289815 0.025 0.05
0 0.21875 0.444444 0.025 0.0518519
0 0.405208 0.469444 0.0270833 0.0666667
0 0.226562 0.281944 0.0197917 0.0453704
0 0.276823 0.335185 0.0223958 0.0592593
0 0.51849 0.477315 0.0276042 0.0509259
0 0.197656 0.261111 0.0234375 0.0555556
0 0.464323 0.492593 0.0276042 0.0574074
0 0.48099 0.515278 0.0265625 0.0805556
0 0.34401 0.253704 0.0223958 0.0703704
0 0.505208 0.298148 0.025 0.062963
0 0.36901 0.441204 0.0223958 0.0768519
0 0.377865 0.359259 0.0255208 0.0611111
0 0.448177 0.441204 0.0234375 0.0675926
0 0.29349 0.48287 0.0255208 0.062037
0 0.43125 0.305556 0.025 0.0703704
0 0.23099 0.243981 0.0223958 0.0564815
0 0.264583 0.483333 0.0208333 0.0740741
0 0.26875 0.275463 0.021875 0.0694444
0 0.101302 0.262037 0.0244792 0.0611111
0 0.31901 0.483796 0.0213542 0.0601852
0 0.09375 0.312037 0.0260417 0.0518519
0 0.35599 0.289815 0.0255208 0.0574074
0 0.172917 0.364815 0.0229167 0.0648148
0 0.447135 0.283333 0.0255208 0.0592593
0 0.41875 0.4625 0.0260417 0.0731481
0 0.451823 0.371759 0.0244792 0.0490741
0 0.0729167 0.267593 0.0260417 0.0611111
0 0.18099 0.395833 0.0203125 0.0657407
0 0.189323 0.23287 0.0265625 0.0601852
0 0.413802 0.311574 0.0223958 0.0694444
0 0.40599 0.388426 0.0244792 0.0638889
0 0.217969 0.275926 0.0223958 0.0666667
0 0.39375 0.619444 0.0270833 0.0814815
0 0.25625 0.45463 0.0260417 0.05
0 0.435417 0.275926 0.0239583 0.0555556
0 0.285417 0.350463 0.0208333 0.0731481
0 0.214844 0.328241 0.0265625 0.0546296
0 0.19349 0.423611 0.0234375 0.0694444
0 0.376823 0.468519 0.0265625 0.0722222
0 0.217708 0.364352 0.025 0.0583333
0 0.35651 0.358333 0.0255208 0.0518519
0 0.439063 0.359259 0.025 0.0666667
0 0.269271 0.328241 0.0229167 0.0675926
0 0.446875 0.514352 0.0239583 0.0675926
0 0.14375 0.322222 0.0260417 0.0777778
0 0.214062 0.187037 0.025 0.0666667
0 0.18151 0.423148 0.0234375 0.0722222
0 0.289844 0.238889 0.0234375 0.0722222
0 0.488281 0.537963 0.0265625 0.0574074
0 0.439583 0.468519 0.028125 0.062963
0 0.44401 0.328241 0.0244792 0.0694444
0 0.335677 0.327778 0.0244792 0.0648148
0 0.452083 0.312963 0.0239583 0.0685185
0 0.223177 0.32037 0.0234375 0.0611111
0 0.335417 0.252778 0.0260417 0.062963
0 0.33099 0.4625 0.0234375 0.0564815
0 0.302604 0.283333 0.0229167 0.0611111
0 0.34401 0.523148 0.0276042 0.0685185
0 0.23125 0.365278 0.025 0.0675926
0 0.510677 0.342593 0.0265625 0.0574074
0 0.235938 0.322222 0.0208333 0.0722222
0 0.484115 0.60463 0.0265625 0.05
0 0.20599 0.40787 0.0265625 0.0675926
0 0.151042 0.373148 0.0270833 0.0759259
0 0.180208 0.283796 0.0270833 0.0564815
0 0.464323 0.43287 0.0265625 0.0731481
0 0.277083 0.491667 0.025 0.0685185
0 0.256771 0.364352 0.025 0.0712963
0 0.525521 0.575463 0.0291667 0.0490741
0 0.298177 0.35787 0.0265625 0.0657407
0 0.235677 0.416667 0.0244792 0.0759259
0 0.335156 0.425 0.0255208 0.0592593
0 0.460938 0.470833 0.028125 0.0842593
0 0.497396 0.3125 0.0270833 0.0601852
0 0.484896 0.336111 0.0270833 0.0740741
0 0.322917 0.253241 0.0229167 0.0657407
0 0.417969 0.486574 0.0255208 0.0638889
0 0.372396 0.341667 0.0239583 0.0703704
0 0.381771 0.297685 0.0260417 0.0657407
0 0.410156 0.342593 0.0234375 0.0685185
0 0.352604 0.566667 0.028125 0.0685185
0 0.256771 0.321296 0.021875 0.0722222
0 0.255729 0.394907 0.025 0.0694444
0 0.240365 0.343519 0.0223958 0.0740741
0 0.314583 0.424074 0.025 0.0648148
0 0.222656 0.423611 0.0255208 0.0694444
0 0.434635 0.506481 0.0265625 0.0592593
0 0.501823 0.49213 0.0286458 0.0564815
0 0.24401 0.283333 0.0255208 0.0759259
0 0.510156 0.403241 0.0234375 0.0694444
0 0.20599 0.29213 0.0255208 0.0657407
0 0.364844 0.327315 0.0234375 0.0675926
0 0.23151 0.395833 0.0255208 0.0824074
0 0.160677 0.380556 0.0276042 0.0722222
0 0.281771 0.268981 0.025 0.0712963
0 0.427083 0.343519 0.0270833 0.0796296
