0 0.349219 0.730093 0.0140625 0.0138889
0 0.354688 0.523611 0.00416667 0.0231481
0 0.466667 0.705093 0.034375 0.0175926
0 0.442187 0.631944 0.00625 0.0231481
0 0.324479 0.676852 0.028125 0.0314815
0 0.491667 0.689815 0.00520833 0.0185185
0 0.454427 0.621296 0.00677083 0.0222222
0 0.496875 0.519444 0.00833333 0.0185185
0 0.423958 0.45463 0.00833333 0.0148148
0 0.417188 0.586574 0.00729167 0.0231481
0 0.483594 0.53287 0.00677083 0.0157407
0 0.454948 0.556019 0.00572917 0.0194444
0 0.484375 0.636574 0.00625 0.0194444
0 0.514844 0.564815 0.0161458 0.0277778
0 0.40026 0.540741 0.0307292 0.0222222
0 0.384115 0.6 0.00364583 0.0185185
0 0.124219 0.671296 0.0161458 0.0148148
0 0.449219 0.470833 0.00885417 0.0194444
0 0.488542 0.548148 0.0145833 0.0333333
0 0.41276 0.476852 0.0140625 0.0148148
0 0.502083 0.677315 0.0145833 0.025
0 0.471094 0.522685 0.0171875 0.0138889
0 0.541927 0.577315 0.0046875 0.0157407
0 0.441927 0.697222 0.0338542 0.0259259
0 0.466667 0.539815 0.00520833 0.0203704
0 0.591667 0.526389 0.0364583 0.0305556
0 0.425521 0.637037 0.00416667 0.0222222
0 0.613021 0.756944 0.0333333 0.0175926
0 0.514844 0.616204 0.0151042 0.0268519
0 0.421615 0.725926 0.0203125 0.0240741
0 0.420573 0.587037 0.0307292 0.012963
0 0.58151 0.585648 0.0182292 0.0324074
0 0.372396 0.70463 0.0166667 0.0259259
0 0.5125 0.608796 0.0364583 0.0231481
0 0.55 0.543981 0.0197917 0.0101852
0 0.353646 0.524537 0.0447917 0.0305556
0 0.528125 0.587037 0.0104167 0.0148148
0 0.421615 0.661574 0.0223958 0.0305556
0 0.483594 0.488426 0.00677083 0.0138889
0 0.591406 0.506019 0.0151042 0.0601852
0 0.458854 0.564815 0.028125 0.0166667
0 0.458333 0.535185 0.0302083 0.0203704
0 0.404427 0.615741 0.0046875 0.0203704
0 0.558333 0.564352 0.0333333 0.0305556
0 0.383073 0.482407 0.0171875 0.012963
0 0.428385 0.667593 0.0078125 0.012963
0 0.596094 0.54537 0.0119792 0.0166667
0 0.377344 0.551852 0.0119792 0.0351852
0 0.485417 0.50463 0.0145833 0.0277778
0 0.508854 0.643981 0.00625 0.025
0 0.466667 0.613426 0.0302083 0.0268519
0 0.484375 0.659722 0.0125 0.0324074
0 0.463281 0.586574 0.0307292 0.0212963
0 0.565365 0.601389 0.0078125 0.025
0 0.499219 0.653241 0.0276042 0.0212963
0 0.505469 0.586111 0.0171875 0.0351852
0 0.429427 0.591204 0.00677083 0.0138889
0 0.602865 0.743519 0.00989583 0.0185185
0 0.460677 0.467593 0.0109375 0.0351852
0 0.558854 0.517593 0.00520833 0.0185185
0 0.571094 0.666204 0.0296875 0.0287037
0 0.521875 0.613426 0.00833333 0.025
0 0.458594 0.733796 0.0223958 0.0157407
0 0.374479 0.72037 0.0135417 0.0351852
0 0.443229 0.562037 0.0104167 0.0314815
0 0.421094 0.564815 0.0078125 0.0166667
0 0.514063 0.601852 0.0114583 0.0351852
0 0.583333 0.669444 0.0197917 0.0148148
0 0.560417 0.676852 0.0177083 0.0351852
0 0.496615 0.591667 0.00677083 0.0222222
0 0.458854 0.577778 0.00625 0.0203704
0 0.575 0.534259 0.0239583 0.0148148
0 0.49974 0.638889 0.0265625 0.012963
0 0.551562 0.534722 0.00833333 0.0342593
0 0.448958 0.691667 0.015625 0.0259259
0 0.446354 0.533796 0.00625 0.0268519
0 0.461198 0.681944 0.0109375 0.0342593
0 0.41276 0.677315 0.00989583 0.012037
0 0.375 0.581481 0.00833333 0.0148148
0 0.452344 0.541204 0.0119792 0.0324074
0 0.407292 0.653241 0.0104167 0.0435185
0 0.497396 0.643056 0.0135417 0.0305556
0 0.496354 0.503704 0.040625 0.0425926
0 0.525781 0.650926 0.0140625 0.0462963
0 0.586719 0.624074 0.0213542 0.0203704
0 0.573958 0.595833 0.009375 0.0324074
0 0.474479 0.714815 0.0114583 0.0111111
0 0.47526 0.540278 0.0046875 0.0194444
0 0.441927 0.541667 0.0307292 0.0277778
0 0.438542 0.541667 0.009375 0.0222222
0 0.404167 0.644907 0.0177083 0.012037
0 0.453906 0.460648 0.0140625 0.0194444
0 0.405729 0.54213 0.0135417 0.025
0 0.471615 0.712963 0.0244792 0.0185185
0 0.267969 0.689352 0.0223958 0.0287037
0 0.586198 0.594907 0.0119792 0.0305556
0 0.545833 0.535185 0.0302083 0.0185185
0 0.439063 0.519444 0.0114583 0.0407407
0 0.563021 0.50463 0.0364583 0.0314815
0 0.56224 0.513889 0.0223958 0.0222222
0 0.407813 0.490741 0.0125 0.0296296
0 0.488021 0.728241 0.0208333 0.0175926
0 0.541406 0.719444 0.00677083 0.00925926
0 0.423958 0.66713 0.00520833 0.0453704
0 0.426302 0.719444 0.0161458 0.05
0 0.566667 0.525926 0.0416667 0.0185185
0 0.341927 0.517593 0.0182292 0.0333333
0 0.447917 0.541204 0.0114583 0.0398148
0 0.489062 0.519444 0.0145833 0.0259259
0 0.426042 0.591204 0.0104167 0.0194444
0 0.521094 0.566204 0.0265625 0.0175926
0 0.421094 0.689815 0.0328125 0.0185185
0 0.454948 0.533333 0.00572917 0.0222222
0 0.65 0.645833 0.0333333 0.0268519
0 0.36224 0.518981 0.0255208 0.0175926
0 0.33724 0.488426 0.0244792 0.0342593
0 0.604688 0.669444 0.0166667 0.0148148
0 0.541927 0.50463 0.00677083 0.0222222
0 0.478385 0.616667 0.0130208 0.0185185
0 0.5 0.521296 0.03125 0.012963
0 0.528906 0.721759 0.0109375 0.0157407
0 0.379167 0.46713 0.0177083 0.025
0 0.409635 0.681481 0.0203125 0.0314815
0 0.480469 0.55463 0.0161458 0.0518519
0 0.496615 0.598611 0.00885417 0.0268519
0 0.452344 0.564815 0.0161458 0.0351852
0 0.104687 0.6875 0.00520833 0.0138889
0 0.58776 0.749074 0.0328125 0.0203704
0 0.245833 0.693056 0.0114583 0.0157407
0 0.42474 0.720833 0.0119792 0.0212963
0 0.471875 0.459722 0.0177083 0.0509259
0 0.533594 0.601389 0.0276042 0.0212963
0 0.561719 0.535648 0.00989583 0.0175926
0 0.599219 0.765278 0.0182292 0.0175926
0 0.45625 0.696296 0.0114583 0.05
0 0.442708 0.738426 0.0114583 0.025
0 0.501562 0.69537 0.0166667 0.05
0 0.520052 0.706481 0.0234375 0.012963
0 0.511458 0.726852 0.009375 0.0185185
0 0.624219 0.570833 0.00885417 0.0472222
0 0.452865 0.728241 0.00989583 0.037963
0 0.353385 0.647222 0.0119792 0.00925926
0 0.585156 0.772222 0.0265625 0.0277778
0 0.325781 0.518056 0.0119792 0.0157407
0 0.385156 0.591667 0.0130208 0.0407407
0 0.555469 0.543519 0.0161458 0.0277778
0 0.390625 0.571759 0.00520833 0.037963
0 0.517969 0.62963 0.0119792 0.0425926
0 0.66224 0.766667 0.0119792 0.0185185
0 0.341667 0.541667 0.0260417 0.0240741
0 0.445312 0.572685 0.00729167 0.0268519
0 0.571094 0.517593 0.0296875 0.0314815
0 0.25599 0.690278 0.0234375 0.0305556
0 0.36224 0.690278 0.0390625 0.037963
0 0.479948 0.540278 0.0078125 0.0231481
0 0.586719 0.660648 0.0234375 0.0138889
0 0.51276 0.654167 0.0286458 0.0175926
0 0.538542 0.587963 0.015625 0.0185185
0 0.385417 0.697222 0.0135417 0.0407407
0 0.510417 0.533796 0.0166667 0.0305556
0 0.40026 0.611574 0.0109375 0.0472222
0 0.479167 0.543056 0.0291667 0.0194444
0 0.475781 0.64537 0.0296875 0.0222222
0 0.391927 0.519907 0.0223958 0.0157407
0 0.565365 0.640741 0.0244792 0.012963
0 0.404427 0.525926 0.0078125 0.012963
0 0.473958 0.511574 0.009375 0.0287037
0 0.383073 0.600926 0.0317708 0.0222222
0 0.616927 0.641204 0.00572917 0.0416667
0 0.490625 0.581944 0.0104167 0.0157407
0 0.49375 0.555556 0.00833333 0.0259259
0 0.595573 0.653241 0.0171875 0.0157407
0 0.420312 0.683796 0.025 0.0212963
0 0.290625 0.648611 0.00520833 0.0194444
0 0.519531 0.526389 0.0182292 0.0361111
0 0.101562 0.69537 0.00625 0.00555556
0 0.432552 0.498148 0.0161458 0.0333333
0 0.396615 0.673148 0.0203125 0.0296296
0 0.533073 0.661574 0.0255208 0.0231481
0 0.595573 0.630093 0.0203125 0.0101852
0 0.57526 0.570833 0.0151042 0.0157407
0 0.367188 0.665278 0.0104167 0.0324074
0 0.566406 0.647222 0.0265625 0.0148148
0 0.402865 0.6375 0.0078125 0.0324074
0 0.395573 0.483796 0.0244792 0.0175926
0 0.411719 0.698611 0.0171875 0.0175926
0 0.296354 0.659259 0.0145833 0.0203704
0 0.38724 0.690741 0.0234375 0.012963
0 0.242188 0.689352 0.0239583 0.0287037
0 0.348698 0.613889 0.00989583 0.0277778
0 0.425781 0.674074 0.0182292 0.0277778
0 0.471615 0.549537 0.0234375 0.0138889
0 0.541667 0.558333 0.021875 0.0203704
0 0.0729167 0.866204 0.0208333 0.0157407
0 0.586979 0.743519 0.0229167 0.0166667
0 0.557552 0.611111 0.0182292 0.0203704
0 0.470052 0.566667 0.0213542 0.0185185
0 0.513021 0.586574 0.0270833 0.0175926
0 0.403906 0.606944 0.0213542 0.0175926
0 0.42474 0.533796 0.0213542 0.0268519
0 0.61276 0.675926 0.00260417 0.0259259
0 0.429427 0.623611 0.0161458 0.012037
0 0.400521 0.613426 0.00520833 0.025
0 0.924219 0.967593 0.0234375 0.0185185
0 0.498958 0.616667 0.0104167 0.037037
0 0.449479 0.712963 0.01875 0.00925926
0 0.333854 0.511574 0.0114583 0.025
0 0.58724 0.616204 0.0286458 0.0231481
0 0.251042 0.652778 0.015625 0.0425926
0 0.358073 0.526852 0.0203125 0.0185185
0 0.57474 0.668056 0.0109375 0.0138889
0 0.4875 0.600926 0.025 0.0185185
0 0.528125 0.49213 0.0114583 0.0287037
0 0.642187 0.669907 0.0229167 0.0212963
0 0.460417 0.496759 0.015625 0.0361111
0 0.34974 0.682407 0.0244792 0.0296296
0 0.376563 0.491204 0.00729167 0.0472222
0 0.480729 0.650926 0.0125 0.05
0 0.611719 0.617593 0.0161458 0.0203704
0 0.620313 0.639352 0.009375 0.0175926
0 0.397917 0.498611 0.0114583 0.0472222
0 0.400781 0.615741 0.0151042 0.012963
0 0.505469 0.637963 0.0078125 0.0185185
0 0.507812 0.668056 0.0135417 0.0138889
0 0.50651 0.547222 0.0161458 0.0407407
0 0.516667 0.548148 0.0395833 0.0351852
0 0.511458 0.581481 0.0166667 0.0111111
0 0.371094 0.490278 0.0161458 0.0268519
0 0.664844 0.708796 0.0171875 0.0138889
0 0.404687 0.578241 0.0260417 0.025
0 0.53776 0.748611 0.0119792 0.0175926
0 0.579427 0.639352 0.0119792 0.0175926
0 0.51875 0.600926 0.0145833 0.0296296
0 0.604948 0.659259 0.0213542 0.0314815
0 0.477344 0.526389 0.0161458 0.0342593
0 0.516927 0.735185 0.0140625 0.0296296
0 0.263542 0.659722 0.0177083 0.0509259
0 0.441146 0.581019 0.0177083 0.0138889
0 0.432813 0.529167 0.025 0.0138889
0 0.399479 0.712037 0.00833333 0.0314815
0 0.529167 0.55787 0.0104167 0.0175926
0 0.545313 0.676389 0.0125 0.0157407
0 0.466406 0.639352 0.0317708 0.0175926
0 0.575781 0.675 0.0182292 0.0185185
0 0.521094 0.638426 0.0140625 0.0157407
0 0.375 0.673148 0.009375 0.0166667
0 0.383854 0.555556 0.0270833 0.0240741
0 0.220833 0.674537 0.0125 0.0194444
0 0.43724 0.580556 0.0171875 0.0277778
0 0.491146 0.646759 0.0302083 0.012037
0 0.396354 0.533333 0.0270833 0.0259259
0 0.428646 0.696759 0.021875 0.0231481
0 0.48125 0.535648 0.0135417 0.0361111
0 0.532552 0.633333 0.0109375 0.0148148
0 0.455469 0.584722 0.0182292 0.0361111
0 0.442187 0.587037 0.0177083 0.0203704
0 0.470573 0.61713 0.0286458 0.012037
0 0.341406 0.624074 0.0140625 0.037037
0 0.583073 0.534722 0.0151042 0.0138889
0 0.465365 0.569444 0.0213542 0.0296296
0 0.446094 0.535185 0.0255208 0.0148148
0 0.4625 0.483333 0.040625 0.0277778
0 0.549219 0.669444 0.0213542 0.0259259
0 0.554427 0.52037 0.0234375 0.0166667
0 0.548437 0.724074 0.00625 0.0407407
0 0.325 0.550463 0.009375 0.025
0 0.416406 0.467593 0.0203125 0.0222222
0 0.375521 0.533333 0.0114583 0.0277778
0 0.46276 0.624074 0.0276042 0.0148148
0 0.516927 0.636574 0.0192708 0.025
0 0.491667 0.514815 0.0260417 0.0166667
0 0.577604 0.543056 0.0125 0.0305556
0 0.33099 0.533333 0.0182292 0.0333333
0 0.554688 0.540741 0.01875 0.012963
0 0.48776 0.534722 0.0276042 0.0212963
0 0.484896 0.694907 0.0135417 0.0509259
0 0.563281 0.733796 0.0244792 0.0231481
0 0.415365 0.643981 0.0130208 0.037963
0 0.497396 0.564815 0.0177083 0.0333333
0 0.359375 0.653241 0.015625 0.0416667
0 0.534635 0.577315 0.0109375 0.0472222
0 0.30026 0.675 0.00885417 0.0203704
0 0.584115 0.540741 0.0286458 0.0259259
0 0.596354 0.513889 0.0229167 0.0314815
0 0.354948 0.539815 0.0192708 0.0277778
0 0.411979 0.706481 0.0239583 0.0222222
0 0.617448 0.647685 0.0109375 0.0231481
0 0.469792 0.593056 0.0166667 0.0361111
0 0.629687 0.679167 0.0125 0.0101852
0 0.520312 0.608333 0.0291667 0.0166667
0 0.5125 0.699074 0.0125 0.0222222
0 0.391406 0.711111 0.0171875 0.0166667
0 0.354167 0.59537 0.0125 0.0203704
0 0.347135 0.526852 0.0161458 0.0425926
0 0.65 0.639815 0.0145833 0.0185185
0 0.425781 0.461111 0.0213542 0.0222222
0 0.53724 0.593982 0.0119792 0.012037
0 0.3375 0.676852 0.0104167 0.012963
0 0.557552 0.633333 0.0171875 0.0240741
0 0.458073 0.558796 0.0223958 0.0175926
0 0.365625 0.551852 0.0114583 0.0185185
0 0.436458 0.643981 0.00729167 0.0231481
0 0.470833 0.706019 0.0135417 0.012037
0 0.457812 0.652315 0.0291667 0.0342593
0 0.478906 0.521296 0.0296875 0.0166667
0 0.368229 0.502315 0.009375 0.0305556
0 0.540104 0.527778 0.0145833 0.0240741
0 0.333594 0.496759 0.0244792 0.025
0 0.49375 0.727778 0.0166667 0.0277778
0 0.414062 0.695833 0.0177083 0.0342593
0 0.521615 0.593056 0.0203125 0.0138889
0 0.540625 0.675 0.0208333 0.0277778
0 0.588802 0.740278 0.0192708 0.0601852
0 0.939583 0.987963 0.0166667 0.0240741
0 0.43724 0.676852 0.0130208 0.012963
0 0.248958 0.682407 0.0114583 0.0185185
0 0.458073 0.661574 0.0255208 0.0212963
0 0.495313 0.500463 0.028125 0.0157407
0 0.52526 0.631019 0.0244792 0.0101852
0 0.465365 0.675 0.0151042 0.05
0 0.616146 0.757407 0.0135417 0.0185185
0 0.319792 0.669907 0.0239583 0.0175926
0 0.570573 0.475 0.0151042 0.0148148
0 0.420573 0.609722 0.0286458 0.0175926
0 0.416667 0.624537 0.015625 0.00833333
0 0.232031 0.665741 0.0130208 0.0203704
0 0.47474 0.640278 0.0192708 0.0101852
0 0.35 0.542593 0.0177083 0.0148148
0 0.313021 0.534259 0.025 0.0240741
0 0.426042 0.689352 0.0145833 0.0398148
0 0.682813 0.686111 0.0270833 0.0185185
0 0.420573 0.566667 0.0171875 0.0166667
0 0.494271 0.631944 0.0177083 0.0287037
0 0.519271 0.725 0.0104167 0.0462963
0 0.440365 0.639815 0.0130208 0.0222222
0 0.36276 0.496296 0.0161458 0.0314815
0 0.371094 0.666204 0.0171875 0.0194444
0 0.436458 0.535648 0.0145833 0.0398148
0 0.51276 0.733796 0.0182292 0.0157407
0 0.391667 0.661111 0.0177083 0.012963
0 0.391406 0.624074 0.0119792 0.00740741
0 0.478906 0.483796 0.0317708 0.0305556
0 0.583073 0.647222 0.00885417 0.0185185
0 0.579427 0.726389 0.0234375 0.0157407
0 0.551042 0.502315 0.0145833 0.0546296
0 0.682552 0.678241 0.0119792 0.00833333
0 0.476823 0.546759 0.00989583 0.0490741
0 0.542448 0.518981 0.0151042 0.0472222
0 0.595833 0.73287 0.0125 0.0287037
0 0.394271 0.585185 0.0125 0.0222222
0 0.379167 0.674074 0.015625 0.0240741
0 0.33776 0.563426 0.0234375 0.025
0 0.420833 0.656018 0.00833333 0.0138889
0 0.383854 0.727315 0.015625 0.0194444
0 0.274479 0.682407 0.021875 0.0203704
0 0.666406 0.715741 0.0234375 0.0148148
0 0.625781 0.5875 0.00885417 0.0287037
0 0.486198 0.719907 0.0109375 0.0138889
0 0.425 0.490278 0.0208333 0.025
0 0.460938 0.478704 0.0270833 0.0148148
0 0.540104 0.59213 0.0177083 0.037963
0 0.355729 0.497685 0.01875 0.0416667
0 0.396094 0.622222 0.00885417 0.0148148
0 0.3125 0.666204 0.0135417 0.0157407
0 0.482031 0.631019 0.0161458 0.0287037
0 0.523177 0.5125 0.0182292 0.0361111
0 0.45026 0.578241 0.0234375 0.0231481
0 0.621354 0.646759 0.0229167 0.025
0 0.450521 0.475926 0.0145833 0.0259259
0 0.5875 0.647685 0.0208333 0.0212963
0 0.501042 0.451852 0.0208333 0.0351852
0 0.39974 0.556944 0.0213542 0.0138889
0 0.466927 0.540741 0.0359375 0.0240741
0 0.423438 0.57963 0.0177083 0.0277778
0 0.442448 0.661111 0.0151042 0.0259259
0 0.41224 0.5125 0.0161458 0.025
0 0.570312 0.719907 0.0104167 0.0138889
0 0.455208 0.458333 0.0197917 0.0648148
0 0.497656 0.513426 0.00989583 0.037963
0 0.257292 0.675 0.0104167 0.0407407
0 0.453906 0.492593 0.0265625 0.0277778
0 0.511458 0.505093 0.0166667 0.0305556
0 0.483073 0.61713 0.00572917 0.0101852
0 0.478906 0.559259 0.0130208 0.0277778
0 0.408594 0.616667 0.0255208 0.0203704
0 0.5875 0.580556 0.01875 0.0166667
0 0.471094 0.573611 0.0296875 0.0175926
0 0.388542 0.46713 0.0208333 0.0398148
0 0.425 0.519907 0.01875 0.0231481
0 0.519271 0.488889 0.0166667 0.0351852
0 0.49974 0.625 0.0203125 0.0185185
0 0.429427 0.674074 0.0182292 0.012963
0 0.582552 0.578704 0.0078125 0.0166667
0 0.508594 0.675463 0.0255208 0.0194444
0 0.552604 0.610648 0.0166667 0.0305556
0 0.571615 0.577778 0.0171875 0.0222222
0 0.518229 0.473148 0.0166667 0.0296296
0 0.569531 0.571759 0.0130208 0.0138889
0 0.58776 0.630556 0.0265625 0.0185185
0 0.479167 0.59537 0.0135417 0.0222222
0 0.529167 0.593982 0.0229167 0.0138889
0 0.378906 0.570833 0.00885417 0.0194444
0 0.366667 0.60787 0.021875 0.0194444
0 0.416927 0.504167 0.0234375 0.0324074
0 0.546354 0.683796 0.0177083 0.0175926
0 0.543229 0.70463 0.0114583 0.0518519
0 0.527604 0.50463 0.01875 0.0240741
0 0.62526 0.763426 0.0244792 0.0287037
0 0.389583 0.631481 0.0239583 0.037037
0 0.608594 0.651389 0.0286458 0.025
0 0.650781 0.675 0.0223958 0.0314815
0 0.521094 0.64537 0.0223958 0.0185185
0 0.546354 0.616204 0.0166667 0.0231481
0 0.563542 0.539815 0.0166667 0.0314815
0 0.409375 0.481481 0.0197917 0.0314815
0 0.497656 0.703704 0.0171875 0.0351852
0 0.495573 0.566667 0.0213542 0.012963
0 0.366406 0.511574 0.0078125 0.025
0 0.390365 0.66713 0.0234375 0.0305556
0 0.46276 0.72037 0.0244792 0.0166667
0 0.526823 0.689815 0.0182292 0.0462963
0 0.34974 0.511574 0.0203125 0.0287037
0 0.515625 0.577778 0.0114583 0.0444444
0 0.422396 0.510185 0.0114583 0.0425926
0 0.470833 0.54213 0.0145833 0.0157407
0 0.529167 0.616667 0.0229167 0.0111111
0 0.466406 0.696296 0.00677083 0.0314815
0 0.453906 0.689815 0.0359375 0.0222222
0 0.40599 0.467593 0.0109375 0.05
0 0.603385 0.624537 0.0109375 0.0138889
0 0.485938 0.678704 0.00416667 0.012963
0 0.411719 0.615278 0.00677083 0.0509259
0 0.578125 0.721759 0.0145833 0.0101852
0 0.582292 0.75463 0.0125 0.0259259
0 0.476042 0.600463 0.0166667 0.0342593
0 0.491667 0.69213 0.009375 0.025
0 0.509896 0.481019 0.0166667 0.0435185
0 0.417969 0.658796 0.00989583 0.0398148
0 0.491927 0.683796 0.0192708 0.025
0 0.603906 0.660185 0.0140625 0.0148148
0 0.575 0.556019 0.021875 0.0212963
0 0.5625 0.571759 0.0197917 0.0212963
0 0.520833 0.55787 0.0166667 0.0157407
0 0.584635 0.60787 0.0161458 0.0231481
0 0.550521 0.581019 0.0135417 0.0324074
0 0.438281 0.667593 0.0109375 0.0333333
0 0.49401 0.56713 0.00677083 0.0212963
0 0.566667 0.60787 0.0145833 0.0138889
0 0.389323 0.496759 0.0161458 0.0416667
0 0.419271 0.511111 0.0145833 0.0277778
0 0.490104 0.651852 0.0135417 0.0203704
0 0.547917 0.630093 0.01875 0.0453704
0 0.228646 0.661111 0.009375 0.0166667
0 0.470313 0.655093 0.009375 0.0194444
0 0.553385 0.59537 0.0140625 0.0222222
0 0.433854 0.621296 0.0208333 0.0185185
0 0.536719 0.719444 0.0078125 0.0111111
0 0.380208 0.673148 0.0177083 0.05
0 0.520833 0.735185 0.0166667 0.0148148
0 0.603385 0.534722 0.0151042 0.0231481
0 0.370573 0.57037 0.0182292 0.0222222
0 0.414323 0.628241 0.0151042 0.0361111
0 0.534896 0.469907 0.0177083 0.0435185
0 0.471354 0.662037 0.015625 0.012963
0 0.419792 0.602315 0.0104167 0.0287037
0 0.45599 0.510185 0.0119792 0.0425926
0 0.28776 0.674074 0.0192708 0.0259259
0 0.646354 0.625926 0.0135417 0.0148148
0 0.604167 0.631944 0.0239583 0.0194444
0 0.541927 0.639815 0.0171875 0.0203704
0 0.576302 0.489352 0.0171875 0.0472222
0 0.533073 0.682407 0.0182292 0.0222222
0 0.452865 0.616204 0.00572917 0.0564815
0 0.454167 0.623611 0.01875 0.0138889
0 0.357552 0.646759 0.0078125 0.0101852
0 0.400521 0.704167 0.0135417 0.0287037
0 0.371615 0.55463 0.0171875 0.0296296
0 0.486458 0.63287 0.00729167 0.0101852
0 0.426562 0.474074 0.01875 0.0333333
0 0.463802 0.65463 0.0130208 0.0333333
0 0.483854 0.624537 0.0125 0.012037
0 0.37526 0.639815 0.0130208 0.0166667
0 0.391927 0.609259 0.0109375 0.0111111
0 0.379687 0.577778 0.0135417 0.0259259
0 0.440104 0.697222 0.01875 0.0407407
0 0.477604 0.513889 0.0104167 0.0314815
0 0.254427 0.666667 0.0213542 0.0222222
0 0.382031 0.594907 0.0130208 0.0657407
0 0.584635 0.667593 0.0213542 0.0351852
0 0.566146 0.535648 0.0104167 0.012037
0 0.666406 0.74213 0.0046875 0.0194444
0 0.574219 0.615741 0.0119792 0.0240741
0 0.4625 0.580093 0.0229167 0.0138889
0 0.454167 0.653241 0.01875 0.0175926
0 0.440365 0.556481 0.0182292 0.0518519
0 0.480729 0.466204 0.0177083 0.0564815
0 0.36901 0.540278 0.0161458 0.0268519
0 0.432552 0.5875 0.0130208 0.0157407
0 0.415104 0.615741 0.0114583 0.037037
0 0.47526 0.684259 0.0203125 0.0166667
0 0.434896 0.473148 0.015625 0.0518519
0 0.470833 0.674537 0.0104167 0.0435185
0 0.507812 0.601852 0.0145833 0.012963
0 0.48099 0.498611 0.0182292 0.0416667
0 0.395833 0.579167 0.01875 0.0175926
0 0.520573 0.588426 0.0119792 0.0101852
0 0.399219 0.695833 0.0078125 0.0212963
0 0.40026 0.593982 0.0265625 0.0231481
0 0.591406 0.52037 0.0182292 0.0277778
0 0.443229 0.490741 0.0177083 0.0462963
0 0.566927 0.556944 0.0151042 0.025
0 0.303385 0.66713 0.00572917 0.0138889
0 0.604427 0.75 0.0307292 0.0296296
0 0.553906 0.483333 0.0109375 0.0333333
0 0.510156 0.623148 0.0171875 0.0407407
0 0.572396 0.727315 0.0177083 0.0435185
0 0.434896 0.511574 0.0166667 0.037963
0 0.639844 0.619444 0.0046875 0.0166667
0 0.513542 0.674074 0.01875 0.037037
0 0.341927 0.673611 0.0140625 0.0175926
0 0.540365 0.549537 0.0130208 0.0305556
0 0.241146 0.68287 0.015625 0.0157407
0 0.528646 0.675926 0.0125 0.0444444
0 0.48099 0.516667 0.0171875 0.0555556
0 0.370833 0.608796 0.00625 0.0231481
0 0.479427 0.711111 0.0203125 0.0277778
0 0.354167 0.726389 0.01875 0.0231481
0 0.636458 0.75 0.00416667 0.0185185
0 0.124219 0.693519 0.0171875 0.0185185
0 0.52474 0.72037 0.0192708 0.0222222
0 0.576042 0.643981 0.0197917 0.0287037
0 0.56276 0.726389 0.0119792 0.0194444
0 0.292188 0.65787 0.0125 0.0305556
0 0.339844 0.66713 0.0119792 0.0583333
0 0.410156 0.534259 0.0130208 0.0518519
0 0.657031 0.765741 0.0140625 0.0203704
0 0.41224 0.594444 0.0276042 0.0240741
0 0.579167 0.548611 0.0229167 0.0231481
0 0.366927 0.488889 0.0119792 0.0425926
0 0.119792 0.693056 0.00729167 0.0212963
0 0.370573 0.659722 0.00572917 0.0138889
0 0.5125 0.645833 0.0166667 0.0175926
0 0.400521 0.504167 0.01875 0.0231481
0 0.386979 0.630556 0.0145833 0.0185185
0 0.588021 0.601852 0.021875 0.0277778
0 0.501823 0.599537 0.0182292 0.0398148
0 0.523698 0.713426 0.0119792 0.0453704
0 0.357812 0.712963 0.0177083 0.0240741
0 0.507812 0.727315 0.0354167 0.0342593
0 0.395052 0.667593 0.0140625 0.0148148
0 0.94401 0.981944 0.0151042 0.0361111
0 0.3625 0.658796 0.0145833 0.0212963
0 0.483854 0.569907 0.015625 0.025
0 0.508854 0.57037 0.021875 0.0203704
0 0.442708 0.511574 0.01875 0.0287037
0 0.567187 0.540741 0.015625 0.0203704
0 0.426823 0.627315 0.0140625 0.0435185
0 0.572656 0.606944 0.0171875 0.0287037
0 0.550781 0.741204 0.0130208 0.0268519
0 0.429167 0.571296 0.0177083 0.0185185
0 0.431771 0.533333 0.0145833 0.037037
0 0.410937 0.586574 0.0104167 0.0287037
0 0.384896 0.50463 0.015625 0.0407407
0 0.403385 0.572222 0.0161458 0.0148148
0 0.529167 0.534259 0.0114583 0.0166667
0 0.367708 0.711574 0.0239583 0.0435185
0 0.466927 0.733333 0.0130208 0.0240741
0 0.472917 0.496296 0.0166667 0.0481481
0 0.37526 0.60787 0.0130208 0.0175926
0 0.28099 0.675926 0.0192708 0.0388889
0 0.370313 0.548148 0.00833333 0.0203704
0 0.388281 0.533333 0.0182292 0.0185185
0 0.496354 0.661111 0.015625 0.0185185
0 0.564583 0.488889 0.0208333 0.0518519
0 0.546094 0.655556 0.0140625 0.0240741
0 0.465104 0.643519 0.0177083 0.0425926
0 0.558594 0.665741 0.0213542 0.0277778
0 0.373958 0.693056 0.0125 0.0268519
0 0.616406 0.763889 0.0192708 0.0166667
0 0.407031 0.52037 0.0119792 0.0333333
0 0.584635 0.726389 0.0192708 0.0472222
0 0.379167 0.498611 0.0166667 0.0212963
0 0.536979 0.63287 0.0114583 0.0157407
0 0.557813 0.661111 0.009375 0.0407407
0 0.608073 0.75787 0.0161458 0.0231481
0 0.382812 0.631481 0.0125 0.0259259
0 0.221094 0.681944 0.0192708 0.0194444
0 0.413281 0.658796 0.0171875 0.0212963
0 0.579427 0.763426 0.0109375 0.0212963
0 0.458594 0.601852 0.0161458 0.0240741
0 0.304427 0.675 0.0151042 0.0259259
0 0.369271 0.630556 0.00416667 0.0185185
0 0.121354 0.677315 0.01875 0.0305556
0 0.286458 0.666204 0.0114583 0.0212963
0 0.336719 0.557407 0.0161458 0.0148148
0 0.520312 0.668519 0.0114583 0.0648148
0 0.479948 0.624074 0.00885417 0.0148148
0 0.575 0.759259 0.025 0.0333333
0 0.3625 0.683333 0.00520833 0.0203704
0 0.417969 0.526389 0.0130208 0.0342593
0 0.467187 0.521759 0.015625 0.025
0 0.429167 0.639352 0.0135417 0.0157407
0 0.411198 0.573148 0.0203125 0.0425926
0 0.384375 0.480556 0.01875 0.062963
0 0.503385 0.727315 0.00989583 0.0157407
0 0.40651 0.549074 0.0171875 0.0462963
0 0.534115 0.638426 0.0119792 0.0194444
0 0.520833 0.674537 0.0114583 0.0194444
0 0.379948 0.726389 0.0161458 0.0324074
0 0.514583 0.49537 0.0197917 0.0462963
0 0.420312 0.718518 0.0145833 0.0166667
0 0.48724 0.639815 0.0223958 0.0203704
0 0.425521 0.6375 0.00729167 0.0138889
0 0.584896 0.496759 0.0208333 0.0509259
0 0.567187 0.674074 0.021875 0.0277778
0 0.574479 0.638426 0.0104167 0.0175926
0 0.507031 0.565741 0.0130208 0.0148148
0 0.38776 0.608333 0.00572917 0.0148148
0 0.44401 0.625463 0.00572917 0.0157407
0 0.229427 0.666204 0.0151042 0.037963
0 0.40651 0.495833 0.0244792 0.0398148
0 0.589583 0.756019 0.0135417 0.0546296
0 0.566146 0.750926 0.0177083 0.012963
0 0.433854 0.593056 0.0177083 0.025
0 0.489062 0.564815 0.0166667 0.05
0 0.2625 0.684259 0.015625 0.0259259
0 0.359375 0.710648 0.01875 0.0694444
0 0.321354 0.525 0.01875 0.0296296
0 0.440885 0.656018 0.00989583 0.0157407
0 0.441927 0.646759 0.0192708 0.0194444
0 0.679427 0.684722 0.0140625 0.0157407
0 0.627604 0.651389 0.0229167 0.0416667
0 0.533854 0.556481 0.0177083 0.0203704
0 0.511198 0.52037 0.0223958 0.0388889
0 0.59375 0.661111 0.0208333 0.0277778
0 0.395052 0.713426 0.0151042 0.0398148
0 0.43099 0.69537 0.0203125 0.0481481
0 0.421354 0.540741 0.0166667 0.0240741
0 0.350521 0.623148 0.009375 0.0222222
0 0.64974 0.66713 0.0151042 0.0212963
0 0.615365 0.668981 0.00364583 0.0101852
0 0.25026 0.688889 0.0171875 0.0185185
0 0.420833 0.644444 0.0145833 0.0259259
0 0.464063 0.489352 0.0177083 0.0453704
0 0.43724 0.609259 0.00260417 0.012963
0 0.494792 0.600926 0.0177083 0.0351852
0 0.38724 0.600463 0.0078125 0.0342593
0 0.38724 0.571759 0.0182292 0.0212963
0 0.397656 0.518519 0.0182292 0.0333333
0 0.490104 0.586574 0.01875 0.0305556
0 0.333073 0.667593 0.0161458 0.0296296
0 0.489323 0.507407 0.0161458 0.0388889
0 0.47526 0.592593 0.0109375 0.0333333
0 0.641146 0.661574 0.015625 0.0212963
0 0.358333 0.593982 0.0166667 0.0287037
0 0.624219 0.756019 0.0161458 0.0231481
0 0.359375 0.6875 0.0114583 0.0324074
0 0.379167 0.518519 0.0145833 0.0222222
0 0.264583 0.689815 0.0229167 0.0518519
0 0.554427 0.571759 0.0171875 0.0305556
0 0.408073 0.527778 0.0255208 0.0203704
0 0.232031 0.676389 0.00260417 0.0212963
0 0.539323 0.513426 0.0223958 0.0212963
0 0.4 0.719907 0.015625 0.025
0 0.566406 0.668056 0.0151042 0.0194444
0 0.49401 0.681019 0.0109375 0.0509259
0 0.56875 0.5125 0.0177083 0.0583333
0 0.434375 0.615741 0.0197917 0.0407407
0 0.460677 0.542593 0.0140625 0.0444444
0 0.590625 0.535648 0.00729167 0.0287037
0 0.591406 0.765741 0.0130208 0.0166667
0 0.58724 0.765278 0.00572917 0.0194444
0 0.384896 0.564352 0.0114583 0.0453704
0 0.441667 0.608796 0.00625 0.0231481
0 0.408333 0.675926 0.0114583 0.0185185
0 0.421615 0.454167 0.0234375 0.0453704
0 0.669792 0.743519 0.00833333 0.0185185
0 0.42526 0.705556 0.0192708 0.0222222
0 0.564583 0.525926 0.0166667 0.037037
0 0.591927 0.54213 0.0119792 0.0268519
0 0.444271 0.711574 0.015625 0.0416667
0 0.596615 0.764352 0.0223958 0.0361111
0 0.278906 0.70463 0.0130208 0.0240741
0 0.372917 0.697685 0.025 0.0361111
0 0.378646 0.690741 0.0125 0.0185185
0 0.258594 0.682407 0.00989583 0.0203704
0 0.508333 0.638426 0.0114583 0.037963
0 0.339323 0.535648 0.0234375 0.0509259
0 0.60651 0.646296 0.0140625 0.05
0 0.360156 0.525926 0.0213542 0.037037
0 0.538542 0.481944 0.021875 0.0527778
0 0.436979 0.654167 0.00416667 0.0157407
0 0.560156 0.503241 0.0161458 0.0453704
0 0.397917 0.5875 0.0125 0.0509259
0 0.538021 0.638889 0.0135417 0.0333333
0 0.371094 0.511111 0.00989583 0.0240741
0 0.408594 0.475463 0.0130208 0.025
0 0.346094 0.622222 0.00885417 0.0277778
0 0.371354 0.638426 0.009375 0.0231481
0 0.261458 0.675 0.0114583 0.0574074
0 0.329167 0.542593 0.0166667 0.0314815
0 0.670313 0.751389 0.0125 0.0194444
0 0.539844 0.606481 0.0192708 0.0277778
0 0.495573 0.580556 0.00989583 0.0185185
0 0.505729 0.631019 0.01875 0.0490741
0 0.43776 0.736574 0.00989583 0.0305556
0 0.545573 0.580093 0.0151042 0.0194444
0 0.316927 0.705556 0.0140625 0.0240741
0 0.633073 0.653704 0.0161458 0.0259259
0 0.364583 0.668981 0.021875 0.0361111
0 0.63724 0.756019 0.0161458 0.0268519
0 0.478125 0.668519 0.01875 0.0574074
0 0.560156 0.564815 0.0140625 0.05
0 0.50625 0.497222 0.01875 0.0462963
0 0.334896 0.511574 0.0239583 0.0527778
0 0.473958 0.675926 0.0104167 0.0537037
0 0.279167 0.682407 0.0114583 0.0314815
0 0.543229 0.533796 0.0197917 0.0435185
0 0.532292 0.602778 0.01875 0.0425926
0 0.416406 0.652315 0.00572917 0.0175926
0 0.31224 0.705556 0.0078125 0.0333333
0 0.436719 0.728241 0.00572917 0.0231481
0 0.56849 0.475463 0.0234375 0.0398148
0 0.572656 0.53287 0.0192708 0.0564815
0 0.330729 0.496759 0.0197917 0.0583333
0 0.559896 0.546759 0.015625 0.0398148
0 0.430729 0.496759 0.021875 0.0546296
0 0.446354 0.631481 0.0114583 0.0240741
0 0.497917 0.473148 0.01875 0.0481481
0 0.378646 0.721296 0.0114583 0.0611111
0 0.433333 0.733796 0.009375 0.025
0 0.644792 0.637963 0.0104167 0.0277778
0 0.373958 0.600926 0.0125 0.0666667
0 0.41901 0.586574 0.0192708 0.0509259
0 0.528646 0.573148 0.0114583 0.0314815
0 0.677865 0.676852 0.00677083 0.012963
0 0.23724 0.677315 0.0119792 0.0324074
0 0.574479 0.751852 0.0125 0.0166667
0 0.491406 0.676389 0.00677083 0.012037
0 0.535417 0.748148 0.0208333 0.0555556
0 0.515885 0.548611 0.0109375 0.0342593
0 0.623438 0.669907 0.00729167 0.0231481
0 0.432031 0.549537 0.0182292 0.0453704
0 0.447656 0.557407 0.0171875 0.05
0 0.496094 0.689815 0.0171875 0.0259259
0 0.372135 0.533333 0.0213542 0.05
0 0.585938 0.624537 0.021875 0.0472222
0 0.505469 0.464815 0.0234375 0.0555556
0 0.597656 0.734259 0.0213542 0.0444444
0 0.625521 0.676852 0.0166667 0.0351852
0 0.501562 0.55463 0.015625 0.0444444
0 0.543229 0.553704 0.0177083 0.0537037
0 0.394271 0.659259 0.0135417 0.0555556
0 0.390104 0.513426 0.0145833 0.0361111
0 0.385156 0.690741 0.0213542 0.0574074
0 0.417969 0.683333 0.0213542 0.05
0 0.430208 0.569444 0.0208333 0.0611111
0 0.427604 0.600926 0.0197917 0.0407407
0 0.460677 0.475926 0.0203125 0.0518519
0 0.380729 0.556019 0.0197917 0.0490741
0 0.421875 0.488889 0.0197917 0.0518519
0 0.53125 0.659722 0.0177083 0.0601852
0 0.642187 0.624074 0.009375 0.0222222
0 0.402344 0.643519 0.0192708 0.0574074
0 0.44375 0.672685 0.0197917 0.0564815
0 0.548698 0.543056 0.0203125 0.0527778
0 0.377865 0.473611 0.0223958 0.0472222
0 0.469271 0.568981 0.021875 0.0490741
0 0.485677 0.600463 0.0182292 0.0527778
0 0.45651 0.731944 0.0203125 0.062037
0 0.320312 0.517593 0.009375 0.0222222
0 0.56849 0.623148 0.0213542 0.0425926
0 0.477344 0.481019 0.0192708 0.0601852
0 0.585417 0.643981 0.0239583 0.0509259
0 0.519271 0.608796 0.0208333 0.0564815
0 0.393229 0.48287 0.0197917 0.0657407
0 0.616667 0.674537 0.009375 0.0212963
0 0.555729 0.610185 0.0208333 0.05
0 0.565625 0.64537 0.0229167 0.0555556
0 0.551562 0.48287 0.0260417 0.0490741
0 0.560677 0.518519 0.0203125 0.0555556
0 0.34401 0.690741 0.0234375 0.0462963
0 0.347656 0.514352 0.0244792 0.0638889
0 0.497917 0.518981 0.0197917 0.0509259
0 0.53099 0.496759 0.0213542 0.0490741
0 0.523438 0.630556 0.021875 0.0611111
0 0.45599 0.532407 0.0182292 0.062963
0 0.580729 0.755093 0.01875 0.0527778
0 0.514844 0.541204 0.0192708 0.0416667
0 0.452604 0.488889 0.0197917 0.0574074
0 0.55 0.734259 0.00833333 0.0277778
0 0.555469 0.631481 0.0223958 0.05
0 0.422656 0.518056 0.0192708 0.0583333
0 0.478646 0.615741 0.00729167 0.0537037
0 0.544271 0.615741 0.0208333 0.0425926
0 0.498437 0.539352 0.0197917 0.0509259
0 0.497917 0.622222 0.0208333 0.0555556
0 0.551302 0.593982 0.0213542 0.0546296
0 0.62474 0.580093 0.00572917 0.0287037
0 0.49349 0.497222 0.0203125 0.0555556
0 0.410156 0.511574 0.0213542 0.0527778
0 0.251302 0.666204 0.0213542 0.0601852
0 0.51849 0.466204 0.0223958 0.0583333
0 0.31849 0.668981 0.0213542 0.0694444
0 0.397396 0.534259 0.0197917 0.0574074
0 0.495052 0.721759 0.0213542 0.0490741
0 0.447396 0.472685 0.0197917 0.0564815
0 0.417448 0.46713 0.0213542 0.0564815
0 0.58099 0.534259 0.0203125 0.062963
0 0.358333 0.680093 0.00520833 0.0268519
0 0.439323 0.584722 0.0203125 0.0583333
0 0.363542 0.490278 0.0239583 0.0583333
0 0.101562 0.691204 0.025 0.0472222
0 0.584896 0.578704 0.0229167 0.0574074
0 0.59349 0.631944 0.0203125 0.0583333
0 0.448438 0.503704 0.0229167 0.0481481
0 0.456771 0.6 0.0197917 0.0555556
0 0.464844 0.733796 0.0223958 0.0509259
0 0.552083 0.519444 0.021875 0.0611111
0 0.484375 0.674537 0.01875 0.0657407
0 0.460938 0.691204 0.0177083 0.0472222
0 0.510938 0.57963 0.0177083 0.0611111
0 0.419271 0.609722 0.021875 0.0564815
0 0.921354 0.962037 0.0197917 0.0518519
0 0.477083 0.540741 0.01875 0.0685185
0 0.585156 0.600926 0.0244792 0.0555556
0 0.542969 0.505093 0.0213542 0.0509259
0 0.309635 0.53287 0.0244792 0.0472222
0 0.46901 0.658333 0.0234375 0.0574074
0 0.29349 0.659259 0.0203125 0.0666667
0 0.515365 0.69537 0.0223958 0.0425926
0 0.527083 0.533796 0.0239583 0.0490741
0 0.528125 0.615741 0.021875 0.0481481
0 0.36849 0.571759 0.0234375 0.0509259
0 0.35625 0.527315 0.0208333 0.0638889
0 0.610417 0.616667 0.0229167 0.0537037
0 0.44401 0.533796 0.0182292 0.0527778
0 0.46901 0.616667 0.0213542 0.0611111
0 0.580469 0.66713 0.0192708 0.0564815
0 0.41901 0.638889 0.0192708 0.0666667
0 0.397656 0.503704 0.0234375 0.0407407
0 0.398438 0.556481 0.0197917 0.0555556
0 0.219271 0.682407 0.0239583 0.0611111
0 0.431771 0.525926 0.0197917 0.062963
0 0.588802 0.519444 0.0223958 0.0574074
0 0.423177 0.703704 0.0244792 0.0481481
0 0.397917 0.697685 0.0197917 0.0546296
0 0.576823 0.548611 0.0223958 0.0564815
0 0.227604 0.666667 0.0229167 0.062963
0 0.485417 0.488889 0.0197917 0.0537037
0 0.588542 0.660648 0.0197917 0.0564815
0 0.410156 0.705093 0.0203125 0.0472222
0 0.569271 0.578704 0.0239583 0.0518519
0 0.351302 0.541667 0.0213542 0.0685185
0 0.547396 0.668056 0.0208333 0.0564815
0 0.461198 0.717593 0.0223958 0.0592593
0 0.53151 0.555093 0.0255208 0.0453704
0 0.473437 0.638426 0.0208333 0.0675926
0 0.367448 0.55 0.0213542 0.0518519
0 0.461198 0.623148 0.0223958 0.0592593
0 0.38125 0.631944 0.025 0.0509259
0 0.535937 0.599537 0.0197917 0.0675926
0 0.310937 0.668056 0.0229167 0.0546296
0 0.459896 0.659259 0.0177083 0.0740741
0 0.50651 0.675 0.0223958 0.0574074
0 0.50599 0.601389 0.0213542 0.0675926
0 0.453125 0.690741 0.0208333 0.0648148
0 0.527344 0.593982 0.0203125 0.0546296
0 0.364583 0.609259 0.0229167 0.0481481
0 0.510938 0.734259 0.0197917 0.062963
0 0.380729 0.496296 0.0229167 0.0666667
0 0.40651 0.673148 0.0244792 0.0555556
0 0.626823 0.672222 0.0255208 0.0685185
0 0.464583 0.518981 0.0229167 0.0509259
0 0.485156 0.534722 0.0182292 0.062037
0 0.277083 0.705093 0.0270833 0.037963
0 0.49349 0.659259 0.0213542 0.0555556
0 0.572917 0.668519 0.0166667 0.062963
0 0.564323 0.539815 0.0213542 0.0555556
0 0.50625 0.563889 0.0197917 0.062963
0 0.447396 0.577778 0.0197917 0.0648148
0 0.123177 0.672685 0.0255208 0.0787037
0 0.410677 0.593056 0.0223958 0.0509259
0 0.41901 0.541204 0.0213542 0.0472222
0 0.45651 0.555556 0.0182292 0.0574074
0 0.61901 0.638889 0.0223958 0.0685185
0 0.402344 0.571296 0.0213542 0.0555556
0 0.376823 0.578704 0.0223958 0.0611111
0 0.390365 0.713426 0.0192708 0.0601852
0 0.39401 0.668056 0.0234375 0.0527778
0 0.368229 0.660648 0.0229167 0.0731481
0 0.51875 0.734259 0.021875 0.0611111
0 0.435156 0.676389 0.0203125 0.0601852
0 0.423438 0.5625 0.0208333 0.0453704
0 0.453385 0.622685 0.0223958 0.0657407
0 0.440885 0.644444 0.0234375 0.0481481
0 0.601562 0.660185 0.0208333 0.0685185
0 0.572917 0.601852 0.025 0.0537037
0 0.314844 0.705556 0.0255208 0.0611111
0 0.498177 0.591667 0.0161458 0.0648148
0 0.414583 0.623148 0.0208333 0.0611111
0 0.603385 0.534722 0.0234375 0.0546296
0 0.509896 0.644444 0.0208333 0.0611111
0 0.401823 0.615278 0.0223958 0.062037
0 0.368229 0.637037 0.025 0.0481481
0 0.543229 0.680556 0.0208333 0.0574074
0 0.543229 0.651852 0.021875 0.0518519
0 0.448698 0.713889 0.0203125 0.0574074
0 0.486198 0.720833 0.0203125 0.0546296
0 0.589323 0.541667 0.0244792 0.05
0 0.605729 0.75787 0.0229167 0.062037
0 0.469271 0.703704 0.01875 0.0666667
0 0.642448 0.638426 0.0286458 0.0435185
0 0.376823 0.728704 0.0244792 0.0611111
0 0.48125 0.57037 0.0208333 0.0537037
0 0.56875 0.721759 0.021875 0.0694444
0 0.46849 0.541667 0.0203125 0.0666667
0 0.51901 0.644907 0.0213542 0.0675926
0 0.601823 0.625 0.0223958 0.0703704
0 0.535156 0.5125 0.0234375 0.0509259
0 0.339063 0.674537 0.0229167 0.0694444
0 0.460677 0.578241 0.0213542 0.0657407
0 0.405729 0.474537 0.021875 0.0675926
0 0.327604 0.543519 0.025 0.0537037
0 0.334896 0.558333 0.0239583 0.0666667
0 0.33151 0.667593 0.0234375 0.0685185
0 0.564323 0.608333 0.0213542 0.0666667
0 0.426823 0.675926 0.0213542 0.062963
0 0.664844 0.70463 0.0234375 0.0907407
0 0.285677 0.668056 0.0234375 0.0712963
0 0.384635 0.571759 0.0223958 0.0675926
0 0.377604 0.690278 0.0239583 0.0712963
0 0.414062 0.652778 0.0239583 0.0648148
0 0.53151 0.681944 0.0203125 0.0675926
0 0.351823 0.728241 0.0255208 0.062037
0 0.39375 0.622222 0.01875 0.0740741
0 0.526823 0.570833 0.0265625 0.0509259
0 0.39349 0.578241 0.0213542 0.0712963
0 0.302604 0.674074 0.0239583 0.0555556
0 0.518229 0.556481 0.021875 0.0592593
0 0.522917 0.719907 0.0239583 0.0564815
0 0.534896 0.6375 0.0239583 0.0546296
0 0.485938 0.637037 0.0229167 0.0574074
0 0.577083 0.722222 0.0239583 0.062963
0 0.519271 0.586111 0.021875 0.0685185
0 0.564583 0.749074 0.0260417 0.0537037
0 0.419271 0.721296 0.025 0.0592593
0 0.452344 0.654167 0.0234375 0.0712963
0 0.385417 0.53287 0.021875 0.0675926
0 0.551823 0.571759 0.0255208 0.0564815
0 0.48125 0.622685 0.0177083 0.0675926
0 0.434896 0.653241 0.0239583 0.0694444
0 0.559896 0.727315 0.0229167 0.0712963
0 0.347135 0.622685 0.0234375 0.0675926
0 0.356771 0.645833 0.0239583 0.062037
0 0.385677 0.609722 0.0234375 0.0583333
0 0.376823 0.519444 0.0234375 0.0611111
0 0.615104 0.764815 0.025 0.062963
0 0.573438 0.637963 0.021875 0.0666667
0 0.276563 0.682407 0.0270833 0.0666667
0 0.623177 0.75787 0.0255208 0.0601852
0 0.247396 0.690278 0.0239583 0.0657407
0 0.473177 0.681944 0.0213542 0.0675926
0 0.477083 0.711111 0.0197917 0.0703704
0 0.656771 0.765741 0.021875 0.0481481
0 0.473437 0.593982 0.021875 0.0731481
0 0.35651 0.593056 0.0244792 0.0601852
0 0.536198 0.719907 0.0203125 0.062037
0 0.493229 0.577778 0.0229167 0.0666667
0 0.639323 0.622222 0.0265625 0.0481481
0 0.36875 0.511574 0.0229167 0.0583333
0 0.432552 0.593982 0.0234375 0.0601852
0 0.556771 0.662037 0.025 0.0648148
0 0.647917 0.668981 0.025 0.0638889
0 0.565104 0.668519 0.021875 0.0722222
0 0.519531 0.675463 0.0244792 0.0675926
0 0.373177 0.608333 0.0234375 0.0703704
0 0.25599 0.683333 0.0255208 0.0648148
0 0.406771 0.527315 0.0239583 0.0638889
0 0.502865 0.727315 0.0234375 0.0601852
0 0.44401 0.629167 0.0234375 0.0601852
0 0.677083 0.676389 0.025 0.0601852
0 0.427083 0.637037 0.021875 0.0722222
0 0.589323 0.764815 0.0255208 0.0666667
0 0.54401 0.579167 0.0244792 0.075
0 0.438802 0.60787 0.0244792 0.0694444
0 0.640104 0.661574 0.0239583 0.0675926
0 0.397917 0.72037 0.025 0.0555556
0 0.66875 0.749537 0.025 0.0527778
0 0.634896 0.75787 0.0260417 0.0527778
0 0.31849 0.521759 0.0265625 0.062037
0 0.49375 0.689352 0.0239583 0.0638889
0 0.435417 0.733796 0.0260417 0.0601852
0 0.631771 0.65463 0.0260417 0.0685185
0 0.236198 0.676389 0.0213542 0.0694444
0 0.614844 0.675463 0.0276042 0.0601852
0 0.573177 0.751389 0.0276042 0.0768519
0 0.548177 0.734722 0.0265625 0.0657407
0 0.35599 0.683796 0.0265625 0.0694444
0 0.622917 0.57963 0.0270833 0.0574074
