0 0.441013 0.184868 0.0329142 0.0184211
0 0.471709 0.333553 0.0173817 0.0171053
0 0.550296 0.517763 0.0118343 0.0197368
0 0.576923 0.488816 0.0177515 0.0315789
0 0.567123 0.497368 0.0114645 0.00921053
0 0.477441 0.295724 0.0170118 0.0230263
0 0.554549 0.324671 0.00776627 0.00986842
0 0.563425 0.571053 0.00924556 0.0144737
0 0.449149 0.223355 0.0432692 0.0125
0 0.496672 0.274342 0.0147929 0.0157895
0 0.497781 0.460855 0.0473373 0.0506579
0 0.536243 0.903289 0.0110947 0.0342105
0 0.53051 0.330592 0.00998521 0.0111842
0 0.570821 0.714474 0.0151627 0.00921053
0 0.553439 0.779276 0.0417899 0.0335526
0 0.566568 0.725658 0.00813609 0.00657895
0 0.525518 0.394737 0.0170118 0.0144737
0 0.52145 0.55 0.0155325 0.0197368
0 0.579697 0.620724 0.0255178 0.00855263
0 0.534948 0.284868 0.00776627 0.00921053
0 0.572115 0.346711 0.00813609 0.0105263
0 0.529216 0.339474 0.00739645 0.0105263
0 0.558987 0.517434 0.00998521 0.0151316
0 0.472263 0.314145 0.00887574 0.0230263
0 0.554549 0.425 0.00628698 0.0105263
0 0.588573 0.436184 0.00628698 0.0131579
0 0.586538 0.518421 0.0110947 0.0289474
0 0.496487 0.2375 0.00776627 0.0118421
0 0.491864 0.398355 0.00887574 0.0164474
0 0.519231 0.618092 0.022929 0.0203947
0 0.491864 0.271382 0.0066568 0.0138158
0 0.479475 0.293421 0.00628698 0.0157895
0 0.567123 0.306908 0.0210799 0.0164474
0 0.540126 0.255592 0.0173817 0.0217105
0 0.53088 0.236513 0.0196006 0.0401316
0 0.597263 0.612829 0.0155325 0.0151316
0 0.590237 0.517105 0.0362426 0.0210526
0 0.56324 0.733224 0.010355 0.00592105
0 0.578217 0.667105 0.0122041 0.0236842
0 0.409763 0.191447 0.00591716 0.0210526
0 0.434541 0.168092 0.00517751 0.0190789
0 0.45747 0.321382 0.00887574 0.0269737
0 0.441013 0.192434 0.0329142 0.0151316
0 0.467456 0.160197 0.00369822 0.00986842
0 0.553994 0.645395 0.00813609 0.00789474
0 0.571561 0.697368 0.00924556 0.0105263
0 0.485022 0.235855 0.00776627 0.0190789
0 0.488166 0.207566 0.0214497 0.0282895
0 0.574889 0.523355 0.0129438 0.0217105
0 0.524408 0.50625 0.00961538 0.0453947
0 0.508691 0.447368 0.0144231 0.0105263
0 0.476701 0.211184 0.010355 0.0171053
0 0.487796 0.399013 0.00887574 0.0138158
0 0.525703 0.433553 0.00554734 0.0236842
0 0.566938 0.517763 0.0406805 0.0171053
0 0.575629 0.435526 0.00776627 0.0144737
0 0.575444 0.517105 0.010355 0.0144737
0 0.551405 0.732895 0.00961538 0.00789474
0 0.484283 0.180592 0.0181213 0.0164474
0 0.561021 0.468421 0.0199704 0.0276316
0 0.566753 0.439145 0.0329142 0.0309211
0 0.784578 0.7375 0.0203402 0.0657895
0 0.542345 0.697697 0.00924556 0.0111842
0 0.598003 0.503289 0.0133136 0.0342105
0 0.545673 0.585197 0.00628698 0.0125
0 0.491864 0.205592 0.00517751 0.00855263
0 0.595784 0.481579 0.0325444 0.0263158
0 0.529216 0.365461 0.00591716 0.0269737
0 0.451553 0.207566 0.0480769 0.0493421
0 0.509246 0.229276 0.00887574 0.00986842
0 0.460799 0.207566 0.0118343 0.0190789
0 0.558987 0.326645 0.00776627 0.0125
0 0.513499 0.375329 0.00776627 0.0467105
0 0.556213 0.372039 0.0140533 0.0309211
0 0.484837 0.404605 0.00961538 0.0171053
0 0.488166 0.362171 0.00961538 0.0217105
0 0.463203 0.354605 0.00628698 0.0105263
0 0.575444 0.442105 0.00739645 0.0131579
0 0.4473 0.197039 0.00554734 0.00855263
0 0.459135 0.25 0.00850592 0.0118421
0 0.492049 0.405592 0.00776627 0.0177632
0 0.523484 0.572039 0.0114645 0.0322368
0 0.427885 0.313158 0.00961538 0.0276316
0 0.492234 0.285526 0.00961538 0.0144737
0 0.52108 0.426974 0.00961538 0.0105263
0 0.558987 0.505921 0.0151627 0.00789474
0 0.506842 0.232237 0.0181213 0.0276316
0 0.552885 0.795066 0.0221893 0.0440789
0 0.46912 0.320724 0.0136834 0.00855263
0 0.518121 0.265461 0.00517751 0.00855263
0 0.563609 0.711842 0.00739645 0.00526316
0 0.500555 0.229605 0.00850592 0.0171053
0 0.589682 0.5125 0.0114645 0.0368421
0 0.550851 0.372039 0.0188609 0.0217105
0 0.560096 0.585197 0.0203402 0.0243421
0 0.524778 0.602303 0.012574 0.00460526
0 0.534209 0.554605 0.0403107 0.0315789
0 0.575999 0.683882 0.00850592 0.00592105
0 0.496487 0.288487 0.0403107 0.0322368
0 0.566938 0.355921 0.0066568 0.0171053
0 0.570451 0.543421 0.0240385 0.0184211
0 0.599852 0.399342 0.0392012 0.0276316
0 0.563609 0.269737 0.0147929 0.0210526
0 0.58358 0.339474 0.00443787 0.0105263
0 0.474852 0.189803 0.00517751 0.0164474
0 0.548632 0.332895 0.00998521 0.0368421
0 0.471709 0.1625 0.00480769 0.0131579
0 0.562685 0.647697 0.0196006 0.00723684
0 0.467641 0.196053 0.00702663 0.0197368
0 0.578772 0.453947 0.0273669 0.0157895
0 0.52108 0.525 0.0066568 0.0118421
0 0.546967 0.61875 0.0155325 0.0138158
0 0.460429 0.178289 0.00739645 0.0210526
0 0.575259 0.524342 0.00702663 0.0171053
0 0.485577 0.266447 0.0133136 0.0302632
0 0.558802 0.673355 0.0118343 0.00855263
0 0.508506 0.326316 0.0207101 0.0118421
0 0.578587 0.513158 0.0262574 0.0118421
0 0.50074 0.265461 0.00369822 0.0138158
0 0.610577 0.607895 0.012574 0.0342105
0 0.579697 0.426974 0.0329142 0.0223684
0 0.473003 0.291447 0.0147929 0.0236842
0 0.484467 0.229934 0.00739645 0.00986842
0 0.512574 0.506908 0.0118343 0.0164474
0 0.531435 0.585526 0.0162722 0.0434211
0 0.577848 0.674671 0.0210799 0.0296053
0 0.547337 0.386184 0.0147929 0.0263158
0 0.542345 0.712829 0.00628698 0.0125
0 0.554179 0.784868 0.00776627 0.0131579
0 0.554179 0.349342 0.0299556 0.0276316
0 0.56324 0.347697 0.00961538 0.00723684
0 0.487796 0.310197 0.00887574 0.0164474
0 0.48909 0.404276 0.0122041 0.0125
0 0.501479 0.505263 0.0170118 0.0342105
0 0.53199 0.528618 0.0196006 0.0138158
0 0.494453 0.372039 0.0214497 0.0348684
0 0.513868 0.534211 0.0129438 0.0197368
0 0.450259 0.227632 0.00776627 0.0118421
0 0.533284 0.474342 0.0162722 0.0105263
0 0.497226 0.229605 0.00998521 0.00921053
0 0.607064 0.629276 0.0210799 0.0546053
0 0.541235 0.587829 0.016642 0.0177632
0 0.577848 0.417763 0.0144231 0.0355263
0 0.460429 0.221053 0.0118343 0.0236842
0 0.594675 0.381908 0.0155325 0.0243421
0 0.545858 0.302632 0.0325444 0.025
0 0.446561 0.174342 0.0033284 0.0223684
0 0.470414 0.167105 0.00591716 0.00657895
0 0.569527 0.491776 0.010355 0.0282895
0 0.5625 0.385197 0.0192308 0.0230263
0 0.527922 0.336842 0.0144231 0.0236842
0 0.495377 0.484211 0.0114645 0.0289474
0 0.496302 0.264803 0.00961538 0.00855263
0 0.492788 0.242763 0.00998521 0.00921053
0 0.537352 0.336184 0.0177515 0.0144737
0 0.455806 0.216118 0.0122041 0.0296053
0 0.50037 0.405263 0.00813609 0.0223684
0 0.537167 0.567763 0.00480769 0.0171053
0 0.475407 0.176316 0.00776627 0.0105263
0 0.438425 0.213487 0.00850592 0.0203947
0 0.580991 0.661842 0.0147929 0.0276316
0 0.518861 0.288487 0.0147929 0.0388158
0 0.57193 0.205263 0.0462278 0.0947368
0 0.467271 0.215132 0.00702663 0.0184211
0 0.471524 0.325658 0.00961538 0.0144737
0 0.553994 0.270724 0.00295858 0.0125
0 0.563979 0.436513 0.0133136 0.0401316
0 0.56287 0.608882 0.022929 0.0151316
0 0.516827 0.391118 0.00702663 0.0177632
0 0.471339 0.340461 0.0210799 0.0138158
0 0.545488 0.562171 0.00813609 0.0151316
0 0.538831 0.56875 0.0414201 0.0375
0 0.432138 0.165789 0.00924556 0.0289474
0 0.431213 0.186842 0.012574 0.0447368
0 0.492788 0.227961 0.00850592 0.0125
0 0.595969 0.548026 0.00776627 0.0144737
0 0.554364 0.264145 0.00443787 0.0151316
0 0.551775 0.295724 0.0133136 0.0296053
0 0.520895 0.433224 0.00776627 0.0111842
0 0.546413 0.689803 0.0255178 0.0177632
0 0.543084 0.576974 0.00776627 0.0368421
0 0.452848 0.193421 0.00702663 0.0328947
0 0.54142 0.370395 0.0133136 0.0263158
0 0.55307 0.471053 0.0107249 0.0157895
0 0.525703 0.279934 0.00554734 0.0111842
0 0.572115 0.644737 0.0110947 0.00789474
0 0.575259 0.347697 0.00628698 0.0177632
0 0.52182 0.499671 0.0155325 0.0217105
0 0.533654 0.402303 0.0118343 0.0111842
0 0.445821 0.172039 0.0173817 0.0125
0 0.58358 0.415132 0.0214497 0.0276316
0 0.466346 0.196711 0.0436391 0.0223684
0 0.434357 0.173355 0.016642 0.0348684
0 0.557877 0.774342 0.0144231 0.0118421
0 0.596154 0.499671 0.0310651 0.0190789
0 0.528846 0.563816 0.0244083 0.0131579
0 0.583025 0.383224 0.00554734 0.0190789
0 0.569896 0.468092 0.0192308 0.0190789
0 0.49926 0.223026 0.0170118 0.0144737
0 0.56287 0.712171 0.0110947 0.0427632
0 0.496117 0.250987 0.0136834 0.00986842
0 0.776442 0.713487 0.016642 0.0164474
0 0.537167 0.281579 0.0277367 0.025
0 0.571376 0.682895 0.010355 0.0105263
0 0.529216 0.425987 0.0221893 0.0322368
0 0.500555 0.285526 0.00480769 0.0184211
0 0.596524 0.533224 0.0214497 0.0322368
0 0.420488 0.189474 0.0251479 0.0118421
0 0.589497 0.482566 0.0170118 0.0375
0 0.516827 0.421382 0.0225592 0.0151316
0 0.451553 0.146053 0.0066568 0.0157895
0 0.51997 0.236513 0.0170118 0.0388158
0 0.466531 0.13125 0.0247781 0.0111842
0 0.497041 0.310526 0.00813609 0.0171053
0 0.496487 0.286184 0.00554734 0.0105263
0 0.614275 0.468092 0.0110947 0.0269737
0 0.528661 0.542105 0.0114645 0.0131579
0 0.60466 0.557895 0.0406805 0.0276316
0 0.54068 0.938816 0.0288462 0.0328947
0 0.580436 0.358224 0.0107249 0.0125
0 0.489645 0.224671 0.012574 0.0309211
0 0.479845 0.212171 0.00702663 0.0164474
0 0.570081 0.384539 0.0218195 0.0388158
0 0.50074 0.310526 0.00813609 0.0197368
0 0.56287 0.353618 0.00887574 0.0125
0 0.491679 0.492763 0.00998521 0.0144737
0 0.562685 0.739474 0.00776627 0.00789474
0 0.504438 0.354934 0.0377219 0.0151316
0 0.535503 0.388487 0.0155325 0.0177632
0 0.521635 0.246711 0.0129438 0.0197368
0 0.57378 0.450987 0.0114645 0.0111842
0 0.463388 0.2125 0.00739645 0.0157895
0 0.52108 0.379934 0.0170118 0.0138158
0 0.514978 0.474342 0.0181213 0.0223684
0 0.504438 0.311184 0.0273669 0.0171053
0 0.496487 0.244737 0.00998521 0.0144737
0 0.530141 0.608224 0.0218195 0.0269737
0 0.445636 0.167434 0.0066568 0.0282895
0 0.514608 0.565461 0.00924556 0.0125
0 0.463203 0.173026 0.016642 0.0184211
0 0.538092 0.364803 0.0184911 0.0111842
0 0.455251 0.146711 0.00517751 0.0184211
0 0.537722 0.278947 0.00443787 0.0210526
0 0.492234 0.362829 0.0266272 0.0138158
0 0.503698 0.388158 0.0110947 0.0118421
0 0.512019 0.453618 0.0173817 0.0138158
0 0.443787 0.192763 0.0110947 0.0315789
0 0.503143 0.483224 0.0107249 0.0177632
0 0.529401 0.551316 0.00924556 0.025
0 0.563055 0.634211 0.0107249 0.00657895
0 0.555658 0.302961 0.0107249 0.0256579
0 0.592271 0.385855 0.00628698 0.0230263
0 0.509246 0.325987 0.00961538 0.0203947
0 0.502774 0.673684 0.016642 0.0328947
0 0.508691 0.279934 0.00554734 0.0151316
0 0.556953 0.765789 0.0133136 0.0184211
0 0.558987 0.491776 0.00628698 0.0243421
0 0.536982 0.560855 0.0066568 0.0203947
0 0.605769 0.453289 0.0177515 0.0421053
0 0.554364 0.613816 0.00739645 0.0157895
0 0.555288 0.735197 0.00776627 0.0138158
0 0.541235 0.385197 0.0114645 0.0322368
0 0.474852 0.196711 0.00443787 0.0131579
0 0.564904 0.499013 0.0151627 0.0361842
0 0.550481 0.699671 0.0159024 0.0164474
0 0.578957 0.4625 0.0122041 0.00921053
0 0.5625 0.656908 0.0236686 0.00986842
0 0.50074 0.329276 0.0147929 0.0138158
0 0.515717 0.341118 0.0144231 0.0335526
0 0.595414 0.518092 0.010355 0.00723684
0 0.412722 0.194737 0.0244083 0.0144737
0 0.475407 0.317434 0.00628698 0.0138158
0 0.583765 0.590132 0.0203402 0.00657895
0 0.621672 0.480263 0.0147929 0.0171053
0 0.529031 0.597368 0.0225592 0.0315789
0 0.563979 0.784211 0.0177515 0.0421053
0 0.566753 0.679276 0.0210799 0.00460526
0 0.460244 0.312171 0.016642 0.0322368
0 0.471524 0.2 0.0221893 0.0223684
0 0.454142 0.168092 0.00443787 0.0177632
0 0.562315 0.663816 0.0299556 0.00921053
0 0.471893 0.195395 0.00813609 0.0118421
0 0.531065 0.554605 0.0170118 0.0210526
0 0.49926 0.437829 0.0162722 0.0322368
0 0.536797 0.598684 0.0255178 0.0157895
0 0.465052 0.332237 0.00998521 0.0368421
0 0.553254 0.518421 0.0288462 0.0171053
0 0.541975 0.637829 0.039571 0.0282895
0 0.470784 0.148026 0.0170118 0.0171053
0 0.560836 0.669408 0.0232988 0.0177632
0 0.430843 0.260526 0.0162722 0.0407895
0 0.535873 0.485197 0.0244083 0.0177632
0 0.529216 0.630592 0.0147929 0.0217105
0 0.462463 0.426974 0.0262574 0.0171053
0 0.460244 0.358224 0.0129438 0.0388158
0 0.557692 0.377961 0.0221893 0.0125
0 0.467086 0.274671 0.0140533 0.0164474
0 0.462463 0.31875 0.00998521 0.0269737
0 0.434541 0.302632 0.0140533 0.0434211
0 0.537907 0.550987 0.0181213 0.00986842
0 0.544009 0.425329 0.00221893 0.0151316
0 0.471709 0.550658 0.0144231 0.0447368
0 0.568972 0.560855 0.0151627 0.0138158
0 0.512574 0.426645 0.00887574 0.0138158
0 0.548447 0.756908 0.022929 0.0177632
0 0.55307 0.78125 0.0173817 0.0177632
0 0.450629 0.231579 0.0255178 0.00657895
0 0.555288 0.289803 0.0129438 0.0467105
0 0.574334 0.613158 0.0236686 0.0171053
0 0.562685 0.266447 0.0151627 0.0460526
0 0.55307 0.661184 0.0188609 0.0460526
0 0.47929 0.573026 0.0184911 0.0276316
0 0.517197 0.432566 0.00776627 0.0125
0 0.570821 0.392763 0.00924556 0.025
0 0.586169 0.534539 0.0110947 0.0296053
0 0.443602 0.181579 0.016642 0.0236842
0 0.526073 0.407566 0.00998521 0.0453947
0 0.487981 0.229934 0.00850592 0.0151316
0 0.553994 0.267105 0.0244083 0.0289474
0 0.559726 0.401974 0.0262574 0.0210526
0 0.510725 0.378618 0.0207101 0.0322368
0 0.574519 0.440789 0.0144231 0.0276316
0 0.454697 0.224342 0.0136834 0.0105263
0 0.520155 0.5625 0.0151627 0.0157895
0 0.553994 0.632237 0.0066568 0.0184211
0 0.558432 0.796711 0.0251479 0.0197368
0 0.467086 0.1875 0.00961538 0.0131579
0 0.537537 0.286184 0.00480769 0.0157895
0 0.532175 0.9125 0.0162722 0.0302632
0 0.50037 0.211842 0.010355 0.0144737
0 0.528661 0.273355 0.00998521 0.0269737
0 0.480215 0.267434 0.0136834 0.0230263
0 0.467825 0.295395 0.0133136 0.0315789
0 0.562685 0.548026 0.0299556 0.0263158
0 0.429364 0.202961 0.0147929 0.0125
0 0.437685 0.221382 0.0210799 0.0203947
0 0.5 0.528947 0.010355 0.0197368
0 0.528107 0.254934 0.00739645 0.0256579
0 0.55307 0.647368 0.00998521 0.0210526
0 0.424926 0.202961 0.0207101 0.0203947
0 0.476331 0.366776 0.00961538 0.00855263
0 0.487611 0.299342 0.00702663 0.0171053
0 0.466161 0.420066 0.026997 0.0151316
0 0.597448 0.624013 0.0151627 0.0309211
0 0.57378 0.640132 0.0188609 0.0105263
0 0.482988 0.289145 0.00591716 0.0217105
0 0.461538 0.290132 0.0192308 0.025
0 0.534393 0.415132 0.0170118 0.0157895
0 0.557877 0.600658 0.0284763 0.0144737
0 0.529401 0.344408 0.00702663 0.0230263
0 0.509985 0.492434 0.00813609 0.0269737
0 0.532729 0.447368 0.0203402 0.0276316
0 0.567677 0.3625 0.010355 0.0157895
0 0.436021 0.186842 0.0155325 0.0355263
0 0.470784 0.238816 0.0170118 0.0184211
0 0.565643 0.460197 0.016642 0.0203947
0 0.537907 0.255921 0.0196006 0.0105263
0 0.505362 0.392105 0.00554734 0.0394737
0 0.507766 0.488816 0.0184911 0.0210526
0 0.502774 0.458224 0.0122041 0.0269737
0 0.519786 0.335197 0.00924556 0.0138158
0 0.429549 0.240461 0.0284763 0.0190789
0 0.47818 0.251974 0.0162722 0.0342105
0 0.44767 0.209868 0.0218195 0.0236842
0 0.503328 0.567105 0.012574 0.0342105
0 0.499445 0.304276 0.0225592 0.0203947
0 0.60429 0.547697 0.012574 0.0414474
0 0.515902 0.427632 0.00813609 0.0171053
0 0.516642 0.231579 0.0184911 0.0171053
0 0.578957 0.50625 0.0129438 0.0138158
0 0.574889 0.349013 0.0218195 0.0177632
0 0.49963 0.2 0.0140533 0.0184211
0 0.578587 0.582237 0.0129438 0.0144737
0 0.474852 0.157566 0.0192308 0.0138158
0 0.496302 0.421053 0.0177515 0.0197368
0 0.47855 0.171053 0.0140533 0.0263158
0 0.450074 0.197039 0.00443787 0.0217105
0 0.556583 0.780263 0.0162722 0.0355263
0 0.557138 0.401974 0.00480769 0.0302632
0 0.470784 0.527961 0.00813609 0.0348684
0 0.493343 0.609539 0.0192308 0.0190789
0 0.491309 0.267763 0.0122041 0.0223684
0 0.48909 0.186184 0.0218195 0.0618421
0 0.581546 0.536842 0.0151627 0.0210526
0 0.475777 0.183882 0.016642 0.0243421
0 0.566938 0.334211 0.0199704 0.0223684
0 0.470784 0.265789 0.0170118 0.0157895
0 0.509061 0.420724 0.0181213 0.0348684
0 0.557323 0.557237 0.012574 0.0131579
0 0.57341 0.495724 0.0151627 0.0296053
0 0.539016 0.935855 0.016642 0.0546053
0 0.499445 0.446053 0.00998521 0.0223684
0 0.554734 0.561842 0.010355 0.0197368
0 0.587278 0.338487 0.00443787 0.0138158
0 0.471524 0.356908 0.0177515 0.0217105
0 0.541975 0.535526 0.0136834 0.00921053
0 0.539201 0.415789 0.0221893 0.0236842
0 0.546043 0.408553 0.0144231 0.0157895
0 0.549741 0.468421 0.00924556 0.0171053
0 0.550296 0.525658 0.0207101 0.0144737
0 0.479845 0.15 0.0277367 0.0342105
0 0.536058 0.373684 0.0173817 0.0328947
0 0.545488 0.564145 0.00517751 0.0282895
0 0.512944 0.211842 0.0177515 0.0223684
0 0.498891 0.281579 0.0244083 0.0157895
0 0.557507 0.433882 0.00998521 0.0282895
0 0.452478 0.145395 0.0262574 0.0144737
0 0.557323 0.485526 0.0147929 0.0302632
0 0.576553 0.430921 0.0147929 0.0276316
0 0.54142 0.700329 0.0140533 0.00855263
0 0.49963 0.398684 0.0184911 0.0223684
0 0.470969 0.231579 0.00998521 0.0184211
0 0.455067 0.230263 0.0203402 0.0118421
0 0.556953 0.680263 0.0244083 0.0118421
0 0.566938 0.434211 0.0110947 0.0171053
0 0.591531 0.506908 0.0173817 0.0164474
0 0.507396 0.482237 0.0140533 0.0105263
0 0.517567 0.267105 0.00406805 0.025
0 0.485577 0.24375 0.0214497 0.0598684
0 0.58284 0.336842 0.00813609 0.0223684
0 0.566938 0.579605 0.0325444 0.0355263
0 0.470969 0.310526 0.0159024 0.0144737
0 0.463942 0.295066 0.0129438 0.0177632
0 0.574889 0.459868 0.00776627 0.00921053
0 0.497596 0.475329 0.0203402 0.0309211
0 0.494083 0.290461 0.0192308 0.0217105
0 0.595229 0.399013 0.0107249 0.0190789
0 0.586538 0.431579 0.0140533 0.0355263
0 0.583765 0.365132 0.00554734 0.025
0 0.483728 0.356579 0.0184911 0.0157895
0 0.496302 0.490132 0.022929 0.0184211
0 0.60318 0.634211 0.0258876 0.0144737
0 0.449334 0.226316 0.0110947 0.0355263
0 0.574149 0.365789 0.0114645 0.0171053
0 0.536243 0.572039 0.0236686 0.0269737
0 0.56213 0.293421 0.0207101 0.0131579
0 0.527367 0.5125 0.0184911 0.0236842
0 0.579142 0.425 0.0162722 0.0157895
0 0.480584 0.196711 0.0136834 0.05
0 0.428994 0.231579 0.0147929 0.0184211
0 0.45821 0.328289 0.0066568 0.0171053
0 0.545488 0.644079 0.0177515 0.0131579
0 0.537537 0.614474 0.00776627 0.0210526
0 0.575444 0.696382 0.0170118 0.0348684
0 0.541975 0.662829 0.0151627 0.0111842
0 0.59412 0.468092 0.0218195 0.0322368
0 0.491494 0.327632 0.010355 0.0328947
0 0.557877 0.449013 0.0203402 0.0164474
0 0.470599 0.304605 0.0159024 0.0171053
0 0.550111 0.43125 0.00924556 0.0243421
0 0.411797 0.189474 0.0210799 0.0105263
0 0.536797 0.407895 0.0122041 0.0223684
0 0.461354 0.244079 0.00702663 0.0144737
0 0.456361 0.176645 0.0236686 0.0256579
0 0.483358 0.250987 0.0133136 0.0177632
0 0.518306 0.58125 0.0144231 0.0322368
0 0.523299 0.3125 0.0155325 0.0184211
0 0.477071 0.208882 0.0162722 0.0282895
0 0.575074 0.567434 0.0199704 0.0177632
0 0.492049 0.384539 0.0203402 0.0164474
0 0.537537 0.445066 0.00702663 0.0190789
0 0.464312 0.243421 0.0173817 0.0421053
0 0.553809 0.554934 0.00702663 0.0164474
0 0.556213 0.625329 0.0162722 0.0269737
0 0.555104 0.275987 0.010355 0.0322368
0 0.47966 0.373684 0.0118343 0.0223684
0 0.591346 0.430263 0.0221893 0.0144737
0 0.504068 0.531908 0.012574 0.0427632
0 0.527737 0.564474 0.0170118 0.0289474
0 0.533839 0.260197 0.0173817 0.0282895
0 0.545488 0.707237 0.0110947 0.0289474
0 0.454882 0.222697 0.0192308 0.0256579
0 0.48946 0.289474 0.0159024 0.0394737
0 0.504623 0.549013 0.0114645 0.0125
0 0.52071 0.371711 0.00739645 0.0131579
0 0.441383 0.215461 0.0232988 0.0203947
0 0.541975 0.467105 0.0196006 0.0210526
0 0.537537 0.393092 0.00406805 0.00986842
0 0.49963 0.189145 0.0118343 0.0164474
0 0.553809 0.735526 0.0247781 0.0171053
0 0.54068 0.485855 0.0140533 0.0125
0 0.491124 0.401645 0.0347633 0.0296053
0 0.529586 0.480921 0.0118343 0.0157895
0 0.532175 0.622368 0.0118343 0.0236842
0 0.578587 0.520395 0.00776627 0.0105263
0 0.5625 0.790132 0.0221893 0.0184211
0 0.567493 0.4 0.0181213 0.0263158
0 0.54105 0.349342 0.00443787 0.0223684
0 0.493343 0.431579 0.0207101 0.0289474
0 0.512204 0.274671 0.0118343 0.0125
0 0.510355 0.453618 0.0214497 0.0282895
0 0.507766 0.532237 0.012574 0.0328947
0 0.284578 0.192434 0.0240385 0.0190789
0 0.545673 0.580921 0.0107249 0.0131579
0 0.454882 0.170724 0.00517751 0.0453947
0 0.516272 0.223355 0.0162722 0.0217105
0 0.525518 0.584539 0.0162722 0.0269737
0 0.512389 0.433553 0.0159024 0.0342105
0 0.495377 0.400329 0.0122041 0.0151316
0 0.551036 0.347039 0.0110947 0.0322368
0 0.570636 0.477303 0.0199704 0.0190789
0 0.525518 0.467763 0.0155325 0.0171053
0 0.524593 0.460526 0.00998521 0.0184211
0 0.595599 0.447697 0.0151627 0.0111842
0 0.533469 0.428947 0.00702663 0.0184211
0 0.503883 0.538487 0.0129438 0.0190789
0 0.491864 0.309868 0.0177515 0.0197368
0 0.549371 0.364474 0.0122041 0.0197368
0 0.515163 0.394737 0.0207101 0.0328947
0 0.474482 0.191447 0.0236686 0.0223684
0 0.558802 0.562171 0.0170118 0.0256579
0 0.486686 0.395395 0.0133136 0.0276316
0 0.496487 0.405263 0.0203402 0.0210526
0 0.503883 0.469408 0.00776627 0.0164474
0 0.497781 0.421382 0.0170118 0.0427632
0 0.448595 0.163487 0.00813609 0.0440789
0 0.546043 0.274342 0.00776627 0.0263158
0 0.574519 0.392763 0.00924556 0.0197368
0 0.524963 0.540132 0.0210799 0.0184211
0 0.483728 0.236513 0.0236686 0.0256579
0 0.528291 0.473684 0.0107249 0.0210526
0 0.500555 0.289803 0.0255178 0.0138158
0 0.570821 0.74375 0.0122041 0.0190789
0 0.549371 0.751974 0.0129438 0.0131579
0 0.491679 0.229934 0.0306953 0.0190789
0 0.531805 0.357895 0.00591716 0.0210526
0 0.463572 0.19375 0.0129438 0.0243421
0 0.550111 0.568092 0.0181213 0.0203947
0 0.549741 0.265461 0.00184911 0.0203947
0 0.459874 0.332895 0.0188609 0.0223684
0 0.468195 0.339145 0.0184911 0.0519737
0 0.512574 0.282895 0.0199704 0.0197368
0 0.591716 0.438158 0.0369822 0.025
0 0.570821 0.496382 0.0277367 0.0190789
0 0.471339 0.214803 0.0181213 0.0164474
0 0.523854 0.601316 0.0136834 0.0434211
0 0.548262 0.533882 0.0196006 0.0269737
0 0.56287 0.684211 0.0244083 0.0197368
0 0.569342 0.691776 0.00480769 0.0190789
0 0.599112 0.382566 0.0170118 0.0138158
0 0.462648 0.282566 0.012574 0.0138158
0 0.466346 0.303618 0.0192308 0.0256579
0 0.455436 0.205592 0.0159024 0.0243421
0 0.463572 0.126316 0.0247781 0.0302632
0 0.566568 0.570395 0.0170118 0.0223684
0 0.556398 0.637171 0.0151627 0.0190789
0 0.533099 0.336513 0.00702663 0.0177632
0 0.559726 0.705921 0.0210799 0.0355263
0 0.533839 0.505263 0.0136834 0.0171053
0 0.422522 0.185197 0.016642 0.0348684
0 0.570451 0.358224 0.0144231 0.0151316
0 0.524223 0.334539 0.0129438 0.0111842
0 0.516272 0.547697 0.0170118 0.0190789
0 0.579512 0.526316 0.0177515 0.0131579
0 0.479845 0.200658 0.016642 0.0131579
0 0.541605 0.460197 0.0159024 0.0177632
0 0.512759 0.520395 0.00998521 0.0184211
0 0.603365 0.596053 0.0306953 0.0223684
0 0.596893 0.415789 0.0140533 0.0355263
0 0.528476 0.313816 0.00961538 0.0171053
0 0.562685 0.409539 0.0114645 0.0125
0 0.533099 0.284211 0.0122041 0.0236842
0 0.541235 0.562171 0.0129438 0.0111842
0 0.541605 0.406908 0.0136834 0.0217105
0 0.545673 0.698684 0.0122041 0.0131579
0 0.458025 0.161842 0.00406805 0.0157895
0 0.556768 0.437171 0.0210799 0.0190789
0 0.474667 0.180921 0.00480769 0.0171053
0 0.591531 0.527961 0.00628698 0.0138158
0 0.475037 0.259868 0.00406805 0.00921053
0 0.534578 0.319408 0.0188609 0.0401316
0 0.575259 0.4 0.0181213 0.0197368
0 0.536982 0.654605 0.00887574 0.0157895
0 0.524408 0.429276 0.012574 0.0151316
0 0.467825 0.149013 0.0192308 0.0296053
0 0.483173 0.340461 0.00998521 0.0203947
0 0.579512 0.443421 0.0288462 0.0210526
0 0.54179 0.491776 0.0251479 0.0217105
0 0.529956 0.289145 0.0140533 0.0348684
0 0.549001 0.506908 0.00850592 0.0177632
0 0.557138 0.311513 0.0151627 0.0243421
0 0.543269 0.305263 0.0177515 0.0407895
0 0.466161 0.207237 0.0144231 0.0263158
0 0.503883 0.363816 0.0107249 0.0197368
0 0.478735 0.193092 0.00480769 0.0125
0 0.509061 0.320395 0.0225592 0.0223684
0 0.562315 0.491776 0.0225592 0.0177632
0 0.533469 0.548684 0.0203402 0.0118421
0 0.545673 0.35625 0.0247781 0.0256579
0 0.539941 0.645395 0.0214497 0.0447368
0 0.524408 0.578618 0.0140533 0.0138158
0 0.561945 0.512171 0.0122041 0.0151316
0 0.60355 0.617434 0.0244083 0.0164474
0 0.560466 0.669408 0.0114645 0.0375
0 0.475037 0.317763 0.00776627 0.0289474
0 0.501849 0.484539 0.0177515 0.0269737
0 0.602811 0.611842 0.0133136 0.0118421
0 0.533839 0.451645 0.0107249 0.0203947
0 0.587833 0.391447 0.0188609 0.0289474
0 0.496117 0.192434 0.0277367 0.0217105
0 0.557323 0.789803 0.0244083 0.00986842
0 0.50037 0.244737 0.0192308 0.0276316
0 0.604105 0.551316 0.00850592 0.0184211
0 0.533099 0.364145 0.0144231 0.0177632
0 0.501849 0.309211 0.0214497 0.0552632
0 0.431583 0.313158 0.0162722 0.0460526
0 0.450074 0.202632 0.0184911 0.0118421
0 0.600407 0.460197 0.0203402 0.0243421
0 0.504068 0.259868 0.0066568 0.0157895
0 0.467086 0.309868 0.0118343 0.0263158
0 0.550296 0.252632 0.00813609 0.0157895
0 0.43824 0.171382 0.0221893 0.0164474
0 0.536797 0.421053 0.00406805 0.0144737
0 0.554734 0.510855 0.0236686 0.0243421
0 0.516642 0.305592 0.010355 0.0230263
0 0.524778 0.31875 0.0110947 0.0177632
0 0.507396 0.504934 0.0110947 0.00855263
0 0.545118 0.632566 0.0236686 0.0138158
0 0.549926 0.721053 0.0155325 0.0210526
0 0.585984 0.359539 0.00554734 0.0230263
0 0.553624 0.344079 0.00739645 0.00789474
0 0.560836 0.303947 0.0151627 0.0368421
0 0.516642 0.571382 0.0140533 0.0125
0 0.466716 0.358224 0.0214497 0.0151316
0 0.489275 0.363816 0.0192308 0.0394737
0 0.524408 0.519408 0.0066568 0.00986842
0 0.574519 0.729276 0.00776627 0.0164474
0 0.579512 0.684539 0.0199704 0.0243421
0 0.473743 0.525987 0.00961538 0.0335526
0 0.556953 0.492434 0.0251479 0.0269737
0 0.561021 0.486842 0.0110947 0.0118421
0 0.450259 0.170066 0.0107249 0.0138158
0 0.553624 0.594737 0.00517751 0.0157895
0 0.556398 0.609211 0.00998521 0.0105263
0 0.558247 0.317434 0.0358728 0.0243421
0 0.509615 0.504934 0.0199704 0.0361842
0 0.549371 0.730263 0.0203402 0.0184211
0 0.495747 0.1625 0.0129438 0.0276316
0 0.456176 0.255592 0.0240385 0.0309211
0 0.492049 0.207895 0.00406805 0.0381579
0 0.498521 0.54375 0.00813609 0.0203947
0 0.504438 0.268092 0.0192308 0.0190789
0 0.592271 0.521382 0.00628698 0.0375
0 0.513499 0.495395 0.00554734 0.0394737
0 0.43713 0.165132 0.012574 0.0105263
0 0.482618 0.364803 0.0110947 0.0203947
0 0.567123 0.534211 0.0181213 0.0223684
0 0.502034 0.541118 0.026997 0.0335526
0 0.548447 0.578618 0.00295858 0.0138158
0 0.512944 0.229605 0.0170118 0.0315789
0 0.482988 0.244408 0.0155325 0.0335526
0 0.500555 0.267105 0.00850592 0.0236842
0 0.507212 0.415789 0.00480769 0.0131579
0 0.504068 0.444408 0.0155325 0.0190789
0 0.517567 0.427632 0.0329142 0.0197368
0 0.545118 0.714803 0.0184911 0.0190789
0 0.538277 0.451974 0.0203402 0.0157895
0 0.48983 0.275658 0.0232988 0.0289474
0 0.536982 0.378618 0.010355 0.00986842
0 0.546598 0.256908 0.0133136 0.0361842
0 0.513314 0.420724 0.0340237 0.0256579
0 0.617788 0.483882 0.0181213 0.0296053
0 0.565643 0.733882 0.00850592 0.0164474
0 0.482988 0.297039 0.010355 0.0151316
0 0.556953 0.379605 0.022929 0.0368421
0 0.478365 0.348355 0.00924556 0.0256579
0 0.503883 0.35 0.0196006 0.025
0 0.505547 0.334868 0.0207101 0.0342105
0 0.511834 0.245724 0.0066568 0.0269737
0 0.525333 0.437171 0.0144231 0.0151316
0 0.517382 0.251974 0.0177515 0.0276316
0 0.47929 0.231579 0.010355 0.0131579
0 0.552885 0.631908 0.0221893 0.0467105
0 0.462463 0.323684 0.0151627 0.0131579
0 0.591346 0.491776 0.0236686 0.0111842
0 0.54142 0.378947 0.0170118 0.0131579
0 0.541975 0.392434 0.0107249 0.0138158
0 0.479105 0.259539 0.00924556 0.00986842
0 0.479475 0.145066 0.0159024 0.0190789
0 0.537722 0.533553 0.0147929 0.0118421
0 0.49926 0.461513 0.00813609 0.0164474
0 0.440459 0.196053 0.0170118 0.0434211
0 0.557507 0.328289 0.016642 0.025
0 0.573595 0.767763 0.0118343 0.0171053
0 0.574704 0.373355 0.0177515 0.0203947
0 0.565089 0.365461 0.022929 0.0322368
0 0.517197 0.354605 0.0144231 0.025
0 0.563794 0.532566 0.0136834 0.0414474
0 0.500185 0.550987 0.00998521 0.0256579
0 0.475222 0.165461 0.0147929 0.0217105
0 0.549556 0.423684 0.0066568 0.0157895
0 0.513129 0.310197 0.00924556 0.0256579
0 0.47966 0.354934 0.0155325 0.0282895
0 0.496487 0.170395 0.0232988 0.0263158
0 0.478735 0.309539 0.00776627 0.0177632
0 0.588018 0.343421 0.0162722 0.0302632
0 0.538092 0.520395 0.012574 0.0131579
0 0.54216 0.289145 0.0147929 0.0217105
0 0.546228 0.694737 0.0221893 0.0460526
0 0.514053 0.261842 0.0155325 0.0289474
0 0.533839 0.341447 0.0173817 0.0223684
0 0.498336 0.229934 0.0203402 0.0388158
0 0.558617 0.612829 0.0181213 0.0203947
0 0.480399 0.346711 0.0251479 0.0263158
0 0.573964 0.503947 0.0118343 0.0223684
0 0.468195 0.267105 0.0214497 0.0368421
0 0.583395 0.542763 0.00924556 0.0223684
0 0.53199 0.273026 0.0255178 0.0355263
0 0.504623 0.371711 0.0144231 0.0171053
0 0.525333 0.525658 0.0173817 0.0184211
0 0.52108 0.391118 0.0162722 0.0177632
0 0.523114 0.389474 0.0218195 0.0381579
0 0.574889 0.698355 0.00998521 0.0164474
0 0.483913 0.213487 0.0151627 0.0230263
0 0.612426 0.477632 0.00887574 0.0223684
0 0.541605 0.281908 0.00776627 0.0177632
0 0.537167 0.592434 0.0210799 0.0190789
0 0.551775 0.766447 0.00591716 0.0302632
0 0.47966 0.316118 0.0177515 0.0269737
0 0.519786 0.438487 0.0232988 0.0335526
0 0.590791 0.446053 0.0188609 0.0223684
0 0.540496 0.607566 0.00702663 0.0269737
0 0.528661 0.400987 0.00998521 0.0203947
0 0.537907 0.429934 0.0151627 0.0125
0 0.545673 0.349671 0.00924556 0.0164474
0 0.561391 0.526974 0.00813609 0.0263158
0 0.589682 0.504276 0.0188609 0.0414474
0 0.558247 0.592763 0.00850592 0.0118421
0 0.552885 0.751645 0.0162722 0.0230263
0 0.537167 0.285197 0.0136834 0.0440789
0 0.595969 0.526974 0.0129438 0.0118421
0 0.566383 0.355592 0.0129438 0.0269737
0 0.482803 0.207237 0.0114645 0.0171053
0 0.578217 0.437829 0.0144231 0.0151316
0 0.454697 0.149671 0.0196006 0.0296053
0 0.556028 0.555592 0.0225592 0.0453947
0 0.558062 0.662171 0.0266272 0.0203947
0 0.487796 0.340132 0.0170118 0.025
0 0.462463 0.187171 0.00776627 0.0111842
0 0.556953 0.598355 0.0170118 0.0375
0 0.509061 0.570066 0.0151627 0.0282895
0 0.535318 0.407237 0.0218195 0.0407895
0 0.574889 0.682237 0.0173817 0.0171053
0 0.549741 0.5625 0.0136834 0.0131579
0 0.493158 0.238487 0.016642 0.0269737
0 0.568602 0.564145 0.0225592 0.0559211
0 0.558062 0.269079 0.00591716 0.0144737
0 0.506657 0.283882 0.0214497 0.0282895
0 0.595229 0.409539 0.00776627 0.0151316
0 0.571006 0.774013 0.00961538 0.0190789
0 0.54179 0.614145 0.0140533 0.0177632
0 0.42696 0.201316 0.0210799 0.0421053
0 0.454512 0.199013 0.0133136 0.0177632
0 0.546228 0.586842 0.00221893 0.0184211
0 0.524593 0.237171 0.0173817 0.0256579
0 0.531065 0.544408 0.0199704 0.0269737
0 0.514423 0.566447 0.0133136 0.0486842
0 0.554179 0.504605 0.016642 0.0184211
0 0.529401 0.321382 0.0203402 0.0230263
0 0.598188 0.630263 0.0240385 0.0618421
0 0.483358 0.23125 0.0133136 0.0164474
0 0.602441 0.589803 0.0251479 0.0138158
0 0.462833 0.252632 0.0107249 0.0144737
0 0.49963 0.470724 0.00961538 0.0177632
0 0.525888 0.615789 0.0162722 0.0381579
0 0.587648 0.366447 0.0147929 0.025
0 0.476146 0.197368 0.0144231 0.0368421
0 0.558062 0.408224 0.0066568 0.0164474
0 0.532359 0.253947 0.0107249 0.0118421
0 0.515348 0.491447 0.00628698 0.0171053
0 0.562315 0.433224 0.0114645 0.0217105
0 0.489275 0.385526 0.0214497 0.0302632
0 0.507396 0.384868 0.00369822 0.0118421
0 0.508136 0.208553 0.0155325 0.0315789
0 0.554179 0.772368 0.0136834 0.025
0 0.529586 0.406908 0.0140533 0.0282895
0 0.519601 0.260855 0.00591716 0.0151316
0 0.56176 0.391776 0.00443787 0.0309211
0 0.579142 0.589145 0.0236686 0.0111842
0 0.540311 0.349013 0.0244083 0.0625
0 0.566568 0.392105 0.0118343 0.0223684
0 0.558062 0.654605 0.022929 0.0223684
0 0.549001 0.366118 0.0255178 0.0375
0 0.463942 0.350329 0.0129438 0.0427632
0 0.568232 0.333882 0.0203402 0.0467105
0 0.574519 0.647368 0.0277367 0.0223684
0 0.537537 0.660526 0.0129438 0.0171053
0 0.508876 0.392434 0.0110947 0.0164474
0 0.533469 0.518092 0.00702663 0.0164474
0 0.586908 0.384539 0.0118343 0.0203947
0 0.515902 0.425 0.0140533 0.0407895
0 0.493158 0.488816 0.0203402 0.05
0 0.523114 0.541776 0.0196006 0.0440789
0 0.568972 0.475329 0.0218195 0.0467105
0 0.496117 0.327961 0.0151627 0.0230263
0 0.550111 0.272697 0.00998521 0.0217105
0 0.566383 0.742434 0.0122041 0.0203947
0 0.539756 0.467105 0.0240385 0.0421053
0 0.566198 0.526974 0.00813609 0.0184211
0 0.470599 0.157237 0.00776627 0.0236842
0 0.502219 0.406579 0.0214497 0.0407895
0 0.599112 0.549013 0.0110947 0.0203947
0 0.459874 0.415132 0.0203402 0.0421053
0 0.495747 0.265132 0.0203402 0.0302632
0 0.597448 0.392434 0.0210799 0.0296053
0 0.524963 0.610855 0.0107249 0.0138158
0 0.52108 0.26875 0.0110947 0.0190789
0 0.466346 0.231908 0.00961538 0.0243421
0 0.47929 0.178947 0.0133136 0.0144737
0 0.52108 0.609211 0.00591716 0.0171053
0 0.598373 0.460526 0.0244083 0.0526316
0 0.461169 0.275987 0.0170118 0.0296053
0 0.512574 0.414474 0.010355 0.0184211
0 0.558802 0.275987 0.0133136 0.0190789
0 0.552515 0.526645 0.0207101 0.0467105
0 0.528291 0.34375 0.0225592 0.0348684
0 0.561206 0.312171 0.0255178 0.0585526
0 0.517567 0.376316 0.0114645 0.0302632
0 0.56213 0.677632 0.0236686 0.0105263
0 0.581731 0.422697 0.0221893 0.0585526
0 0.528846 0.282895 0.00961538 0.025
0 0.599667 0.408882 0.0114645 0.0177632
0 0.573225 0.460197 0.0244083 0.0519737
0 0.545673 0.251316 0.00480769 0.0223684
0 0.529586 0.504276 0.0110947 0.0243421
0 0.426035 0.231579 0.0214497 0.0473684
0 0.616679 0.478618 0.0144231 0.0164474
0 0.559726 0.291118 0.0255178 0.0348684
0 0.570451 0.728618 0.00702663 0.0177632
0 0.516087 0.370724 0.00554734 0.0151316
0 0.494638 0.188487 0.00924556 0.0190789
0 0.463572 0.340461 0.0188609 0.0348684
0 0.508136 0.518421 0.010355 0.0210526
0 0.577108 0.349013 0.0188609 0.0559211
0 0.556028 0.732895 0.0225592 0.05
0 0.564904 0.707237 0.00776627 0.0236842
0 0.558062 0.646053 0.012574 0.0197368
0 0.514238 0.549342 0.0210799 0.0460526
0 0.558432 0.630921 0.010355 0.0171053
0 0.517197 0.497039 0.0122041 0.0322368
0 0.570636 0.696053 0.00591716 0.0197368
0 0.547892 0.727303 0.0247781 0.0388158
0 0.527552 0.481908 0.0225592 0.0532895
0 0.475407 0.145066 0.00924556 0.0164474
0 0.556583 0.446053 0.0236686 0.05
0 0.447855 0.178947 0.0199704 0.0578947
0 0.502219 0.527632 0.0258876 0.0276316
0 0.550111 0.586184 0.00924556 0.0184211
0 0.489645 0.229605 0.0251479 0.0434211
0 0.409578 0.186184 0.0196006 0.0578947
0 0.475592 0.324342 0.0147929 0.0236842
0 0.548817 0.469408 0.0251479 0.0427632
0 0.536797 0.566118 0.0210799 0.0611842
0 0.569157 0.767105 0.0110947 0.025
0 0.561206 0.516447 0.0210799 0.025
0 0.566938 0.7125 0.012574 0.0263158
0 0.574889 0.620395 0.0306953 0.0171053
0 0.45858 0.169737 0.00887574 0.0223684
0 0.505917 0.484211 0.0199704 0.0473684
0 0.52071 0.522039 0.0162722 0.0282895
0 0.502589 0.445724 0.0244083 0.0440789
0 0.523669 0.466776 0.0251479 0.0467105
0 0.503143 0.350329 0.0247781 0.0493421
0 0.494822 0.202303 0.00369822 0.0256579
0 0.471524 0.164803 0.0133136 0.0335526
0 0.498706 0.1875 0.0284763 0.0592105
0 0.55233 0.766447 0.0262574 0.0381579
0 0.60318 0.614474 0.0266272 0.0526316
0 0.516827 0.244408 0.00998521 0.0256579
0 0.535873 0.378947 0.0258876 0.0539474
0 0.540865 0.490132 0.0255178 0.05
0 0.496302 0.208882 0.010355 0.0269737
0 0.4902 0.311842 0.0210799 0.0526316
0 0.560096 0.571382 0.0218195 0.0453947
0 0.522374 0.335526 0.0240385 0.0486842
0 0.536797 0.451645 0.0247781 0.0453947
0 0.535688 0.533882 0.0255178 0.0480263
0 0.550296 0.340789 0.00517751 0.0210526
0 0.464497 0.209211 0.0199704 0.0486842
0 0.438794 0.216447 0.0218195 0.0552632
0 0.493528 0.408553 0.0203402 0.0552632
0 0.543824 0.63125 0.0225592 0.0453947
0 0.531805 0.549013 0.0244083 0.0546053
0 0.590607 0.490132 0.0266272 0.0592105
0 0.451923 0.230263 0.0221893 0.0486842
0 0.464682 0.305921 0.0225592 0.0526316
0 0.497041 0.54375 0.0221893 0.0546053
0 0.464312 0.184868 0.0240385 0.0644737
0 0.540496 0.393092 0.0255178 0.0546053
0 0.485762 0.342105 0.0255178 0.0526316
0 0.522744 0.579276 0.0218195 0.0480263
0 0.464867 0.281908 0.0214497 0.0572368
0 0.460059 0.326974 0.022929 0.0421053
0 0.55307 0.749013 0.026997 0.0401316
0 0.533284 0.630921 0.0251479 0.0447368
0 0.596154 0.380592 0.0236686 0.0375
0 0.5098 0.230263 0.0262574 0.0539474
0 0.515163 0.350658 0.0244083 0.0486842
0 0.494083 0.325329 0.0251479 0.0480263
0 0.573225 0.506579 0.0236686 0.0421053
0 0.493158 0.245066 0.0247781 0.0414474
0 0.532914 0.363487 0.0251479 0.0453947
0 0.510355 0.311513 0.0251479 0.0493421
0 0.602071 0.584539 0.0281065 0.0572368
0 0.504993 0.566118 0.0247781 0.0519737
0 0.574149 0.373026 0.0232988 0.0473684
0 0.556583 0.327632 0.0258876 0.0605263
0 0.527552 0.319079 0.026997 0.0539474
0 0.502774 0.370066 0.0255178 0.0506579
0 0.501664 0.261513 0.0218195 0.0572368
0 0.493713 0.170395 0.0251479 0.0513158
0 0.505547 0.209539 0.0244083 0.0493421
0 0.510355 0.28125 0.022929 0.0546053
0 0.486132 0.402961 0.0218195 0.0546053
0 0.57378 0.681908 0.0240385 0.0506579
0 0.574334 0.401974 0.0236686 0.0631579
0 0.434357 0.164474 0.0232988 0.0657895
0 0.577478 0.521053 0.0218195 0.0473684
0 0.565828 0.394408 0.0281065 0.0388158
0 0.536243 0.594737 0.0266272 0.0473684
0 0.477071 0.355592 0.0236686 0.0519737
0 0.542899 0.711513 0.0244083 0.0480263
0 0.463757 0.35625 0.0221893 0.0559211
0 0.499075 0.291776 0.0240385 0.0532895
0 0.581546 0.541776 0.0255178 0.0506579
0 0.527367 0.503618 0.0251479 0.0532895
0 0.527737 0.407237 0.0266272 0.0578947
0 0.577108 0.5875 0.0255178 0.0394737
0 0.556583 0.785855 0.0251479 0.0796053
0 0.506472 0.519737 0.0277367 0.05
0 0.514978 0.573355 0.0240385 0.0572368
0 0.590791 0.438158 0.0240385 0.0434211
0 0.556768 0.408882 0.0262574 0.0467105
0 0.540126 0.611513 0.0277367 0.0480263
0 0.548262 0.564145 0.0262574 0.0598684
0 0.477256 0.259868 0.0240385 0.0644737
0 0.522929 0.2375 0.0244083 0.0605263
0 0.552885 0.504276 0.0258876 0.0559211
0 0.519046 0.393421 0.0255178 0.0684211
0 0.515348 0.431908 0.0232988 0.0572368
0 0.585429 0.363487 0.0266272 0.0401316
0 0.557138 0.615461 0.0262574 0.0532895
0 0.535503 0.660197 0.0266272 0.0467105
0 0.57304 0.726316 0.0247781 0.0565789
0 0.565459 0.35 0.022929 0.0394737
0 0.531805 0.520066 0.0281065 0.0453947
0 0.480954 0.208882 0.0240385 0.0598684
0 0.548632 0.424671 0.0262574 0.0493421
0 0.452663 0.148355 0.0244083 0.0546053
0 0.473003 0.201316 0.0273669 0.0447368
0 0.560836 0.485855 0.0196006 0.0572368
0 0.574334 0.614803 0.0258876 0.0453947
0 0.565089 0.527303 0.0258876 0.0611842
0 0.531805 0.336513 0.022929 0.0638158
0 0.463572 0.230263 0.0225592 0.0513158
0 0.577293 0.439474 0.0244083 0.0578947
0 0.523854 0.526974 0.0247781 0.0513158
0 0.482064 0.370724 0.0255178 0.0546053
0 0.477256 0.178618 0.0277367 0.0572368
0 0.53088 0.253618 0.026997 0.0532895
0 0.535503 0.429934 0.0258876 0.0638158
0 0.568972 0.763816 0.0262574 0.0473684
0 0.561206 0.675987 0.0255178 0.0598684
0 0.560836 0.430592 0.0247781 0.0532895
0 0.506287 0.392763 0.0258876 0.0605263
0 0.523484 0.438816 0.0232988 0.0631579
0 0.51017 0.416447 0.0262574 0.0605263
0 0.493898 0.268092 0.0277367 0.0546053
0 0.480769 0.230592 0.0251479 0.0585526
0 0.481509 0.298026 0.0221893 0.0684211
0 0.461169 0.251974 0.0266272 0.0618421
0 0.518861 0.267434 0.0288462 0.0480263
0 0.573964 0.646711 0.0258876 0.0513158
0 0.515533 0.497697 0.0273669 0.0493421
0 0.472078 0.140461 0.0262574 0.0467105
0 0.514423 0.372039 0.0266272 0.0664474
0 0.569527 0.698684 0.0266272 0.0618421
0 0.473003 0.325987 0.0258876 0.0532895
0 0.543084 0.253289 0.0247781 0.0736842
0 0.598003 0.409539 0.0244083 0.0506579
0 0.61372 0.475658 0.0262574 0.0473684
0 0.59412 0.526974 0.0240385 0.0631579
0 0.497966 0.469737 0.026997 0.0592105
0 0.539386 0.283553 0.0247781 0.075
0 0.556953 0.646382 0.0251479 0.0519737
0 0.585429 0.341776 0.0236686 0.0625
0 0.452293 0.200658 0.0244083 0.075
0 0.514608 0.246382 0.026997 0.0519737
0 0.46912 0.164145 0.026997 0.0677632
0 0.566568 0.74375 0.0273669 0.0559211
0 0.548262 0.341118 0.0284763 0.0611842
0 0.549371 0.586513 0.0277367 0.0598684
0 0.547892 0.276316 0.0255178 0.0697368
0 0.585984 0.388158 0.0247781 0.0513158
0 0.523669 0.608553 0.0251479 0.0592105
0 0.598188 0.550658 0.0247781 0.0473684
0 0.526812 0.283224 0.0262574 0.0585526
0 0.455991 0.170724 0.0266272 0.0703947
0 0.556213 0.269408 0.0244083 0.0703947
0 0.493343 0.202961 0.0244083 0.0638158
