0 0.257396 0.603947 0.0606509 0.0802632
0 0.459504 0.653289 0.00924556 0.0223684
0 0.521265 0.495395 0.0136834 0.0118421
0 0.606324 0.683553 0.0151627 0.025
0 0.618898 0.574013 0.00406805 0.0296053
0 0.528291 0.788816 0.0159024 0.0210526
0 0.718935 0.728289 0.0147929 0.0105263
0 0.381102 0.792434 0.0144231 0.0203947
0 0.446746 0.485526 0.00369822 0.0118421
0 0.581731 0.491447 0.0207101 0.0289474
0 0.235577 0.457237 0.0184911 0.0118421
0 0.679364 0.572697 0.00517751 0.0361842
0 0.73983 0.493421 0.0203402 0.0144737
0 0.473928 0.604934 0.039571 0.0782895
0 0.475407 0.909211 0.0107249 0.0552632
0 0.706176 0.735855 0.0225592 0.0388158
0 0.474667 0.645395 0.0262574 0.0368421
0 0.372966 0.565132 0.0218195 0.0263158
0 0.613351 0.773026 0.0173817 0.102632
0 0.53162 0.913487 0.0232988 0.0309211
0 0.807138 0.619408 0.0107249 0.0440789
0 0.482433 0.676645 0.0129438 0.0230263
0 0.808062 0.986842 0.0133136 0.0131579
0 0.513683 0.55 0.0133136 0.0118421
0 0.385355 0.588816 0.00221893 0.0263158
0 0.63628 0.675987 0.0181213 0.0375
0 0.574149 0.717763 0.00406805 0.0342105
0 0.64497 0.517763 0.0369822 0.0763158
0 0.534393 0.713816 0.0118343 0.0315789
0 0.517567 0.489474 0.00924556 0.0131579
0 0.413462 0.944737 0.00887574 0.0328947
0 0.53051 0.579276 0.0033284 0.0164474
0 0.601516 0.552303 0.0033284 0.0322368
0 0.572115 0.668092 0.00887574 0.0664474
0 0.551775 0.450987 0.00443787 0.00855263
0 0.624815 0.80625 0.0610207 0.0414474
0 0.685651 0.633553 0.00591716 0.0328947
0 0.690274 0.691776 0.0558432 0.0532895
0 0.621487 0.836184 0.0159024 0.0223684
0 0.763499 0.683553 0.0151627 0.0144737
0 0.72818 0.647039 0.0155325 0.0203947
0 0.551775 0.444737 0.00517751 0.00921053
0 0.505362 0.583224 0.00554734 0.0111842
0 0.427885 0.706908 0.012574 0.0177632
0 0.43713 0.858553 0.00221893 0.0447368
0 0.659393 0.636513 0.0510355 0.0559211
0 0.421413 0.472697 0.0210799 0.0243421
0 0.484098 0.549342 0.00887574 0.0118421
0 0.550481 0.467105 0.00998521 0.0184211
0 0.57304 0.399671 0.0417899 0.0375
0 0.577848 0.840461 0.00776627 0.0440789
0 0.367788 0.215789 0.0173817 0.0197368
0 0.442308 0.409211 0.0184911 0.0118421
0 0.652182 0.759211 0.00702663 0.0157895
0 0.462278 0.4125 0.0147929 0.0223684
0 0.453402 0.509868 0.0170118 0.0473684
0 0.360947 0.735197 0.0155325 0.0217105
0 0.401442 0.764474 0.0225592 0.0157895
0 0.508691 0.926316 0.00554734 0.0513158
0 0.497226 0.650329 0.0225592 0.0453947
0 0.741679 0.465789 0.0107249 0.0315789
0 0.472263 0.454605 0.0133136 0.0671053
0 0.59301 0.455921 0.0514053 0.0447368
0 0.508321 0.5625 0.0122041 0.0131579
0 0.805473 0.726316 0.00295858 0.0144737
0 0.467456 0.539803 0.00517751 0.00723684
0 0.294933 0.698355 0.0151627 0.0164474
0 0.497596 0.489474 0.0129438 0.0131579
0 0.456361 0.75 0.0517751 0.05
0 0.589682 0.864803 0.0432692 0.101974
0 0.547522 0.904934 0.00850592 0.0269737
0 0.236132 0.464803 0.0173817 0.0111842
0 0.584504 0.456908 0.00776627 0.0375
0 0.561021 0.66875 0.0236686 0.0151316
0 0.541975 0.503289 0.0181213 0.0289474
0 0.755177 0.550987 0.00887574 0.00723684
0 0.407544 0.664145 0.0576923 0.0506579
0 0.471154 0.867763 0.0214497 0.0671053
0 0.441753 0.853289 0.00480769 0.0460526
0 0.429549 0.653289 0.0122041 0.0236842
0 0.390163 0.523026 0.0495562 0.05
0 0.555288 0.513158 0.0262574 0.0565789
0 0.359283 0.21875 0.0232988 0.0138158
0 0.495932 0.494079 0.0362426 0.0921053
0 0.370562 0.79375 0.0207101 0.0638158
0 0.356694 0.86875 0.016642 0.0467105
0 0.428624 0.6625 0.0281065 0.0381579
0 0.44693 0.490789 0.0033284 0.0131579
0 0.455251 0.603618 0.0199704 0.0335526
0 0.556768 0.711842 0.0196006 0.0184211
0 0.508321 0.464145 0.00110947 0.0138158
0 0.377219 0.564803 0.00887574 0.00986842
0 0.286243 0.727961 0.012574 0.0164474
0 0.445821 0.601316 0.00184911 0.00921053
0 0.589867 0.691447 0.0258876 0.0223684
0 0.784763 0.735197 0.0251479 0.0427632
0 0.472263 0.501316 0.022929 0.0171053
0 0.425666 0.551316 0.00739645 0.0526316
0 0.579327 0.416776 0.0188609 0.0625
0 0.659024 0.49375 0.0525148 0.0743421
0 0.471709 0.428947 0.0173817 0.0289474
0 0.530325 0.721053 0.0310651 0.0289474
0 0.458765 0.411842 0.016642 0.0105263
0 0.334135 0.698026 0.0136834 0.0197368
0 0.466716 0.579276 0.00813609 0.0203947
0 0.476331 0.590789 0.0155325 0.0118421
0 0.889423 0.485197 0.0214497 0.00723684
0 0.58321 0.847697 0.00961538 0.0164474
0 0.621487 0.512171 0.0136834 0.0243421
0 0.521635 0.803618 0.0173817 0.0125
0 0.420858 0.508224 0.0207101 0.0309211
0 0.497966 0.433553 0.0129438 0.0328947
0 0.33358 0.691776 0.0110947 0.0177632
0 0.543824 0.419408 0.0388314 0.0625
0 0.507396 0.573355 0.0451183 0.0401316
0 0.509985 0.651645 0.0066568 0.0506579
0 0.534024 0.475329 0.0414201 0.0598684
0 0.523299 0.393421 0.00443787 0.0105263
0 0.526073 0.775987 0.0469675 0.107237
0 0.634615 0.669737 0.00517751 0.0197368
0 0.509061 0.814474 0.00702663 0.0631579
0 0.639793 0.612829 0.056213 0.0388158
0 0.422152 0.550329 0.00480769 0.0572368
0 0.518861 0.906908 0.0155325 0.00855263
0 0.394046 0.765789 0.00924556 0.0210526
0 0.670858 0.581579 0.0258876 0.0618421
0 0.452293 0.461513 0.0266272 0.0217105
0 0.481324 0.705921 0.0129438 0.0197368
0 0.482988 0.668092 0.00961538 0.0243421
0 0.501664 0.570395 0.0129438 0.0210526
0 0.598003 0.794079 0.00517751 0.0407895
0 0.441938 0.846711 0.0133136 0.0447368
0 0.318047 0.748026 0.0184911 0.0684211
0 0.396265 0.714803 0.0262574 0.0506579
0 0.98983 0.707237 0.0203402 0.0868421
0 0.555104 0.903618 0.0118343 0.0190789
0 0.463572 0.453289 0.0240385 0.0263158
0 0.526442 0.365789 0.0129438 0.0131579
0 0.313979 0.673355 0.022929 0.0177632
0 0.368528 0.732895 0.00850592 0.0157895
0 0.366864 0.737829 0.0258876 0.0335526
0 0.471524 0.509868 0.0155325 0.025
0 0.440089 0.808553 0.0554734 0.0565789
0 0.492604 0.608224 0.00813609 0.0125
0 0.393676 0.759211 0.00554734 0.0263158
0 0.544194 0.577303 0.0447485 0.0677632
0 0.534578 0.422368 0.0196006 0.0184211
0 0.525888 0.578947 0.00517751 0.0118421
0 0.324519 0.725 0.0758136 0.0842105
0 0.475777 0.387171 0.00406805 0.00592105
0 0.465422 0.413816 0.0440089 0.0631579
0 0.599112 0.529934 0.045858 0.0638158
0 0.404771 0.607566 0.0203402 0.0401316
0 0.594859 0.491118 0.00924556 0.0480263
0 0.701553 0.142105 0.0155325 0.0460526
0 0.455067 0.665789 0.0484467 0.0842105
0 0.455621 0.652303 0.010355 0.0164474
0 0.559357 0.535855 0.00480769 0.00986842
0 0.550481 0.621711 0.0151627 0.0171053
0 0.495747 0.527303 0.00628698 0.0138158
0 0.670673 0.705263 0.0188609 0.0342105
0 0.509615 0.556908 0.010355 0.00986842
0 0.543084 0.570395 0.0218195 0.0342105
0 0.548077 0.63125 0.0162722 0.0190789
0 0.443047 0.498355 0.0221893 0.0151316
0 0.372411 0.241447 0.0221893 0.05
0 0.421598 0.704605 0.0155325 0.0342105
0 0.630917 0.692763 0.00221893 0.0302632
0 0.604475 0.698026 0.0159024 0.0157895
0 0.538277 0.5125 0.0033284 0.00657895
0 0.545488 0.829276 0.00221893 0.0506579
0 0.575259 0.520395 0.0462278 0.0513158
0 0.345044 0.623355 0.0369822 0.0256579
0 0.480399 0.548684 0.0118343 0.00921053
0 0.559357 0.372039 0.0033284 0.0111842
0 0.56176 0.709539 0.0066568 0.0309211
0 0.458765 0.434211 0.0469675 0.0434211
0 0.627959 0.669408 0.00369822 0.0375
0 0.727441 0.753618 0.0702663 0.0743421
0 0.650148 0.758224 0.0273669 0.0638158
0 0.682877 0.513158 0.0454882 0.0710526
0 0.670858 0.527961 0.022929 0.0532895
0 0.509246 0.584539 0.00517751 0.00855263
0 0.443047 0.487829 0.00369822 0.00592105
0 0.389238 0.586842 0.00406805 0.0171053
0 0.61409 0.658882 0.0255178 0.0309211
0 0.712278 0.521711 0.0539941 0.0592105
0 0.289571 0.726974 0.0133136 0.0105263
0 0.433432 0.470395 0.0155325 0.0644737
0 0.716901 0.722368 0.0240385 0.0302632
0 0.466346 0.810526 0.00887574 0.0355263
0 0.198225 0.719079 0.00813609 0.0210526
0 0.528107 0.798355 0.0184911 0.0125
0 0.517751 0.825 0.0295858 0.0342105
0 0.475777 0.39375 0.00258876 0.00460526
0 0.422522 0.792763 0.0136834 0.0578947
0 0.617419 0.785855 0.0144231 0.0348684
0 0.288462 0.731579 0.0244083 0.0315789
0 0.469305 0.483224 0.0480769 0.0611842
0 0.730399 0.525 0.0192308 0.0184211
0 0.716531 0.535855 0.0247781 0.0322368
0 0.538462 0.519408 0.00295858 0.00723684
0 0.409763 0.540789 0.0436391 0.075
0 0.664941 0.607895 0.0177515 0.0171053
0 0.746302 0.319079 0.0177515 0.0184211
0 0.698595 0.611184 0.0214497 0.0302632
0 0.59412 0.489803 0.0440089 0.0493421
0 0.493343 0.530263 0.0184911 0.0302632
0 0.570266 0.588487 0.0266272 0.0467105
0 0.637204 0.535855 0.0288462 0.0717105
0 0.688794 0.633224 0.00702663 0.0217105
0 0.594859 0.469408 0.0144231 0.0375
0 0.580067 0.48125 0.0218195 0.0309211
0 0.379438 0.796053 0.0251479 0.0368421
0 0.474852 0.544079 0.0310651 0.0289474
0 0.559726 0.661513 0.0129438 0.0506579
0 0.674371 0.0496711 0.0122041 0.0427632
0 0.758506 0.663487 0.0399408 0.0625
0 0.397374 0.645395 0.0262574 0.0355263
0 0.507951 0.931908 0.00184911 0.0559211
0 0.595599 0.552961 0.0210799 0.0585526
0 0.489645 0.386184 0.0192308 0.0289474
0 0.675666 0.721382 0.0554734 0.0519737
0 0.813609 0.580263 0.00961538 0.0210526
0 0.567123 0.467105 0.016642 0.0236842
0 0.441198 0.546711 0.0325444 0.0526316
0 0.45858 0.522039 0.0473373 0.0532895
0 0.522004 0.490461 0.00776627 0.0151316
0 0.45895 0.408553 0.0244083 0.05
0 0.758321 0.55 0.0114645 0.00526316
0 0.438979 0.651645 0.0170118 0.0651316
0 0.617419 0.538487 0.0188609 0.0230263
0 0.419194 0.505921 0.00776627 0.025
0 0.526073 0.585197 0.00406805 0.0138158
0 0.507396 0.470724 0.00961538 0.0282895
0 0.510355 0.606908 0.0406805 0.0664474
0 0.690459 0.638487 0.0133136 0.0296053
0 0.558987 0.692763 0.0440089 0.0486842
0 0.446746 0.557237 0.022929 0.0315789
0 0.421783 0.504934 0.00998521 0.0190789
0 0.513499 0.579276 0.00998521 0.00723684
0 0.339682 0.657237 0.0188609 0.0171053
0 0.472818 0.692763 0.0403107 0.0394737
0 0.465607 0.409539 0.0140533 0.0401316
0 0.654216 0.492763 0.0177515 0.0394737
0 0.813794 0.611513 0.0033284 0.0335526
0 0.358173 0.726316 0.0543639 0.0486842
0 0.327478 0.668092 0.0588018 0.0480263
0 0.559911 0.617763 0.00295858 0.0210526
0 0.671228 0.692105 0.0133136 0.0539474
0 0.753883 0.681908 0.0255178 0.0625
0 0.908284 0.334539 0.00961538 0.0335526
0 0.449519 0.623026 0.0277367 0.0407895
0 0.624815 0.577632 0.0506657 0.05
0 0.989275 0.727632 0.0214497 0.0368421
0 0.424556 0.486513 0.0406805 0.0598684
0 0.600407 0.796711 0.0232988 0.0513158
0 0.529956 0.713816 0.012574 0.0289474
0 0.523299 0.588158 0.0177515 0.0289474
0 0.817677 0.607566 0.00369822 0.0217105
0 0.60503 0.697039 0.0525148 0.0546053
0 0.411058 0.838487 0.0780325 0.0677632
0 0.539571 0.460197 0.00443787 0.00855263
0 0.722633 0.640789 0.010355 0.0105263
0 0.455251 0.491776 0.0177515 0.0256579
0 0.514423 0.502961 0.0177515 0.0519737
0 0.745377 0.499671 0.0136834 0.0125
0 0.453033 0.838158 0.0532544 0.093421
0 0.441753 0.69375 0.0440089 0.0467105
0 0.67622 0.663816 0.0484467 0.0776316
0 0.492973 0.522039 0.0465976 0.0782895
0 0.36446 0.734868 0.0107249 0.0144737
0 0.658654 0.692434 0.0421598 0.0703947
0 0.526442 0.715461 0.00702663 0.0296053
0 0.438979 0.548026 0.0214497 0.0157895
0 0.511649 0.460526 0.0543639 0.0460526
0 0.538831 0.453289 0.00369822 0.0105263
0 0.329327 0.419408 0.0159024 0.00723684
0 0.328957 0.609868 0.0588018 0.0565789
0 0.393861 0.505263 0.0214497 0.0197368
0 0.426775 0.608882 0.0184911 0.0269737
0 0.413462 0.629934 0.0184911 0.0230263
0 0.457655 0.378947 0.0136834 0.0315789
0 0.503143 0.454934 0.00998521 0.0388158
0 0.52182 0.558224 0.00961538 0.0125
0 0.393121 0.725987 0.056213 0.0427632
0 0.546967 0.191118 0.00887574 0.0203947
0 0.444896 0.639803 0.0384615 0.0480263
0 0.613536 0.776974 0.00591716 0.0368421
0 0.460059 0.638487 0.0436391 0.0453947
0 0.977256 0.572039 0.0240385 0.0217105
0 0.574889 0.542105 0.0232988 0.0236842
0 0.504438 0.541776 0.0495562 0.0572368
0 0.52108 0.512171 0.00591716 0.00986842
0 0.466901 0.534211 0.00554734 0.00921053
0 0.558987 0.619737 0.0277367 0.0342105
0 0.469675 0.627303 0.0147929 0.0203947
0 0.527367 0.721382 0.0133136 0.0269737
0 0.567308 0.575987 0.0118343 0.0177632
0 0.504253 0.943421 0.00924556 0.0526316
0 0.513499 0.926316 0.026997 0.0631579
0 0.33247 0.424013 0.0221893 0.0282895
0 0.691568 0.70625 0.0133136 0.0203947
0 0.640163 0.723355 0.0480769 0.0217105
0 0.471154 0.765132 0.022929 0.0697368
0 0.613166 0.525329 0.012574 0.0256579
0 0.637389 0.647697 0.0129438 0.0414474
0 0.508321 0.948026 0.00924556 0.0473684
0 0.397559 0.764474 0.010355 0.0184211
0 0.567308 0.537171 0.012574 0.0203947
0 0.389238 0.496053 0.0469675 0.0657895
0 0.408469 0.881579 0.0114645 0.0447368
0 0.551036 0.905921 0.00961538 0.0276316
0 0.390348 0.59375 0.0225592 0.0269737
0 0.392012 0.815461 0.0695266 0.0506579
0 0.580251 0.587171 0.0118343 0.0532895
0 0.573595 0.381908 0.00961538 0.0559211
0 0.358543 0.738158 0.0262574 0.0552632
0 0.496117 0.891118 0.0262574 0.0572368
0 0.574334 0.723355 0.0399408 0.0375
0 0.469305 0.447368 0.0281065 0.0473684
0 0.37426 0.668092 0.0613905 0.0493421
0 0.622411 0.611184 0.012574 0.0263158
0 0.292715 0.692434 0.00628698 0.0177632
0 0.424741 0.432895 0.0299556 0.0578947
0 0.563979 0.423026 0.022929 0.0355263
0 0.604105 0.474671 0.0173817 0.0296053
0 0.509246 0.577632 0.00739645 0.00789474
0 0.557138 0.457237 0.0321746 0.0302632
0 0.407544 0.149671 0.0170118 0.0638158
0 0.431398 0.625987 0.0506657 0.0296053
0 0.549371 0.196053 0.0196006 0.00789474
0 0.44767 0.615461 0.0181213 0.0164474
0 0.557323 0.667434 0.0140533 0.0269737
0 0.409948 0.51875 0.0528846 0.0559211
0 0.65699 0.610197 0.0218195 0.0296053
0 0.541235 0.801974 0.0136834 0.0315789
0 0.505917 0.55625 0.00887574 0.0125
0 0.336538 0.425 0.0517751 0.0565789
0 0.62574 0.611184 0.010355 0.0171053
0 0.491679 0.557895 0.0122041 0.0131579
0 0.41716 0.942763 0.0236686 0.0486842
0 0.560281 0.930921 0.0532544 0.05
0 0.501294 0.586513 0.0173817 0.0125
0 0.405695 0.754934 0.056213 0.0453947
0 0.394416 0.620066 0.0255178 0.0546053
0 0.421967 0.548684 0.022929 0.0263158
0 0.356879 0.594408 0.0258876 0.0559211
0 0.65625 0.524671 0.0713757 0.0796053
0 0.51017 0.453618 0.0255178 0.0256579
0 0.563055 0.633224 0.0210799 0.0269737
0 0.0891272 0.899013 0.012574 0.0138158
0 0.425111 0.963158 0.0514053 0.0578947
0 0.33395 0.616776 0.0266272 0.0506579
0 0.442493 0.655921 0.0203402 0.0381579
0 0.545303 0.782566 0.0107249 0.0230263
0 0.472078 0.453289 0.0196006 0.0302632
0 0.456176 0.661842 0.0173817 0.0131579
0 0.420673 0.808882 0.00924556 0.0480263
0 0.606139 0.726974 0.0177515 0.0223684
0 0.325444 0.421053 0.0147929 0.00921053
0 0.696006 0.703947 0.0162722 0.0289474
0 0.522189 0.563158 0.00739645 0.0105263
0 0.530325 0.751645 0.00887574 0.0177632
0 0.492049 0.392763 0.0107249 0.0671053
0 0.677885 0.632237 0.0606509 0.0381579
0 0.497226 0.754605 0.00924556 0.0342105
0 0.522189 0.483224 0.0147929 0.0203947
0 0.450074 0.433553 0.0133136 0.0342105
0 0.518676 0.927303 0.0144231 0.0217105
0 0.595599 0.416776 0.0173817 0.0203947
0 0.397929 0.526645 0.0251479 0.0243421
0 0.609467 0.748355 0.033284 0.0493421
0 0.568232 0.641447 0.0107249 0.0276316
0 0.462648 0.468092 0.0155325 0.0203947
0 0.526812 0.869079 0.0210799 0.0210526
0 0.447115 0.649671 0.0221893 0.0796053
0 0.368343 0.189474 0.00517751 0.00526316
0 0.760355 0.694737 0.0428994 0.0473684
0 0.373521 0.645395 0.0643491 0.109211
0 0.68824 0.633882 0.0258876 0.0480263
0 0.6348 0.641447 0.00554734 0.0236842
0 0.46801 0.525329 0.00776627 0.0164474
0 0.54253 0.483553 0.0140533 0.0315789
0 0.391272 0.545395 0.058432 0.0473684
0 0.705621 0.610197 0.0547337 0.0506579
0 0.495562 0.572039 0.0347633 0.0572368
0 0.537352 0.80625 0.0266272 0.0243421
0 0.69767 0.491776 0.00776627 0.0125
0 0.677885 0.581908 0.0147929 0.0296053
0 0.660318 0.782895 0.0462278 0.0539474
0 0.309541 0.668421 0.0118343 0.0263158
0 0.446006 0.394079 0.0221893 0.0144737
0 0.376294 0.785855 0.052145 0.0506579
0 0.546043 0.362171 0.0114645 0.0217105
0 0.563979 0.515461 0.00517751 0.0125
0 0.412722 0.521382 0.0162722 0.0269737
0 0.640717 0.565132 0.0440089 0.093421
0 0.473928 0.838487 0.0661982 0.0625
0 0.463388 0.515461 0.0133136 0.0269737
0 0.675666 0.535855 0.0488166 0.0677632
0 0.695821 0.493092 0.0232988 0.0427632
0 0.438794 0.399671 0.0558432 0.0401316
0 0.558617 0.607895 0.0506657 0.0552632
0 0.497226 0.706579 0.00628698 0.0355263
0 0.633876 0.822368 0.0147929 0.0276316
0 0.239645 0.416118 0.012574 0.0125
0 0.494083 0.455263 0.0133136 0.0223684
0 0.608358 0.550329 0.056213 0.0401316
0 0.633691 0.642763 0.026997 0.0421053
0 0.433432 0.535855 0.0199704 0.0296053
0 0.401812 0.711513 0.016642 0.0269737
0 0.805843 0.582237 0.00887574 0.0144737
0 0.53088 0.757566 0.0144231 0.0138158
0 0.557877 0.629934 0.0440089 0.0677632
0 0.424926 0.809539 0.0140533 0.0572368
0 0.424371 0.870066 0.0536243 0.0546053
0 0.358728 0.564803 0.0221893 0.0217105
0 0.495007 0.872368 0.0558432 0.0434211
0 0.629993 0.526645 0.0218195 0.0506579
0 0.29179 0.694408 0.0258876 0.0388158
0 0.742788 0.493421 0.0151627 0.00657895
0 0.726701 0.640132 0.0110947 0.0118421
0 0.710799 0.527632 0.0273669 0.025
0 0.413462 0.572368 0.0554734 0.0671053
0 0.356694 0.567105 0.0122041 0.0131579
0 0.495747 0.928618 0.0403107 0.0519737
0 0.392382 0.602303 0.0539941 0.0730263
0 0.507396 0.715132 0.033284 0.0381579
0 0.510725 0.839474 0.035503 0.0486842
0 0.621117 0.750658 0.0114645 0.0447368
0 0.556768 0.375329 0.00850592 0.0375
0 0.517567 0.818421 0.0151627 0.025
0 0.575999 0.870066 0.0366124 0.0532895
0 0.412722 0.876316 0.00887574 0.0421053
0 0.575814 0.481908 0.022929 0.0546053
0 0.325074 0.758882 0.0739645 0.0572368
0 0.538092 0.665132 0.0362426 0.0407895
0 0.54253 0.811513 0.0369822 0.0493421
0 0.762574 0.684539 0.0251479 0.0453947
0 0.493158 0.721711 0.0551036 0.0868421
0 0.525333 0.840789 0.039571 0.0842105
0 0.395895 0.761184 0.0255178 0.0434211
0 0.482249 0.55625 0.0369822 0.0309211
0 0.524038 0.688816 0.0443787 0.0881579
0 0.679549 0.582566 0.0240385 0.0440789
0 0.400888 0.424671 0.0221893 0.0243421
0 0.477626 0.920395 0.0277367 0.0552632
0 0.409763 0.427961 0.0576923 0.0388158
0 0.642197 0.541118 0.0602811 0.0743421
0 0.526627 0.859539 0.0199704 0.0269737
0 0.819342 0.615461 0.00702663 0.0138158
0 0.810836 0.619408 0.00924556 0.0427632
0 0.527182 0.838158 0.016642 0.0210526
0 0.663462 0.668092 0.0244083 0.0322368
0 0.502404 0.535526 0.0159024 0.0276316
0 0.546783 0.454605 0.0218195 0.0302632
0 0.507766 0.444737 0.0177515 0.0342105
0 0.507212 0.639803 0.0336538 0.0401316
0 0.481139 0.616447 0.0184911 0.0197368
0 0.479475 0.659211 0.0380917 0.109211
0 0.760355 0.558224 0.012574 0.00855263
0 0.379253 0.616776 0.0255178 0.0559211
0 0.566383 0.63125 0.00702663 0.0190789
0 0.375185 0.520066 0.0203402 0.0203947
0 0.585429 0.41875 0.0177515 0.0335526
0 0.407914 0.932566 0.0399408 0.0506579
0 0.532729 0.853618 0.0417899 0.0401316
0 0.741494 0.494079 0.0266272 0.0276316
0 0.323595 0.424671 0.0340237 0.0414474
0 0.660688 0.446711 0.0232988 0.0236842
0 0.429734 0.526974 0.0214497 0.0197368
0 0.427885 0.611513 0.0406805 0.0993421
0 0.37574 0.573355 0.0258876 0.0296053
0 0.563055 0.475 0.0129438 0.0276316
0 0.58395 0.847368 0.0258876 0.0776316
0 0.585244 0.570395 0.0159024 0.0355263
0 0.408284 0.867105 0.00369822 0.0381579
0 0.576368 0.442105 0.0107249 0.0315789
0 0.592641 0.511184 0.00924556 0.0381579
0 0.412352 0.63125 0.0392012 0.0598684
0 0.534024 0.460855 0.0192308 0.0256579
0 0.483358 0.565789 0.0147929 0.0223684
0 0.550666 0.473684 0.0162722 0.0381579
0 0.530325 0.714474 0.0207101 0.0697368
0 0.377959 0.519079 0.0251479 0.0447368
0 0.488905 0.663158 0.0066568 0.0197368
0 0.535133 0.79375 0.0184911 0.0230263
0 0.421043 0.578618 0.0196006 0.0532895
0 0.757212 0.558882 0.0129438 0.0125
0 0.809541 0.582237 0.00813609 0.0157895
0 0.495932 0.759868 0.0273669 0.0394737
0 0.407175 0.728289 0.0539941 0.0289474
0 0.52108 0.563816 0.0384615 0.0460526
0 0.542714 0.363487 0.0122041 0.00986842
0 0.527922 0.757895 0.0129438 0.0210526
0 0.368528 0.652632 0.0122041 0.0276316
0 0.383321 0.546382 0.0247781 0.0282895
0 0.554919 0.582566 0.0107249 0.0375
0 0.465607 0.615132 0.0147929 0.0671053
0 0.73003 0.532237 0.0199704 0.0197368
0 0.308987 0.677961 0.0255178 0.0256579
0 0.516827 0.579605 0.0107249 0.0144737
0 0.558247 0.551645 0.0425296 0.0519737
0 0.57267 0.754605 0.039571 0.0407895
0 0.367234 0.656908 0.0273669 0.0243421
0 0.327478 0.428289 0.0218195 0.0157895
0 0.507212 0.668092 0.039571 0.0282895
0 0.562315 0.515789 0.0247781 0.0407895
0 0.825074 0.588816 0.0288462 0.0592105
0 0.400333 0.631579 0.0210799 0.0381579
0 0.531435 0.759211 0.0251479 0.0565789
0 0.509061 0.490461 0.0218195 0.0125
0 0.492788 0.600658 0.0144231 0.0157895
0 0.376479 0.573684 0.0591716 0.0447368
0 0.514423 0.610197 0.0133136 0.0282895
0 0.820821 0.614474 0.0684172 0.0723684
0 0.571006 0.586184 0.0155325 0.0263158
0 0.491679 0.782237 0.0343935 0.0342105
0 0.54179 0.905263 0.0281065 0.0434211
0 0.649038 0.590461 0.0118343 0.0138158
0 0.578957 0.439474 0.0218195 0.0631579
0 0.550666 0.83125 0.00961538 0.0480263
0 0.70821 0.727303 0.0428994 0.0375
0 0.443417 0.786513 0.0451183 0.0388158
0 0.55196 0.564474 0.0122041 0.0368421
0 0.340237 0.617434 0.0147929 0.0256579
0 0.629808 0.670724 0.0266272 0.0361842
0 0.831361 0.606579 0.0140533 0.0302632
0 0.466346 0.512829 0.0192308 0.0427632
0 0.394416 0.651645 0.0159024 0.0309211
0 0.617973 0.519408 0.0199704 0.0375
0 0.484652 0.542105 0.0210799 0.0210526
0 0.605214 0.601645 0.0159024 0.0296053
0 0.424741 0.777961 0.0240385 0.0598684
0 0.754068 0.559868 0.0288462 0.0421053
0 0.72966 0.66875 0.0162722 0.0361842
0 0.291975 0.690461 0.0684172 0.0585526
0 0.714312 0.676974 0.00702663 0.0631579
0 0.538092 0.444737 0.012574 0.0355263
0 0.676405 0.530263 0.0110947 0.0210526
0 0.573225 0.812829 0.0258876 0.0375
0 0.556583 0.666447 0.0303254 0.0302632
0 0.727811 0.537171 0.0369822 0.0506579
0 0.811391 0.587829 0.012574 0.0296053
0 0.942493 0.684211 0.0173817 0.0552632
0 0.38554 0.543421 0.0159024 0.0131579
0 0.586908 0.58125 0.0488166 0.0835526
0 0.476146 0.899342 0.029216 0.0328947
0 0.509061 0.963158 0.0388314 0.05
0 0.427145 0.558224 0.0140533 0.0361842
0 0.503328 0.5 0.0140533 0.0236842
0 0.462463 0.815132 0.00850592 0.0447368
0 0.612796 0.78125 0.0251479 0.0519737
0 0.492419 0.399013 0.0225592 0.0190789
0 0.56324 0.453947 0.0140533 0.0302632
0 0.334504 0.655921 0.0262574 0.0302632
0 0.462833 0.423355 0.0203402 0.0388158
0 0.466531 0.443421 0.0181213 0.025
0 0.50037 0.563487 0.0184911 0.0480263
0 0.590791 0.814474 0.0358728 0.0381579
0 0.675666 0.577961 0.0539941 0.0493421
0 0.362611 0.572039 0.0210799 0.0309211
0 0.622411 0.483224 0.0170118 0.0256579
0 0.519416 0.413158 0.0188609 0.0328947
0 0.596893 0.641776 0.0221893 0.0375
0 0.392567 0.656908 0.0255178 0.0506579
0 0.742049 0.493421 0.0536243 0.0684211
0 0.553439 0.358553 0.0277367 0.0631579
0 0.471709 0.584868 0.0188609 0.0421053
0 0.818047 0.616447 0.0236686 0.0473684
0 0.290865 0.723355 0.0780325 0.0743421
0 0.45747 0.497039 0.0273669 0.0414474
0 0.48946 0.740132 0.00924556 0.0671053
0 0.523669 0.691447 0.0258876 0.0539474
0 0.580621 0.527632 0.0110947 0.0434211
0 0.549926 0.667105 0.0258876 0.0671053
0 0.507766 0.940461 0.00443787 0.0480263
0 0.441938 0.764145 0.0147929 0.0506579
0 0.540126 0.441447 0.0336538 0.0552632
0 0.639423 0.640132 0.0599112 0.0526316
0 0.646265 0.59375 0.0240385 0.0203947
0 0.631102 0.668421 0.00554734 0.0342105
0 0.419379 0.120066 0.0140533 0.0375
0 0.550666 0.907895 0.0266272 0.0631579
0 0.455251 0.555921 0.0214497 0.0473684
0 0.391827 0.79375 0.0262574 0.0664474
0 0.475037 0.538158 0.0136834 0.0131579
0 0.43787 0.757566 0.00961538 0.0467105
0 0.462833 0.580921 0.0247781 0.0315789
0 0.607064 0.692105 0.0114645 0.0236842
0 0.640533 0.755592 0.0295858 0.0414474
0 0.720969 0.641447 0.0247781 0.0578947
0 0.638499 0.756579 0.0203402 0.0236842
0 0.575444 0.838487 0.0266272 0.0835526
0 0.412722 0.572039 0.0258876 0.0375
0 0.659393 0.449671 0.0517751 0.0467105
0 0.758506 0.553289 0.0547337 0.0578947
0 0.454882 0.563487 0.0192308 0.0230263
0 0.639793 0.720724 0.0732248 0.0664474
0 0.503328 0.469737 0.0251479 0.0657895
0 0.389423 0.50625 0.0133136 0.0125
0 0.50074 0.534211 0.022929 0.0552632
0 0.51054 0.497039 0.0225592 0.0217105
0 0.711723 0.725658 0.0173817 0.0473684
0 0.52108 0.896711 0.0155325 0.0171053
0 0.558432 0.755263 0.0347633 0.0407895
0 0.589682 0.845395 0.0366124 0.0315789
0 0.425851 0.703947 0.0159024 0.0526316
0 0.661243 0.617434 0.0318047 0.0230263
0 0.724667 0.730263 0.0477071 0.0302632
0 0.589127 0.780263 0.0221893 0.0368421
0 0.525888 0.724013 0.0621302 0.0611842
0 0.492234 0.414803 0.022929 0.0256579
0 0.692123 0.491776 0.0647189 0.0585526
0 0.623521 0.782895 0.0384615 0.0276316
0 0.482249 0.601974 0.0325444 0.0447368
0 0.587648 0.415132 0.022929 0.0578947
0 0.557692 0.907895 0.0325444 0.0342105
0 0.469305 0.496711 0.0133136 0.0618421
0 0.471339 0.390132 0.0181213 0.0263158
0 0.427145 0.555921 0.056213 0.0986842
0 0.815459 0.618421 0.00813609 0.0276316
0 0.457655 0.562829 0.039571 0.0532895
0 0.624815 0.670066 0.0661982 0.0664474
0 0.439719 0.423026 0.00887574 0.0342105
0 0.470414 0.490461 0.0177515 0.0282895
0 0.566938 0.586184 0.0177515 0.0157895
0 0.355584 0.601974 0.0602811 0.0763158
0 0.456731 0.697368 0.0295858 0.0263158
0 0.621857 0.609211 0.0240385 0.0539474
0 0.543269 0.780263 0.022929 0.0302632
0 0.423632 0.934868 0.0432692 0.0381579
0 0.462463 0.808882 0.00480769 0.0388158
0 0.473558 0.757895 0.0277367 0.0276316
0 0.408099 0.876645 0.00628698 0.0388158
0 0.554179 0.629276 0.0136834 0.0217105
0 0.307877 0.671382 0.0780325 0.0717105
0 0.608173 0.813487 0.0329142 0.0230263
0 0.607803 0.782895 0.0284763 0.0276316
0 0.467271 0.428618 0.0225592 0.0585526
0 0.341901 0.619079 0.0232988 0.0407895
0 0.512019 0.440461 0.0218195 0.0506579
0 0.480215 0.555263 0.0151627 0.0157895
0 0.52182 0.690461 0.0207101 0.0243421
0 0.445821 0.384868 0.0144231 0.0657895
0 0.404586 0.714145 0.0266272 0.0611842
0 0.326923 0.419737 0.0184911 0.025
0 0.374075 0.788487 0.0647189 0.0927632
0 0.657175 0.758224 0.0399408 0.0361842
0 0.507951 0.483224 0.0159024 0.0414474
0 0.505732 0.570395 0.0107249 0.0118421
0 0.512759 0.816118 0.00628698 0.0493421
0 0.371672 0.73125 0.0754438 0.0717105
0 0.550851 0.588158 0.0284763 0.0539474
0 0.235577 0.455263 0.0221893 0.0394737
0 0.369822 0.186513 0.0184911 0.0348684
0 0.523669 0.559539 0.0199704 0.0138158
0 0.475962 0.584868 0.0177515 0.0210526
0 0.548262 0.189474 0.0240385 0.00789474
0 0.471154 0.818421 0.0480769 0.0447368
0 0.424741 0.558553 0.0232988 0.0486842
0 0.791975 0.734211 0.0543639 0.0736842
0 0.311206 0.749671 0.0706361 0.111184
0 0.493528 0.906579 0.0299556 0.0328947
0 0.527552 0.388816 0.0129438 0.0342105
0 0.456546 0.873684 0.029216 0.0315789
0 0.724667 0.637829 0.0580621 0.0638158
0 0.818047 0.576974 0.0221893 0.0421053
0 0.993528 0.716118 0.00850592 0.0309211
0 0.388683 0.698026 0.0251479 0.0263158
0 0.808062 0.616776 0.0251479 0.0506579
0 0.546228 0.355921 0.0207101 0.05
0 0.50943 0.570724 0.0107249 0.0256579
0 0.409024 0.630263 0.0214497 0.0355263
0 0.674001 0.699342 0.0403107 0.0328947
0 0.403291 0.759539 0.072855 0.0796053
0 0.471339 0.676974 0.0218195 0.0236842
0 0.58395 0.721382 0.0221893 0.0559211
0 0.49963 0.397697 0.012574 0.0361842
0 0.392567 0.653947 0.0588018 0.0815789
0 0.601516 0.641447 0.0528846 0.0921053
0 0.525888 0.753289 0.0266272 0.0328947
0 0.808987 0.585526 0.0610207 0.05
0 0.990754 0.721053 0.0118343 0.0342105
0 0.357803 0.573684 0.0232988 0.0171053
0 0.822115 0.576645 0.0221893 0.0190789
0 0.444342 0.424013 0.0107249 0.0230263
0 0.522744 0.905921 0.0188609 0.0184211
0 0.512944 0.640461 0.0517751 0.113816
0 0.49963 0.534539 0.00739645 0.0348684
0 0.545118 0.546382 0.0184911 0.0322368
0 0.726516 0.525658 0.0232988 0.0407895
0 0.475592 0.785855 0.033284 0.0217105
0 0.413092 0.528947 0.022929 0.0368421
0 0.506287 0.608224 0.0244083 0.0401316
0 0.476516 0.639803 0.0136834 0.0427632
0 0.507027 0.627303 0.0140533 0.0230263
0 0.483358 0.388487 0.00961538 0.0269737
0 0.557507 0.45 0.00998521 0.0263158
0 0.586354 0.750329 0.00776627 0.0296053
0 0.808987 0.582237 0.0262574 0.0302632
0 0.555473 0.849342 0.0406805 0.0434211
0 0.522189 0.797368 0.0184911 0.0263158
0 0.82193 0.584211 0.0240385 0.0197368
0 0.420673 0.932895 0.0580621 0.0907895
0 0.440089 0.847697 0.0340237 0.0506579
0 0.340422 0.661184 0.0632396 0.0815789
0 0.492788 0.670395 0.0299556 0.0355263
0 0.8125 0.618421 0.0266272 0.0276316
0 0.49057 0.755921 0.0247781 0.025
0 0.541975 0.429934 0.0159024 0.0401316
0 0.453402 0.377961 0.0184911 0.0467105
0 0.759246 0.686513 0.0554734 0.0835526
0 0.497781 0.5125 0.0273669 0.0157895
0 0.595969 0.497697 0.0225592 0.0638158
0 0.624445 0.754934 0.029216 0.0243421
0 0.520895 0.526974 0.0388314 0.0960526
0 0.387759 0.508224 0.0240385 0.0348684
0 0.529586 0.445395 0.0177515 0.0355263
0 0.532914 0.493092 0.0192308 0.0256579
0 0.621302 0.750658 0.0266272 0.0684211
0 0.501109 0.600987 0.0177515 0.0203947
0 0.557323 0.588487 0.0236686 0.0322368
0 0.678994 0.527632 0.022929 0.0460526
0 0.516457 0.485855 0.0188609 0.0269737
0 0.518121 0.565461 0.0184911 0.0269737
0 0.548077 0.682566 0.0244083 0.0282895
0 0.557877 0.720395 0.0151627 0.0263158
0 0.272559 0.619737 0.0177515 0.0394737
0 0.424741 0.819079 0.039571 0.0302632
0 0.408284 0.876974 0.0414201 0.0342105
0 0.5723 0.847368 0.0240385 0.0289474
0 0.554919 0.898026 0.0632396 0.101316
0 0.80122 0.578947 0.0284763 0.0657895
0 0.464682 0.627632 0.039571 0.1
0 0.438794 0.760855 0.0351331 0.0296053
0 0.493343 0.661184 0.0170118 0.0368421
0 0.525888 0.669737 0.0162722 0.0407895
0 0.419194 0.671053 0.0573225 0.0828947
0 0.571376 0.637829 0.022929 0.0532895
0 0.48946 0.896382 0.0625 0.109868
0 0.441938 0.875987 0.0369822 0.0282895
0 0.64645 0.538816 0.0214497 0.0592105
0 0.457285 0.819737 0.039571 0.0315789
0 0.416975 0.484539 0.0225592 0.0401316
0 0.595599 0.476974 0.0232988 0.0473684
0 0.559172 0.669737 0.079142 0.0842105
0 0.524593 0.490132 0.0159024 0.0276316
0 0.40551 0.716776 0.0588018 0.0875
0 0.503513 0.507895 0.0210799 0.0236842
0 0.501849 0.707895 0.0221893 0.0302632
0 0.445636 0.632895 0.0162722 0.0486842
0 0.605769 0.804276 0.0732248 0.107237
0 0.533284 0.469408 0.0214497 0.0572368
0 0.659393 0.618092 0.0236686 0.0598684
0 0.524593 0.756908 0.0654586 0.0559211
0 0.48909 0.610526 0.0188609 0.0276316
0 0.655695 0.753289 0.0739645 0.0881579
0 0.538277 0.535197 0.0173817 0.0348684
0 0.449519 0.492105 0.0225592 0.0355263
0 0.446746 0.407237 0.0251479 0.025
0 0.460059 0.652303 0.0170118 0.0335526
0 0.529586 0.370724 0.0207101 0.0361842
0 0.42659 0.395066 0.0277367 0.0375
0 0.432322 0.619079 0.0140533 0.0315789
0 0.482433 0.714145 0.0188609 0.0375
0 0.425851 0.534211 0.0181213 0.0315789
0 0.567677 0.678289 0.0118343 0.0447368
0 0.538646 0.606579 0.0225592 0.0315789
0 0.711169 0.684868 0.0473373 0.0776316
0 0.521635 0.935197 0.0203402 0.0217105
0 0.442493 0.848026 0.0247781 0.0947368
0 0.473928 0.875987 0.029216 0.0269737
0 0.538277 0.410197 0.0196006 0.0625
0 0.442123 0.623684 0.0203402 0.0236842
0 0.554734 0.451645 0.0118343 0.0480263
0 0.555288 0.563816 0.026997 0.0526316
0 0.56287 0.747039 0.0569527 0.094079
0 0.544194 0.615461 0.0262574 0.0427632
0 0.45821 0.690461 0.0288462 0.0730263
0 0.659578 0.612171 0.0551036 0.0756579
0 0.472633 0.774342 0.0650888 0.0907895
0 0.59301 0.693421 0.0114645 0.05
0 0.591346 0.751645 0.0110947 0.0230263
0 0.505917 0.582566 0.0155325 0.0230263
0 0.989645 0.715132 0.00517751 0.0328947
0 0.276257 0.614474 0.0473373 0.0960526
0 0.476516 0.600987 0.0218195 0.0296053
0 0.5527 0.8375 0.0565828 0.125
0 0.444342 0.658553 0.0314349 0.126316
0 0.41679 0.431579 0.0251479 0.0394737
0 0.722263 0.724013 0.0591716 0.0861842
0 0.654031 0.586842 0.0247781 0.0407895
0 0.675111 0.694737 0.0639793 0.105263
0 0.485392 0.574342 0.0159024 0.0328947
0 0.577478 0.383224 0.00776627 0.0467105
0 0.409948 0.867434 0.0469675 0.115132
0 0.543084 0.564145 0.0255178 0.0664474
0 0.62463 0.751974 0.0680473 0.105263
0 0.49963 0.38125 0.0214497 0.0414474
0 0.552515 0.449671 0.010355 0.0296053
0 0.425851 0.654276 0.0181213 0.0375
0 0.457101 0.695395 0.058432 0.0947368
0 0.495007 0.388816 0.00776627 0.0368421
0 0.441753 0.610526 0.0232988 0.0263158
0 0.598373 0.523684 0.0170118 0.0434211
0 0.523669 0.611513 0.0266272 0.0217105
0 0.449519 0.534539 0.0314349 0.0532895
0 0.510725 0.927303 0.0473373 0.116447
0 0.482803 0.462829 0.0218195 0.0480263
0 0.455436 0.654605 0.0203402 0.0210526
0 0.56324 0.400329 0.0244083 0.0532895
0 0.463203 0.381579 0.0159024 0.0302632
0 0.44693 0.594737 0.0173817 0.0263158
0 0.525518 0.795724 0.0192308 0.0453947
0 0.421967 0.852961 0.0207101 0.0361842
0 0.493158 0.756579 0.0698965 0.0815789
0 0.453587 0.447368 0.0159024 0.0473684
0 0.514053 0.811513 0.0525148 0.107237
0 0.524038 0.396382 0.00813609 0.0348684
0 0.528291 0.581579 0.0210799 0.0342105
0 0.496302 0.416447 0.0244083 0.0434211
0 0.423262 0.806579 0.0462278 0.123684
0 0.445266 0.482895 0.0110947 0.0447368
0 0.422892 0.468092 0.00776627 0.0519737
0 0.449149 0.454934 0.00702663 0.0414474
0 0.431213 0.393421 0.00887574 0.05
0 0.604845 0.691118 0.0232988 0.0269737
0 0.497781 0.451316 0.0273669 0.0421053
0 0.426035 0.807237 0.0266272 0.0828947
0 0.523114 0.388816 0.0033284 0.0342105
0 0.477811 0.669408 0.0110947 0.0269737
0 0.595229 0.696053 0.0477071 0.0960526
0 0.575629 0.842434 0.0669379 0.121711
0 0.564904 0.744737 0.0210799 0.0368421
0 0.484467 0.629276 0.0177515 0.0348684
0 0.539941 0.516776 0.0155325 0.0322368
0 0.439719 0.863816 0.0421598 0.125
0 0.569896 0.464145 0.0236686 0.0375
0 0.473743 0.870395 0.0673077 0.105263
0 0.64571 0.585197 0.022929 0.0243421
0 0.505732 0.557237 0.0188609 0.0210526
0 0.461169 0.808882 0.0606509 0.111184
0 0.55159 0.831579 0.0240385 0.0894737
0 0.710059 0.728947 0.0288462 0.0657895
0 0.552145 0.629605 0.022929 0.0460526
0 0.534393 0.513816 0.0155325 0.0328947
0 0.446561 0.534539 0.0240385 0.0230263
0 0.514238 0.652961 0.0159024 0.0401316
0 0.508321 0.941776 0.026997 0.0611842
0 0.826738 0.614474 0.0225592 0.0421053
0 0.510355 0.557237 0.0192308 0.0315789
0 0.440643 0.753947 0.0388314 0.121053
0 0.522744 0.530263 0.0129438 0.0421053
0 0.522929 0.504605 0.0155325 0.0302632
0 0.493713 0.664803 0.0399408 0.121711
0 0.533469 0.588487 0.0232988 0.0348684
0 0.560836 0.375329 0.00702663 0.0388158
0 0.484283 0.574342 0.0247781 0.0565789
0 0.442123 0.63125 0.026997 0.0282895
0 0.504993 0.765132 0.026997 0.0578947
0 0.478735 0.387171 0.0122041 0.0361842
0 0.674741 0.698355 0.0262574 0.0677632
0 0.480584 0.550329 0.0218195 0.0256579
0 0.504808 0.385855 0.022929 0.0638158
0 0.518491 0.528289 0.00961538 0.0473684
0 0.493343 0.563158 0.022929 0.0315789
0 0.561945 0.534868 0.0122041 0.0434211
0 0.538462 0.387171 0.0221893 0.0453947
0 0.805288 0.727303 0.0262574 0.0559211
0 0.577293 0.534868 0.012574 0.0434211
0 0.52145 0.55625 0.0199704 0.0309211
0 0.463203 0.810197 0.026997 0.0782895
0 0.470229 0.536513 0.0122041 0.0296053
0 0.481139 0.609868 0.0199704 0.0407895
0 0.793084 0.728947 0.0277367 0.0513158
0 0.625185 0.491776 0.0210799 0.0532895
0 0.555288 0.541447 0.0232988 0.0368421
0 0.409209 0.876316 0.0255178 0.0789474
0 0.498891 0.500329 0.0110947 0.0414474
0 0.512944 0.378289 0.0221893 0.0394737
0 0.563979 0.482895 0.0258876 0.0578947
0 0.529586 0.845395 0.0251479 0.0460526
0 0.48003 0.7125 0.0288462 0.0578947
0 0.488351 0.430592 0.026997 0.0493421
0 0.433617 0.396382 0.026997 0.0625
0 0.355584 0.573026 0.0232988 0.0355263
0 0.605214 0.608553 0.0255178 0.05
0 0.442678 0.66875 0.0273669 0.0625
0 0.438794 0.758224 0.0240385 0.0809211
0 0.556213 0.719408 0.0281065 0.0546053
0 0.617604 0.534539 0.0244083 0.0453947
0 0.529586 0.666776 0.0266272 0.0730263
0 0.513499 0.817434 0.026997 0.0664474
0 0.600777 0.6375 0.0247781 0.0828947
0 0.546413 0.491447 0.0255178 0.0539474
0 0.522744 0.608882 0.0247781 0.0532895
0 0.538092 0.452632 0.0214497 0.0513158
0 0.471893 0.499013 0.0266272 0.0493421
0 0.463388 0.476316 0.0251479 0.0486842
0 0.493528 0.549671 0.026997 0.0453947
0 0.443232 0.43125 0.0284763 0.0427632
0 0.502404 0.707566 0.0255178 0.0730263
0 0.518491 0.577961 0.0207101 0.0375
0 0.534578 0.802961 0.0255178 0.0453947
0 0.492788 0.660855 0.0240385 0.0809211
0 0.350037 0.596053 0.026997 0.0342105
0 0.526073 0.489803 0.0240385 0.0414474
0 0.986871 0.714474 0.0262574 0.0460526
0 0.27108 0.616776 0.0273669 0.0611842
0 0.563425 0.460197 0.0262574 0.0519737
0 0.58432 0.580263 0.0244083 0.0644737
0 0.446376 0.386513 0.0266272 0.0348684
0 0.48003 0.637829 0.0266272 0.0585526
0 0.712463 0.685855 0.0284763 0.0559211
0 0.512944 0.411184 0.0251479 0.05
0 0.413646 0.671382 0.0299556 0.0585526
0 0.514238 0.654276 0.026997 0.0809211
0 0.564349 0.742434 0.0281065 0.0796053
0 0.475037 0.461842 0.0262574 0.0605263
0 0.546783 0.372697 0.0247781 0.0493421
0 0.51017 0.580263 0.0225592 0.0394737
0 0.501479 0.623684 0.0236686 0.0539474
0 0.48872 0.752632 0.0299556 0.0697368
0 0.510355 0.482895 0.0266272 0.0592105
0 0.455991 0.579605 0.0273669 0.0434211
0 0.589312 0.749342 0.0262574 0.0513158
0 0.522189 0.512171 0.0236686 0.0388158
0 0.475592 0.671053 0.0273669 0.0407895
0 0.637759 0.558224 0.0232988 0.0625
0 0.425296 0.471382 0.0273669 0.0559211
0 0.475777 0.388158 0.026997 0.05
0 0.538277 0.514145 0.0240385 0.0559211
0 0.591901 0.700329 0.0299556 0.0467105
0 0.517567 0.529276 0.0284763 0.0532895
0 0.527367 0.586184 0.0266272 0.0618421
0 0.550851 0.447039 0.0225592 0.0559211
0 0.571561 0.679276 0.0299556 0.0756579
0 0.492604 0.395724 0.0258876 0.0546053
0 0.451923 0.455921 0.0288462 0.05
0 0.463388 0.388158 0.0281065 0.0460526
0 0.575814 0.3875 0.0236686 0.0447368
0 0.463203 0.625987 0.0277367 0.0493421
0 0.593195 0.522368 0.0221893 0.0592105
0 0.442308 0.492434 0.0273669 0.0467105
0 0.52182 0.387829 0.0251479 0.0572368
0 0.580436 0.536842 0.026997 0.0513158
0 0.559911 0.536184 0.0258876 0.0631579
0 0.558987 0.374342 0.026997 0.0657895
0 0.467641 0.535526 0.0247781 0.0447368
0 0.538462 0.544079 0.0266272 0.0539474
0 0.497226 0.5 0.0277367 0.0434211
0 0.425666 0.619737 0.0266272 0.0473684
0 0.447485 0.602632 0.0295858 0.0434211
