0 0.214062 0.457407 0.00416667 0.00925926
0 0.176302 0.542593 0.0494792 0.0666667
0 0.158073 0.54537 0.0276042 0.0851852
0 0.276042 0.55 0.003125 0.0111111
0 0.20599 0.44537 0.00572917 0.0148148
0 0.188542 0.577778 0.015625 0.0333333
0 0.358333 0.551852 0.0322917 0.0333333
0 0.158333 0.564352 0.01875 0.0231481
0 0.280208 0.468056 0.00208333 0.0157407
0 0.548437 0.0925926 0.0114583 0.0481481
0 0.167448 0.517593 0.00364583 0.0148148
0 0.285677 0.484722 0.0515625 0.0638889
0 0.221615 0.45787 0.0546875 0.0583333
0 0.322917 0.522685 0.06875 0.0509259
0 0.239063 0.593982 0.015625 0.0231481
0 0.259375 0.53287 0.00208333 0.0101852
0 0.308594 0.53287 0.0286458 0.0805556
0 0.488542 0.0782407 0.00520833 0.0342593
0 0.294792 0.532407 0.00625 0.0111111
0 0.188281 0.471296 0.0234375 0.037037
0 0.230469 0.51713 0.00572917 0.00833333
0 0.200781 0.468056 0.00364583 0.0175926
0 0.09375 0.503241 0.0145833 0.037963
0 0.302344 0.537037 0.00364583 0.012963
0 0.139323 0.513889 0.0640625 0.05
0 0.284896 0.509722 0.00520833 0.00833333
0 0.210156 0.445833 0.00260417 0.0175926
0 0.146094 0.515741 0.00364583 0.0148148
0 0.279948 0.473148 0.0015625 0.0166667
0 0.297396 0.525463 0.00625 0.012037
0 0.154948 0.488889 0.0109375 0.0796296
0 0.242188 0.439352 0.0375 0.087963
0 0.292448 0.48287 0.0046875 0.012037
0 0.246875 0.519907 0.00416667 0.0268519
0 0.239583 0.532407 0.0166667 0.0259259
0 0.105729 0.507407 0.0114583 0.0407407
0 0.255208 0.45463 0.0510417 0.0388889
0 0.263281 0.602315 0.0348958 0.0490741
0 0.171875 0.563889 0.0583333 0.0574074
0 0.123698 0.544444 0.0567708 0.105556
0 0.125521 0.511111 0.003125 0.0111111
0 0.208854 0.502315 0.00416667 0.0175926
0 0.340104 0.514815 0.0510417 0.0611111
0 0.0304688 0.942593 0.00885417 0.0203704
0 0.305469 0.512963 0.00364583 0.0148148
0 0.589844 0.0842593 0.0151042 0.0203704
0 0.310677 0.521296 0.0046875 0.0407407
0 0.292448 0.488889 0.0046875 0.0111111
0 0.21276 0.470833 0.0223958 0.0305556
0 0.361198 0.544444 0.00989583 0.0462963
0 0.10651 0.543981 0.0109375 0.0361111
0 0.25625 0.505556 0.01875 0.0148148
0 0.300781 0.503241 0.0046875 0.0138889
0 0.134375 0.516204 0.0177083 0.012037
0 0.166927 0.523148 0.00364583 0.012963
0 0.259896 0.596296 0.003125 0.0185185
0 0.219531 0.533333 0.00885417 0.0537037
0 0.160156 0.541204 0.0140625 0.0194444
0 0.189063 0.463889 0.0458333 0.0814815
0 0.196354 0.459722 0.00729167 0.0101852
0 0.209115 0.452315 0.0046875 0.0138889
0 0.24375 0.531944 0.00729167 0.062037
0 0.271354 0.468056 0.00208333 0.0138889
0 0.153646 0.46713 0.0375 0.0787037
0 0.334115 0.491204 0.0161458 0.0138889
0 0.188021 0.524537 0.0229167 0.0361111
0 0.194531 0.461574 0.0192708 0.0268519
0 0.255208 0.593982 0.003125 0.0194444
0 0.272396 0.548611 0.00416667 0.0157407
0 0.245312 0.594907 0.0520833 0.0490741
0 0.277865 0.559722 0.0453125 0.0305556
0 0.234375 0.52037 0.003125 0.0148148
0 0.33724 0.490741 0.0161458 0.0240741
0 0.313542 0.526389 0.003125 0.0175926
0 0.301042 0.508796 0.00520833 0.00833333
0 0.247135 0.513426 0.00572917 0.0194444
0 0.301823 0.551852 0.0265625 0.0185185
0 0.288281 0.510648 0.00260417 0.0157407
0 0.204948 0.514815 0.0223958 0.037037
0 0.145573 0.519444 0.0213542 0.037037
0 0.102083 0.522222 0.00833333 0.0314815
0 0.17526 0.518519 0.0078125 0.0166667
0 0.198958 0.45 0.00520833 0.0185185
0 0.254687 0.490741 0.003125 0.0148148
0 0.210156 0.436574 0.0151042 0.0231481
0 0.302604 0.549537 0.0177083 0.0435185
0 0.2875 0.470833 0.0125 0.025
0 0.222656 0.497685 0.0119792 0.025
0 0.301562 0.497685 0.009375 0.0212963
0 0.27526 0.494907 0.00260417 0.0157407
0 0.24401 0.517593 0.00885417 0.012963
0 0.484635 0.0800926 0.00989583 0.025
0 0.139323 0.527778 0.0151042 0.0277778
0 0.303646 0.539352 0.0229167 0.0101852
0 0.226042 0.464815 0.015625 0.0185185
0 0.304948 0.506481 0.0046875 0.0148148
0 0.28724 0.589352 0.0182292 0.0138889
0 0.278125 0.5375 0.01875 0.0212963
0 0.351823 0.538426 0.00260417 0.037963
0 0.265885 0.50787 0.0161458 0.0194444
0 0.0981771 0.503241 0.00572917 0.0583333
0 0.216927 0.459722 0.00260417 0.0138889
0 0.254167 0.484259 0.0177083 0.00740741
0 0.807552 0.0458333 0.00989583 0.0564815
0 0.201823 0.543519 0.0140625 0.0277778
0 0.208333 0.549074 0.025 0.0259259
0 0.284115 0.458333 0.0192708 0.0240741
0 0.21849 0.533333 0.0171875 0.0351852
0 0.340625 0.493981 0.0677083 0.0564815
0 0.242969 0.511574 0.0078125 0.0157407
0 0.288542 0.593056 0.0333333 0.0916667
0 0.211458 0.538426 0.0541667 0.0675926
0 0.286458 0.50787 0.0114583 0.0287037
0 0.241406 0.603704 0.00989583 0.05
0 0.25026 0.455556 0.0078125 0.0259259
0 0.296875 0.534722 0.00520833 0.012037
0 0.598698 0.475926 0.0078125 0.0481481
0 0.250521 0.5 0.0229167 0.0185185
0 0.18724 0.522222 0.0484375 0.0907407
0 0.291146 0.491204 0.0125 0.0305556
0 0.289844 0.587963 0.0109375 0.0462963
0 0.274219 0.476389 0.0182292 0.0194444
0 0.316146 0.537037 0.0229167 0.0185185
0 0.161719 0.504167 0.00364583 0.0453704
0 0.166146 0.528704 0.0114583 0.0296296
0 0.24349 0.444444 0.00572917 0.0240741
0 0.165625 0.522685 0.01875 0.0305556
0 0.254687 0.600926 0.0208333 0.0148148
0 0.0940104 0.507407 0.0578125 0.05
0 0.128646 0.506019 0.00625 0.0305556
0 0.269531 0.461574 0.0182292 0.0324074
0 0.148177 0.484259 0.0046875 0.0222222
0 0.363021 0.5375 0.0625 0.0564815
0 0.158073 0.485648 0.00572917 0.0101852
0 0.186458 0.517593 0.00416667 0.0555556
0 0.153646 0.521759 0.0135417 0.0194444
0 0.109375 0.535648 0.046875 0.075
0 0.175 0.563889 0.0104167 0.0388889
0 0.245573 0.519907 0.0234375 0.0175926
0 0.688021 0.106019 0.0145833 0.0583333
0 0.16224 0.563889 0.00364583 0.037037
0 0.245052 0.552315 0.0421875 0.025
0 0.595312 0.477315 0.009375 0.0416667
0 0.114323 0.534259 0.0119792 0.0518519
0 0.216927 0.507407 0.00677083 0.012963
0 0.607292 0.597685 0.0104167 0.0342593
0 0.315885 0.519907 0.00364583 0.0194444
0 0.273177 0.502315 0.00260417 0.0212963
0 0.207292 0.543519 0.0135417 0.0240741
0 0.151823 0.514815 0.00677083 0.0240741
0 0.261458 0.50787 0.0145833 0.0268519
0 0.283854 0.500463 0.00416667 0.0101852
0 0.297135 0.513426 0.0171875 0.0175926
0 0.3125 0.522685 0.015625 0.0212963
0 0.236198 0.513889 0.00677083 0.0259259
0 0.281771 0.537963 0.0114583 0.0425926
0 0.220833 0.551852 0.0322917 0.0296296
0 0.25625 0.590278 0.0104167 0.0305556
0 0.16276 0.578241 0.0182292 0.0194444
0 0.297135 0.530556 0.00572917 0.012963
0 0.115104 0.544444 0.009375 0.0277778
0 0.242448 0.44537 0.00989583 0.0351852
0 0.173698 0.572685 0.00677083 0.0398148
0 0.107292 0.528241 0.0208333 0.025
0 0.207031 0.506019 0.00989583 0.0361111
0 0.110937 0.536574 0.00416667 0.0453704
0 0.182812 0.573611 0.0145833 0.0268519
0 0.160938 0.503241 0.01875 0.0490741
0 0.298177 0.505093 0.0151042 0.0175926
0 0.250521 0.475926 0.0177083 0.0296296
0 0.278646 0.554167 0.0104167 0.0287037
0 0.211458 0.452778 0.028125 0.0240741
0 0.356771 0.544444 0.0114583 0.0240741
0 0.114583 0.530093 0.0239583 0.0324074
0 0.257031 0.48287 0.00364583 0.0361111
0 0.205469 0.549537 0.0234375 0.0490741
0 0.611458 0.598148 0.009375 0.0277778
0 0.277344 0.543981 0.0140625 0.0453704
0 0.24401 0.512963 0.0213542 0.0111111
0 0.264323 0.502778 0.0223958 0.0518519
0 0.290104 0.600926 0.025 0.0203704
0 0.211458 0.446759 0.0166667 0.0268519
0 0.357031 0.537963 0.0046875 0.0314815
0 0.278646 0.475463 0.00833333 0.0194444
0 0.200781 0.468056 0.0130208 0.0305556
0 0.257031 0.530093 0.00364583 0.0305556
0 0.352604 0.544444 0.00416667 0.0240741
0 0.111719 0.550463 0.0171875 0.0231481
0 0.370313 0.54537 0.003125 0.0314815
0 0.249219 0.603704 0.0182292 0.0222222
0 0.202865 0.463426 0.00885417 0.0157407
0 0.153906 0.49213 0.00989583 0.0194444
0 0.298698 0.537963 0.0161458 0.0166667
0 0.338802 0.499537 0.0244792 0.0398148
0 0.286198 0.513889 0.00677083 0.0240741
0 0.2625 0.595833 0.00833333 0.0194444
0 0.213021 0.512037 0.015625 0.0277778
0 0.253125 0.492593 0.00625 0.0259259
0 0.159115 0.519907 0.0203125 0.0453704
0 0.295052 0.484722 0.00989583 0.0268519
0 0.271875 0.475 0.015625 0.037037
0 0.215625 0.462963 0.003125 0.0240741
0 0.365625 0.538889 0.00208333 0.0314815
0 0.290365 0.513426 0.0078125 0.0287037
0 0.285156 0.592593 0.0130208 0.0277778
0 0.242188 0.55 0.0135417 0.0777778
0 0.369271 0.537037 0.003125 0.0462963
0 0.182552 0.481481 0.00885417 0.0277778
0 0.239583 0.455093 0.00520833 0.0157407
0 0.304427 0.512963 0.0192708 0.0333333
0 0.181771 0.528241 0.00833333 0.025
0 0.108073 0.519907 0.00989583 0.0361111
0 0.157292 0.572685 0.00520833 0.0361111
0 0.186198 0.52963 0.0119792 0.0277778
0 0.232292 0.520833 0.00520833 0.0231481
0 0.186979 0.475926 0.00520833 0.0388889
0 0.192448 0.538426 0.0140625 0.0398148
0 0.236458 0.520833 0.0114583 0.0305556
0 0.170833 0.525463 0.0145833 0.0231481
0 0.352865 0.538426 0.0223958 0.025
0 0.283333 0.476389 0.0114583 0.0287037
0 0.261198 0.528704 0.0078125 0.0407407
0 0.303906 0.506481 0.0119792 0.0296296
0 0.310937 0.529167 0.003125 0.0212963
0 0.335156 0.52963 0.0203125 0.012963
0 0.247917 0.475 0.0197917 0.0611111
0 0.129948 0.520833 0.0213542 0.0361111
0 0.157813 0.514815 0.00520833 0.0240741
0 0.124479 0.5125 0.00520833 0.0361111
0 0.0989583 0.513426 0.0114583 0.0342593
0 0.611458 0.605556 0.0208333 0.0314815
0 0.149479 0.5125 0.00520833 0.0324074
0 0.190625 0.536574 0.00625 0.0287037
0 0.15026 0.518056 0.0140625 0.0194444
0 0.258073 0.594907 0.00677083 0.0212963
0 0.24401 0.597222 0.0140625 0.0185185
0 0.169792 0.519444 0.00416667 0.0296296
0 0.273958 0.471296 0.00833333 0.0314815
0 0.177604 0.573611 0.0145833 0.025
0 0.161719 0.572222 0.0109375 0.0259259
0 0.1875 0.481944 0.0145833 0.0305556
0 0.111198 0.543056 0.0109375 0.0305556
0 0.19375 0.536111 0.00625 0.0351852
0 0.240365 0.543519 0.00364583 0.0259259
0 0.16224 0.515278 0.00677083 0.0305556
0 0.283333 0.468981 0.00729167 0.0342593
0 0.0942708 0.514352 0.00625 0.0212963
0 0.198958 0.461574 0.00625 0.0212963
0 0.365885 0.54537 0.00677083 0.0277778
0 0.315104 0.529167 0.00833333 0.0268519
0 0.211979 0.50463 0.009375 0.0314815
0 0.241667 0.549074 0.015625 0.0277778
0 0.245052 0.543056 0.0046875 0.0287037
0 0.273698 0.551852 0.0151042 0.037037
0 0.128906 0.513889 0.0119792 0.0314815
0 0.216146 0.543981 0.015625 0.0361111
0 0.153125 0.486111 0.00625 0.0222222
0 0.270052 0.470833 0.0078125 0.0305556
0 0.279427 0.506019 0.00989583 0.0324074
0 0.219792 0.461574 0.009375 0.0342593
0 0.244531 0.455093 0.00677083 0.0231481
0 0.257812 0.534722 0.009375 0.0287037
0 0.24401 0.512963 0.0234375 0.0481481
0 0.36849 0.53287 0.0296875 0.0398148
0 0.278906 0.499074 0.00260417 0.0240741
0 0.33125 0.529167 0.0260417 0.0324074
0 0.335156 0.52963 0.0265625 0.0574074
0 0.176563 0.573611 0.025 0.0564815
0 0.255729 0.592593 0.025 0.0351852
0 0.24349 0.594444 0.0244792 0.0407407
0 0.10625 0.518981 0.0239583 0.062037
0 0.209896 0.446759 0.0239583 0.0564815
0 0.18151 0.52963 0.0255208 0.0722222
0 0.289323 0.594907 0.0244792 0.0453704
0 0.09375 0.513889 0.025 0.0666667
0 0.35026 0.544907 0.0265625 0.0546296
0 0.296875 0.535648 0.0239583 0.0546296
0 0.610156 0.603241 0.0276042 0.062037
0 0.19375 0.538426 0.0270833 0.0638889
0 0.280469 0.54213 0.0265625 0.0564815
0 0.302083 0.506019 0.025 0.062037
0 0.28151 0.468519 0.0276042 0.062963
0 0.184896 0.483333 0.025 0.05
0 0.292969 0.485185 0.0244792 0.0537037
0 0.109375 0.542593 0.0239583 0.0481481
0 0.242448 0.456019 0.0265625 0.0564815
0 0.288281 0.513889 0.0255208 0.0518519
0 0.160417 0.572685 0.0260417 0.0601852
0 0.148438 0.515278 0.028125 0.0657407
0 0.16849 0.522685 0.0255208 0.062037
0 0.230469 0.520833 0.0255208 0.0564815
0 0.363021 0.543981 0.028125 0.0694444
0 0.198177 0.462037 0.0244792 0.0574074
0 0.214062 0.543519 0.0270833 0.0611111
0 0.210677 0.506481 0.0265625 0.0574074
0 0.128125 0.514352 0.0260417 0.0638889
0 0.273177 0.551852 0.0276042 0.0574074
0 0.244271 0.544444 0.028125 0.0611111
0 0.151562 0.485648 0.0260417 0.0675926
0 0.25599 0.491667 0.0276042 0.0425926
0 0.314323 0.530093 0.0265625 0.0453704
0 0.255469 0.537037 0.0286458 0.062963
0 0.21901 0.4625 0.0265625 0.0638889
0 0.26849 0.469444 0.0286458 0.0611111
0 0.276823 0.498611 0.0265625 0.075
