0 0.641927 0.808796 0.0140625 0.0138889
0 0.673958 0.678704 0.009375 0.0333333
0 0.781771 0.328704 0.0260417 0.00740741
0 0.439323 0.681944 0.0140625 0.0157407
0 0.856771 0.720833 0.025 0.0342593
0 0.558073 0.686111 0.0161458 0.0425926
0 0.642448 0.801852 0.0192708 0.0166667
0 0.94375 0.731481 0.00729167 0.00925926
0 0.625781 0.73287 0.00572917 0.012037
0 0.572656 0.766204 0.0182292 0.0361111
0 0.713802 0.753241 0.0390625 0.0490741
0 0.254427 0.384722 0.00989583 0.0212963
0 0.638542 0.742593 0.009375 0.0148148
0 0.702344 0.697685 0.0130208 0.0472222
0 0.600781 0.748148 0.0046875 0.0203704
0 0.733854 0.702778 0.003125 0.0166667
0 0.902604 0.696759 0.0166667 0.0287037
0 0.652865 0.322222 0.00885417 0.0259259
0 0.641146 0.792593 0.0208333 0.037037
0 0.807813 0.746296 0.0135417 0.0574074
0 0.68125 0.706019 0.0270833 0.0194444
0 0.436458 0.361111 0.0104167 0.0111111
0 0.963802 0.666667 0.0130208 0.0203704
0 0.359375 0.365278 0.025 0.037963
0 0.475781 0.714815 0.0369792 0.0962963
0 0.473177 0.446759 0.0119792 0.012037
0 0.861458 0.661111 0.0489583 0.12963
0 0.468229 0.735648 0.015625 0.012037
0 0.319531 0.337037 0.0119792 0.00925926
0 0.341406 0.752778 0.0515625 0.0703704
0 0.37526 0.358796 0.0130208 0.0194444
0 0.676823 0.697222 0.0046875 0.0259259
0 0.434375 0.675463 0.0135417 0.0194444
0 0.615885 0.789352 0.0109375 0.0361111
0 0.15625 0.751852 0.0197917 0.00925926
0 0.426562 0.711111 0.0229167 0.05
0 0.709115 0.74213 0.00572917 0.0453704
0 0.677865 0.755556 0.0130208 0.0481481
0 0.682292 0.680556 0.021875 0.0388889
0 0.855729 0.481944 0.009375 0.0194444
0 0.954948 0.724537 0.00677083 0.0138889
0 0.729167 0.687037 0.0520833 0.125926
0 0.860677 0.703241 0.0182292 0.0416667
0 0.309115 0.340278 0.0192708 0.0416667
0 0.769531 0.656482 0.0234375 0.0148148
0 0.215625 0.439352 0.0114583 0.0175926
0 0.307292 0.74213 0.0135417 0.0305556
0 0.304688 0.364815 0.0135417 0.0185185
0 0.205469 0.394907 0.0109375 0.0157407
0 0.736198 0.741667 0.0161458 0.0240741
0 0.715625 0.725463 0.0125 0.0657407
0 0.417708 0.725926 0.0104167 0.0537037
0 0.231771 0.501852 0.0135417 0.00555556
0 0.242708 0.403704 0.0104167 0.0148148
0 0.959115 0.726852 0.00572917 0.0166667
0 0.400521 0.730556 0.0333333 0.0111111
0 0.605729 0.793519 0.0135417 0.0481481
0 0.794271 0.663426 0.0364583 0.147222
0 0.652604 0.809259 0.04375 0.0833333
0 0.924219 0.7 0.0265625 0.0166667
0 0.914844 0.725463 0.0161458 0.0638889
0 0.435677 0.68287 0.0151042 0.0231481
0 0.752604 0.667593 0.0135417 0.0407407
0 0.42526 0.740278 0.0276042 0.112037
0 0.869531 0.67037 0.0411458 0.0425926
0 0.801302 0.696296 0.0109375 0.0685185
0 0.91276 0.975926 0.00572917 0.0166667
0 0.290885 0.527315 0.0130208 0.0231481
0 0.659635 0.310185 0.0130208 0.0296296
0 0.698698 0.331944 0.0182292 0.0361111
0 0.682813 0.802315 0.0114583 0.0287037
0 0.652604 0.811574 0.015625 0.0638889
0 0.53776 0.693056 0.0161458 0.0435185
0 0.601823 0.69213 0.0348958 0.025
0 0.341406 0.636574 0.0140625 0.012037
0 0.809896 0.340741 0.015625 0.0166667
0 0.754948 0.693056 0.0380208 0.0435185
0 0.397656 0.543981 0.0151042 0.012037
0 0.465104 0.695833 0.01875 0.0398148
0 0.688281 0.712963 0.0265625 0.0981481
0 0.507812 0.437963 0.0135417 0.0148148
0 0.735677 0.327778 0.0109375 0.0148148
0 0.933333 0.666667 0.0489583 0.0537037
0 0.656771 0.697685 0.0145833 0.0157407
0 0.841406 0.785648 0.00677083 0.0675926
0 0.647917 0.780093 0.0364583 0.0268519
0 0.66849 0.731481 0.0140625 0.0166667
0 0.19375 0.412037 0.0145833 0.00555556
0 0.660417 0.718982 0.0104167 0.0342593
0 0.685677 0.673148 0.0161458 0.0259259
0 0.635156 0.740278 0.00885417 0.012037
0 0.855729 0.418981 0.0114583 0.0638889
0 0.464844 0.353704 0.00677083 0.0111111
0 0.476823 0.681944 0.0140625 0.0231481
0 0.678646 0.235185 0.0208333 0.0314815
0 0.560417 0.757407 0.0385417 0.0277778
0 0.855469 0.741667 0.0244792 0.0351852
0 0.65599 0.681944 0.0130208 0.0324074
0 0.642448 0.769907 0.00572917 0.0138889
0 0.68776 0.826389 0.0244792 0.037963
0 0.811979 0.778704 0.0510417 0.127778
0 0.227083 0.501389 0.0114583 0.012037
0 0.70651 0.344907 0.0192708 0.0768519
0 0.745573 0.747222 0.0411458 0.125926
0 0.852083 0.423611 0.0114583 0.0398148
0 0.936198 0.670833 0.0296875 0.0361111
0 0.491927 0.720833 0.0473958 0.087963
0 0.827865 0.740741 0.0161458 0.0314815
0 0.736198 0.346296 0.00989583 0.0240741
0 0.633854 0.665741 0.0166667 0.0296296
0 0.316667 0.334722 0.01875 0.0361111
0 0.223177 0.760185 0.0203125 0.0166667
0 0.860417 0.731481 0.0104167 0.0703704
0 0.714063 0.7125 0.00625 0.0268519
0 0.948177 0.312037 0.0151042 0.0111111
0 0.909635 0.692593 0.0442708 0.183333
0 0.464844 0.360648 0.00677083 0.0175926
0 0.360417 0.728704 0.0104167 0.0240741
0 0.963281 0.687963 0.0442708 0.0685185
0 0.223177 0.732407 0.0317708 0.12037
0 0.657031 0.312963 0.00885417 0.0203704
0 0.313542 0.697222 0.021875 0.037037
0 0.492448 0.70787 0.0171875 0.0342593
0 0.830469 0.735185 0.0369792 0.0314815
0 0.977344 0.708796 0.0203125 0.0305556
0 0.409375 0.719444 0.00729167 0.0351852
0 0.788281 0.645833 0.0130208 0.0194444
0 0.391146 0.748148 0.0541667 0.0648148
0 0.632292 0.791667 0.0135417 0.0592593
0 0.250781 0.387037 0.0119792 0.0148148
0 0.634115 0.706944 0.0046875 0.012037
0 0.309896 0.363426 0.009375 0.0416667
0 0.644531 0.952778 0.0609375 0.0574074
0 0.535677 0.6875 0.00885417 0.0194444
0 0.642708 0.69537 0.0447917 0.122222
0 0.896615 0.715741 0.0390625 0.114815
0 0.625 0.702315 0.00520833 0.0157407
0 0.115104 0.349074 0.0125 0.0111111
0 0.851562 0.416667 0.00625 0.0481481
0 0.746875 0.684722 0.01875 0.0416667
0 0.159896 0.756019 0.0229167 0.0212963
0 0.810156 0.713889 0.0411458 0.155556
0 0.789583 0.670833 0.0125 0.0509259
0 0.51849 0.749537 0.0203125 0.025
0 0.53125 0.475 0.015625 0.0296296
0 0.385938 0.482407 0.009375 0.0462963
0 0.31875 0.720833 0.0125 0.0361111
0 0.350781 0.688889 0.0151042 0.037037
0 0.773438 0.668981 0.0447917 0.0490741
0 0.869531 0.690741 0.0130208 0.0555556
0 0.790885 0.747222 0.0286458 0.188889
0 0.611719 0.808333 0.0473958 0.0759259
0 0.776302 0.780093 0.0526042 0.0898148
0 0.921615 0.764815 0.00885417 0.0351852
0 0.424479 0.703704 0.0354167 0.0814815
0 0.645312 0.802778 0.0260417 0.0444444
0 0.710417 0.720833 0.0375 0.152778
0 0.73125 0.680556 0.0166667 0.0240741
0 0.961979 0.710648 0.0166667 0.0212963
0 0.371354 0.763889 0.00833333 0.0611111
0 0.786719 0.763426 0.0213542 0.037963
0 0.939844 0.651852 0.0161458 0.0240741
0 0.640625 0.733796 0.0125 0.0324074
0 0.532031 0.686574 0.00364583 0.0212963
0 0.114063 0.405556 0.0135417 0.0166667
0 0.642187 0.766204 0.0229167 0.0212963
0 0.932031 0.746296 0.0203125 0.0574074
0 0.621615 0.720833 0.0463542 0.075
0 0.857031 0.919444 0.00677083 0.012963
0 0.86224 0.691667 0.0401042 0.0740741
0 0.876562 0.686111 0.025 0.0222222
0 0.602865 0.741204 0.0119792 0.0287037
0 0.885938 0.725 0.0125 0.0518519
0 0.59375 0.739815 0.0145833 0.0185185
0 0.894531 0.67963 0.00677083 0.0185185
0 0.590365 0.668519 0.0546875 0.062963
0 0.702865 0.772222 0.0432292 0.0925926
0 0.633073 0.769444 0.0182292 0.0351852
0 0.373437 0.758333 0.0270833 0.062963
0 0.192448 0.40463 0.0140625 0.00740741
0 0.558854 0.695833 0.0427083 0.10463
0 0.377344 0.708796 0.0213542 0.0361111
0 0.605729 0.781482 0.01875 0.0407407
0 0.946875 0.734722 0.00625 0.0175926
0 0.574219 0.718982 0.0213542 0.0361111
0 0.870052 0.733333 0.0171875 0.0425926
0 0.296875 0.699537 0.015625 0.0212963
0 0.291667 0.533796 0.0208333 0.0138889
0 0.739062 0.333796 0.0145833 0.037963
0 0.798698 0.669444 0.0213542 0.0518519
0 0.91875 0.697222 0.0125 0.0185185
0 0.214844 0.431481 0.0130208 0.0111111
0 0.385938 0.743056 0.0104167 0.0546296
0 0.8375 0.771759 0.0208333 0.0361111
0 0.767708 0.757407 0.025 0.0425926
0 0.414062 0.695833 0.0166667 0.0416667
0 0.523438 0.709722 0.0114583 0.0601852
0 0.254167 0.5375 0.0125 0.0268519
0 0.384115 0.751852 0.0109375 0.012963
0 0.4375 0.717593 0.04375 0.0907407
0 0.73125 0.3375 0.01875 0.00833333
0 0.688021 0.751852 0.0416667 0.0759259
0 0.626562 0.74537 0.0322917 0.107407
0 0.226042 0.498148 0.0197917 0.0111111
0 0.841406 0.760185 0.0338542 0.101852
0 0.459635 0.725463 0.0255208 0.0342593
0 0.64349 0.702778 0.00885417 0.0592593
0 0.939844 0.705093 0.0182292 0.0416667
0 0.535937 0.725463 0.021875 0.0601852
0 0.754948 0.727778 0.0307292 0.0907407
0 0.627344 0.791667 0.0151042 0.0240741
0 0.528125 0.452778 0.00833333 0.0277778
0 0.403385 0.707407 0.0213542 0.0574074
0 0.833073 0.778241 0.0640625 0.0675926
0 0.657292 0.718982 0.0520833 0.0898148
0 0.872917 0.726852 0.0375 0.0925926
0 0.472917 0.683796 0.0135417 0.0138889
0 0.84401 0.688426 0.0182292 0.0324074
0 0.257031 0.535648 0.00989583 0.037963
0 0.344271 0.652315 0.0125 0.0157407
0 0.947396 0.687037 0.0145833 0.05
0 0.547396 0.797222 0.0291667 0.0277778
0 0.633854 0.736574 0.0114583 0.0101852
0 0.952344 0.72037 0.0192708 0.0537037
0 0.209635 0.396296 0.0130208 0.0185185
0 0.854688 0.475 0.0114583 0.0203704
0 0.802083 0.693056 0.0177083 0.025
0 0.641927 0.781944 0.0421875 0.112037
0 0.590104 0.726389 0.00729167 0.0398148
0 0.677344 0.668519 0.0161458 0.0314815
0 0.735156 0.339352 0.0109375 0.0175926
0 0.682031 0.741204 0.0119792 0.0324074
0 0.707812 0.705093 0.0125 0.037963
0 0.790104 0.668981 0.0145833 0.0194444
0 0.856771 0.72037 0.0416667 0.0907407
0 0.83125 0.666204 0.0458333 0.0787037
0 0.226823 0.759259 0.0151042 0.00925926
0 0.55651 0.680093 0.00677083 0.0175926
0 0.577865 0.696759 0.0119792 0.0583333
0 0.7 0.756481 0.0177083 0.0185185
0 0.616667 0.780556 0.0604167 0.0981481
0 0.739844 0.697685 0.0223958 0.0324074
0 0.403906 0.718982 0.0557292 0.0935185
0 0.825 0.690741 0.0322917 0.0222222
0 0.307292 0.724537 0.0572917 0.075
0 0.552083 0.680556 0.00416667 0.0166667
0 0.35026 0.726389 0.00260417 0.0324074
0 0.520833 0.739352 0.03125 0.126852
0 0.85625 0.930556 0.00520833 0.0222222
0 0.204948 0.402315 0.0140625 0.0194444
0 0.76901 0.652778 0.0130208 0.0259259
0 0.776302 0.711111 0.0296875 0.0351852
0 0.873698 0.698148 0.0192708 0.0333333
0 0.606771 0.719444 0.00833333 0.0277778
0 0.558854 0.809722 0.040625 0.0805556
0 0.627344 0.713426 0.0078125 0.0324074
0 0.646615 0.780093 0.00989583 0.0657407
0 0.686458 0.692593 0.0208333 0.0166667
0 0.472135 0.731944 0.0182292 0.0472222
0 0.489323 0.70463 0.0078125 0.0277778
0 0.735156 0.723148 0.0453125 0.0851852
0 0.626823 0.485648 0.0078125 0.0490741
0 0.86224 0.747222 0.0484375 0.0888889
0 0.886979 0.75 0.0427083 0.0925926
0 0.477344 0.734722 0.0182292 0.0212963
0 0.591146 0.693519 0.046875 0.0555556
0 0.801823 0.6875 0.0463542 0.0805556
0 0.589063 0.748148 0.0427083 0.103704
0 0.440625 0.702315 0.01875 0.0638889
0 0.660417 0.788889 0.0197917 0.0425926
0 0.726823 0.725463 0.00885417 0.0435185
0 0.901302 0.726389 0.0348958 0.0509259
0 0.885417 0.736574 0.0208333 0.0212963
0 0.652083 0.954167 0.025 0.0101852
0 0.15651 0.759259 0.0213542 0.0111111
0 0.350781 0.731944 0.00260417 0.0268519
0 0.758073 0.75 0.0442708 0.0851852
0 0.444271 0.683796 0.0125 0.0175926
0 0.460417 0.678704 0.0135417 0.0222222
0 0.752604 0.739815 0.015625 0.0333333
0 0.221354 0.75787 0.0239583 0.075
0 0.521875 0.726852 0.0104167 0.0259259
0 0.908594 0.722222 0.0401042 0.0888889
0 0.518229 0.725926 0.00833333 0.0259259
0 0.651302 0.941204 0.0213542 0.0194444
0 0.879687 0.744907 0.00625 0.0231481
0 0.9 0.686574 0.0197917 0.0212963
0 0.840885 0.654167 0.00989583 0.025
0 0.935938 0.664815 0.0135417 0.0351852
0 0.459635 0.719907 0.00885417 0.0342593
0 0.844271 0.782407 0.009375 0.0222222
0 0.354948 0.726389 0.0453125 0.0546296
0 0.397396 0.711574 0.009375 0.025
0 0.427344 0.733333 0.0213542 0.0425926
0 0.660417 0.726389 0.00416667 0.0305556
0 0.371615 0.714815 0.0046875 0.0296296
0 0.784375 0.779167 0.00729167 0.0342593
0 0.588802 0.748611 0.0046875 0.0138889
0 0.870313 0.664815 0.0208333 0.0240741
0 0.842188 0.688889 0.0135417 0.0185185
0 0.873438 0.671296 0.046875 0.0888889
0 0.807031 0.728241 0.0109375 0.0453704
0 0.85651 0.725463 0.0130208 0.0324074
0 0.661458 0.777778 0.0427083 0.0944444
0 0.053125 0.270833 0.0177083 0.0287037
0 0.601823 0.688426 0.00989583 0.0842593
0 0.622656 0.486111 0.00989583 0.037037
0 0.573177 0.708796 0.0213542 0.0231481
0 0.464063 0.721759 0.0104167 0.0305556
0 0.755729 0.685648 0.0177083 0.0361111
0 0.790104 0.784722 0.0427083 0.0546296
0 0.697656 0.726852 0.0140625 0.0351852
0 0.736719 0.688889 0.0119792 0.037037
0 0.414062 0.735648 0.0208333 0.037963
0 0.697396 0.704167 0.0166667 0.0416667
0 0.899479 0.680093 0.0114583 0.0194444
0 0.870313 0.656944 0.0135417 0.0175926
0 0.389062 0.752315 0.0125 0.0101852
0 0.610156 0.722222 0.0338542 0.103704
0 0.465625 0.358333 0.021875 0.0166667
0 0.51875 0.732407 0.0135417 0.0314815
0 0.00989583 0.441204 0.0197917 0.0231481
0 0.753906 0.670833 0.0484375 0.0787037
0 0.376302 0.723148 0.0182292 0.0185185
0 0.840625 0.671759 0.03125 0.0212963
0 0.75625 0.750463 0.00833333 0.0231481
0 0.765625 0.653241 0.0145833 0.0157407
0 0.229948 0.496296 0.0171875 0.0203704
0 0.883854 0.752778 0.0208333 0.037037
0 0.731771 0.7875 0.0291667 0.025
0 0.685938 0.701389 0.0197917 0.0175926
0 0.835156 0.669444 0.0203125 0.0351852
0 0.789583 0.652315 0.0208333 0.0268519
0 0.634635 0.334722 0.0171875 0.0324074
0 0.95599 0.726389 0.0348958 0.0805556
0 0.923437 0.696296 0.0135417 0.0240741
0 0.401563 0.721759 0.00625 0.0138889
0 0.855729 0.919907 0.0614583 0.0694444
0 0.322656 0.735648 0.0234375 0.0324074
0 0.554948 0.668056 0.0151042 0.0287037
0 0.845052 0.724537 0.0296875 0.0175926
0 0.967969 0.707407 0.0203125 0.0296296
0 0.464583 0.350926 0.0197917 0.00925926
0 0.665104 0.733796 0.0208333 0.0287037
0 0.827083 0.719907 0.0166667 0.0287037
0 0.223177 0.75787 0.0651042 0.0898148
0 0.884375 0.74537 0.0135417 0.0277778
0 0.576823 0.739815 0.0140625 0.0425926
0 0.810156 0.757407 0.00885417 0.0462963
0 0.436719 0.357407 0.0192708 0.0166667
0 0.44375 0.688889 0.01875 0.0259259
0 0.861458 0.931481 0.0125 0.0314815
0 0.391927 0.204167 0.0223958 0.025
0 0.872396 0.693056 0.0375 0.0453704
0 0.372656 0.723148 0.0442708 0.0592593
0 0.430208 0.720833 0.0197917 0.025
0 0.589844 0.765741 0.0192708 0.0444444
0 0.60599 0.725463 0.00364583 0.0175926
0 0.680469 0.693519 0.0453125 0.0944444
0 0.827865 0.719907 0.0296875 0.102778
0 0.389583 0.758333 0.0229167 0.0203704
0 0.505729 0.704167 0.00520833 0.0324074
0 0.447917 0.721759 0.0177083 0.0342593
0 0.476562 0.727315 0.015625 0.0212963
0 0.113802 0.412963 0.0151042 0.0166667
0 0.50599 0.712037 0.0140625 0.0388889
0 0.538281 0.716667 0.0369792 0.125926
0 0.83125 0.728704 0.00833333 0.0222222
0 0.430729 0.729167 0.0239583 0.0194444
0 0.970312 0.67963 0.0135417 0.0259259
0 0.848958 0.712963 0.0208333 0.0277778
0 0.413542 0.383333 0.01875 0.0240741
0 0.930729 0.764815 0.00729167 0.0333333
0 0.685417 0.75463 0.009375 0.0740741
0 0.755469 0.75463 0.00885417 0.0685185
0 0.363802 0.772222 0.0536458 0.105556
0 0.64974 0.956019 0.0140625 0.0194444
0 0.793229 0.689352 0.0114583 0.0361111
0 0.535156 0.709722 0.00989583 0.0342593
0 0.68099 0.699537 0.00885417 0.0212963
0 0.648958 0.960648 0.0302083 0.0212963
0 0.397396 0.725926 0.0114583 0.012963
0 0.373437 0.774537 0.00833333 0.0342593
0 0.599479 0.677315 0.0447917 0.108333
0 0.864323 0.660648 0.0203125 0.0398148
0 0.338021 0.735648 0.0104167 0.012037
0 0.927083 0.755093 0.040625 0.112037
0 0.825 0.685185 0.0177083 0.0148148
0 0.861198 0.918981 0.00989583 0.0453704
0 0.745052 0.661574 0.0140625 0.0527778
0 0.460677 0.717593 0.0401042 0.122222
0 0.93776 0.693519 0.0244792 0.0481481
0 0.489844 0.699537 0.0255208 0.125
0 0.81901 0.689352 0.0192708 0.037963
0 0.577604 0.755556 0.0166667 0.0351852
0 0.838802 0.774537 0.00885417 0.0472222
0 0.639583 0.741667 0.0197917 0.0333333
0 0.864583 0.75 0.0197917 0.0314815
0 0.941667 0.690741 0.0385417 0.103704
0 0.714844 0.748611 0.0171875 0.0268519
0 0.835417 0.780556 0.00520833 0.0296296
0 0.902083 0.714352 0.0197917 0.0305556
0 0.595052 0.725926 0.0140625 0.0259259
0 0.640365 0.769907 0.0130208 0.037963
0 0.510677 0.706019 0.0078125 0.025
0 0.44375 0.706481 0.0177083 0.0259259
0 0.682813 0.812037 0.009375 0.0222222
0 0.960417 0.722685 0.0322917 0.0268519
0 0.972917 0.701389 0.0229167 0.0342593
0 0.304167 0.753704 0.0447917 0.0981481
0 0.539323 0.712037 0.00989583 0.0277778
0 0.733073 0.697222 0.0130208 0.0407407
0 0.22526 0.760648 0.0203125 0.0453704
0 0.550521 0.782407 0.0572917 0.1
0 0.955729 0.736574 0.0229167 0.0287037
0 0.330469 0.441667 0.0182292 0.0481481
0 0.80599 0.764815 0.0119792 0.0425926
0 0.376302 0.715741 0.0109375 0.0277778
0 0.49349 0.714352 0.0078125 0.0342593
0 0.610156 0.718518 0.00885417 0.0166667
0 0.508073 0.698611 0.0286458 0.113889
0 0.752344 0.756481 0.0151042 0.0240741
0 0.364583 0.772685 0.00520833 0.0305556
0 0.741406 0.70787 0.0171875 0.0268519
0 0.671875 0.675 0.0197917 0.0351852
0 0.629167 0.710648 0.0177083 0.0361111
0 0.909375 0.749537 0.01875 0.0527778
0 0.611719 0.793519 0.0213542 0.0314815
0 0.752344 0.749074 0.0109375 0.0222222
0 0.728125 0.777778 0.0395833 0.1
0 0.827344 0.725926 0.00885417 0.0259259
0 0.510677 0.7125 0.0119792 0.0231481
0 0.322656 0.727778 0.0588542 0.111111
0 0.594531 0.755556 0.0182292 0.0203704
0 0.647656 0.713426 0.00989583 0.0194444
0 0.517969 0.740741 0.0255208 0.0555556
0 0.539583 0.719444 0.0145833 0.0296296
0 0.623958 0.736111 0.00520833 0.0259259
0 0.30599 0.754167 0.0151042 0.0157407
0 0.811458 0.727315 0.0114583 0.0453704
0 0.53099 0.68287 0.0192708 0.0305556
0 0.35599 0.728241 0.0380208 0.128704
0 0.972396 0.715278 0.040625 0.0453704
0 0.627865 0.727315 0.0046875 0.0490741
0 0.628385 0.74213 0.0192708 0.0212963
0 0.909115 0.743056 0.00989583 0.0453704
0 0.686198 0.801389 0.0130208 0.0435185
0 0.7125 0.711574 0.0177083 0.0194444
0 0.64974 0.773148 0.00677083 0.0166667
0 0.703646 0.775 0.0322917 0.0277778
0 0.811198 0.773611 0.0213542 0.0324074
0 0.624479 0.707407 0.00208333 0.0296296
0 0.776563 0.706019 0.0145833 0.0305556
0 0.397135 0.718982 0.00572917 0.0175926
0 0.644271 0.719444 0.0145833 0.0222222
0 0.355469 0.733796 0.00572917 0.025
0 0.610156 0.726852 0.00885417 0.0185185
0 0.577865 0.705556 0.0192708 0.037037
0 0.683073 0.756019 0.0213542 0.0212963
0 0.913281 0.742593 0.00989583 0.0518519
0 0.59401 0.748611 0.0109375 0.0138889
0 0.555469 0.713426 0.0182292 0.025
0 0.377083 0.718056 0.0395833 0.128704
0 0.735417 0.334259 0.0166667 0.0259259
0 0.334635 0.734259 0.0078125 0.0166667
0 0.927344 0.756019 0.0140625 0.0435185
0 0.598177 0.686574 0.0213542 0.0268519
0 0.714323 0.74213 0.0109375 0.0324074
0 0.367448 0.766667 0.0078125 0.0351852
0 0.558073 0.753241 0.0161458 0.0361111
0 0.664844 0.728704 0.0119792 0.0222222
0 0.489323 0.711111 0.0046875 0.0296296
0 0.577344 0.748148 0.00885417 0.0296296
0 0.334635 0.727778 0.00989583 0.0222222
0 0.682292 0.75 0.015625 0.0203704
0 0.644271 0.7125 0.00833333 0.0212963
0 0.547656 0.790278 0.0119792 0.025
0 0.414323 0.718982 0.0130208 0.0305556
0 0.788802 0.781944 0.0130208 0.0324074
0 0.646615 0.718518 0.0109375 0.0759259
0 0.317187 0.728241 0.00625 0.0342593
0 0.840885 0.7875 0.0234375 0.0324074
0 0.66276 0.772222 0.0213542 0.0259259
0 0.628125 0.697685 0.00104167 0.0231481
0 0.572917 0.748148 0.00625 0.0240741
0 0.73151 0.727778 0.0161458 0.0296296
0 0.730469 0.783796 0.00989583 0.075
0 0.605469 0.787037 0.0078125 0.0314815
0 0.934896 0.660185 0.025 0.0240741
0 0.322135 0.729167 0.00989583 0.0324074
0 0.767969 0.749537 0.0109375 0.0453704
0 0.926823 0.764815 0.00885417 0.0407407
0 0.30625 0.760185 0.0229167 0.0222222
0 0.68724 0.819907 0.0171875 0.0231481
0 0.726302 0.780556 0.0171875 0.0314815
0 0.948958 0.735648 0.0177083 0.0342593
0 0.59349 0.726852 0.0234375 0.0407407
0 0.944271 0.743519 0.021875 0.0351852
0 0.840104 0.782407 0.0135417 0.0240741
0 0.686979 0.812037 0.009375 0.0277778
0 0.794271 0.66713 0.021875 0.0324074
0 0.86901 0.652315 0.0192708 0.0305556
0 0.660417 0.778704 0.0114583 0.0314815
0 0.85651 0.927778 0.0140625 0.0388889
0 0.628385 0.780093 0.0182292 0.037963
0 0.561198 0.748148 0.00885417 0.0296296
0 0.367969 0.774537 0.0119792 0.0324074
0 0.552344 0.789352 0.0182292 0.0361111
0 0.773438 0.75 0.0135417 0.0425926
0 0.698698 0.766204 0.0151042 0.0305556
0 0.769271 0.661111 0.021875 0.0351852
0 0.868229 0.749537 0.0197917 0.0842593
0 0.448177 0.701389 0.0203125 0.0675926
0 0.844531 0.719907 0.0171875 0.025
0 0.665365 0.780093 0.0140625 0.0342593
0 0.857292 0.725 0.0208333 0.0759259
0 0.555469 0.676389 0.0255208 0.0472222
0 0.628646 0.706019 0.00416667 0.0268519
0 0.611198 0.787963 0.0119792 0.0314815
0 0.627604 0.735648 0.0125 0.0305556
0 0.897396 0.674074 0.025 0.0444444
0 0.465365 0.716667 0.0203125 0.0814815
0 0.523958 0.724074 0.0229167 0.0685185
0 0.702865 0.765278 0.0171875 0.0435185
0 0.967188 0.676389 0.025 0.0435185
0 0.55651 0.746759 0.00885417 0.037963
0 0.839844 0.662037 0.0223958 0.037037
0 0.94401 0.689815 0.0223958 0.0740741
0 0.885677 0.741204 0.0203125 0.0731481
0 0.823438 0.682407 0.0229167 0.0611111
0 0.873438 0.68287 0.0208333 0.0824074
0 0.777344 0.705556 0.0234375 0.0759259
0 0.646354 0.948611 0.021875 0.0472222
0 0.710156 0.712963 0.0213542 0.0518519
0 0.68125 0.69537 0.01875 0.0814815
0 0.432552 0.71713 0.0182292 0.0675926
0 0.645052 0.77037 0.0109375 0.0351852
0 0.790625 0.771296 0.0197917 0.0814815
0 0.860417 0.927778 0.0166667 0.0592593
0 0.377083 0.711574 0.0239583 0.0935185
0 0.73151 0.727315 0.0234375 0.0712963
0 0.388802 0.749537 0.0192708 0.075
0 0.477083 0.725463 0.021875 0.0694444
0 0.540104 0.709259 0.0229167 0.0666667
0 0.902604 0.712037 0.0177083 0.0703704
0 0.444792 0.721759 0.025 0.0546296
0 0.727344 0.778704 0.0234375 0.0722222
0 0.355469 0.727315 0.0255208 0.0842593
0 0.322396 0.727778 0.025 0.0851852
0 0.305469 0.751852 0.0244792 0.0703704
0 0.752604 0.681944 0.0229167 0.0768519
0 0.914583 0.740741 0.0239583 0.0851852
0 0.827865 0.724537 0.0182292 0.0675926
0 0.367448 0.773611 0.0255208 0.0824074
0 0.55651 0.712963 0.0244792 0.0759259
0 0.80651 0.734722 0.0244792 0.0675926
0 0.510417 0.705093 0.0197917 0.0712963
0 0.414844 0.716204 0.0244792 0.0675926
0 0.715104 0.739352 0.0229167 0.0824074
0 0.752865 0.747685 0.0213542 0.0731481
0 0.68125 0.748148 0.0208333 0.0666667
0 0.960677 0.726389 0.0234375 0.0509259
0 0.334115 0.735185 0.0265625 0.0685185
0 0.611458 0.725926 0.021875 0.0648148
0 0.64349 0.711574 0.0223958 0.075
0 0.926823 0.763889 0.0244792 0.0740741
0 0.598177 0.683796 0.0234375 0.0824074
0 0.577865 0.748611 0.0234375 0.062037
0 0.665365 0.726852 0.0234375 0.0777778
0 0.577083 0.70463 0.0239583 0.0851852
0 0.550781 0.7875 0.0265625 0.075
0 0.397917 0.718518 0.0229167 0.0611111
0 0.972396 0.706944 0.025 0.075
0 0.490365 0.711111 0.0223958 0.062963
0 0.59375 0.747222 0.0208333 0.0611111
0 0.839063 0.77963 0.0239583 0.0722222
0 0.811458 0.764815 0.0260417 0.0666667
0 0.797917 0.691204 0.025 0.0601852
0 0.736719 0.70463 0.0234375 0.0592593
0 0.84375 0.719907 0.0239583 0.0638889
0 0.610677 0.7875 0.0265625 0.0731481
0 0.774219 0.748611 0.0244792 0.0712963
0 0.628385 0.780093 0.0244792 0.0694444
0 0.949479 0.735648 0.025 0.0527778
0 0.665885 0.780556 0.0234375 0.0666667
0 0.685938 0.810648 0.0239583 0.0583333
0 0.703906 0.765741 0.0265625 0.0666667
0 0.628646 0.736111 0.0260417 0.0592593
0 0.627344 0.706481 0.0265625 0.0685185
0 0.55599 0.751389 0.0276042 0.062037
0 0.644792 0.773611 0.0270833 0.0638889
