0 0.517448 0.671759 0.0338542 0.037963
0 0.535417 0.687963 0.0114583 0.0388889
0 0.601562 0.72037 0.00416667 0.00740741
0 0.592448 0.667593 0.0192708 0.0240741
0 0.582031 0.668981 0.0046875 0.0101852
0 0.536198 0.673611 0.00677083 0.0138889
0 0.401563 0.680556 0.00625 0.00925926
0 0.609115 0.672222 0.0151042 0.0296296
0 0.639063 0.666667 0.0354167 0.0740741
0 0.504687 0.674537 0.009375 0.0194444
0 0.50599 0.6625 0.00364583 0.012037
0 0.589323 0.703704 0.0046875 0.0037037
0 0.405729 0.674074 0.0104167 0.0314815
0 0.53099 0.660185 0.00677083 0.0185185
0 0.467187 0.664815 0.0166667 0.0185185
0 0.504948 0.680093 0.00885417 0.00648148
0 0.477083 0.686574 0.034375 0.0268519
0 0.460156 0.65463 0.00885417 0.0314815
0 0.585156 0.675463 0.00260417 0.0157407
0 0.555469 0.658796 0.0046875 0.0138889
0 0.463021 0.67037 0.0333333 0.0462963
0 0.535417 0.661574 0.00520833 0.00833333
0 0.527083 0.666667 0.00625 0.0111111
0 0.706771 0.909722 0.0520833 0.0768519
0 0.501042 0.6625 0.00520833 0.0175926
0 0.526042 0.660185 0.00520833 0.0111111
0 0.552344 0.684722 0.0213542 0.025
0 0.64349 0.677778 0.00364583 0.0203704
0 0.601302 0.67037 0.00364583 0.012963
0 0.588542 0.698148 0.00416667 0.0037037
0 0.459115 0.661574 0.0046875 0.0138889
0 0.564062 0.68287 0.00833333 0.012037
0 0.517708 0.660185 0.00520833 0.0166667
0 0.514583 0.681944 0.009375 0.0157407
0 0.539583 0.681019 0.00833333 0.0101852
0 0.564583 0.698611 0.00520833 0.012037
0 0.472656 0.667593 0.0046875 0.00555556
0 0.58099 0.697222 0.00260417 0.00740741
0 0.60026 0.678704 0.0328125 0.0462963
0 0.471875 0.662037 0.00520833 0.00925926
0 0.541406 0.685185 0.0359375 0.0296296
0 0.601823 0.661574 0.0161458 0.0231481
0 0.631771 0.677778 0.0239583 0.037037
0 0.53776 0.661574 0.00572917 0.0157407
0 0.54401 0.690278 0.0161458 0.0398148
0 0.483854 0.661574 0.00729167 0.0157407
0 0.539062 0.66713 0.00520833 0.0194444
0 0.51224 0.673148 0.0171875 0.0296296
0 0.592188 0.699537 0.00208333 0.0157407
0 0.505729 0.668056 0.0135417 0.0175926
0 0.478906 0.688426 0.00364583 0.00833333
0 0.509635 0.689815 0.0078125 0.012963
0 0.474219 0.688426 0.00677083 0.00277778
0 0.517708 0.684722 0.0114583 0.0453704
0 0.493229 0.679167 0.0260417 0.0324074
0 0.504427 0.653241 0.0192708 0.0231481
0 0.638542 0.675 0.00416667 0.0185185
0 0.522656 0.668056 0.00677083 0.0157407
0 0.583854 0.669444 0.00416667 0.0203704
0 0.509635 0.667593 0.00572917 0.0166667
0 0.517969 0.667593 0.0046875 0.012963
0 0.521615 0.681019 0.00572917 0.0138889
0 0.534115 0.668519 0.0119792 0.0166667
0 0.510156 0.682407 0.00885417 0.00925926
0 0.404427 0.68287 0.0046875 0.0138889
0 0.577604 0.693981 0.0197917 0.0175926
0 0.509115 0.660648 0.0046875 0.0212963
0 0.504427 0.689815 0.0078125 0.0111111
0 0.546094 0.661111 0.0046875 0.0166667
0 0.542448 0.668519 0.0182292 0.0203704
0 0.708073 0.924537 0.0328125 0.0305556
0 0.47474 0.671296 0.0296875 0.037037
0 0.551823 0.666667 0.0078125 0.0111111
0 0.58724 0.677315 0.0192708 0.0287037
0 0.530729 0.667593 0.00729167 0.0203704
0 0.546875 0.666667 0.00520833 0.012963
0 0.596354 0.707407 0.025 0.0351852
0 0.478385 0.693981 0.0276042 0.0194444
0 0.570573 0.686111 0.0171875 0.0203704
0 0.521615 0.688889 0.00572917 0.0111111
0 0.496875 0.652778 0.015625 0.0259259
0 0.578906 0.690741 0.0046875 0.012963
0 0.529427 0.674537 0.00989583 0.0194444
0 0.538021 0.676389 0.00520833 0.0175926
0 0.580208 0.681944 0.00833333 0.0472222
0 0.528646 0.662037 0.0197917 0.0148148
0 0.549479 0.670833 0.0229167 0.0231481
0 0.528385 0.67037 0.0317708 0.0277778
0 0.503385 0.65463 0.0078125 0.0296296
0 0.486719 0.664352 0.0276042 0.0212963
0 0.52526 0.65463 0.0161458 0.0259259
0 0.50599 0.680556 0.0109375 0.05
0 0.513021 0.677315 0.0177083 0.0712963
0 0.519531 0.664352 0.0171875 0.012037
0 0.511198 0.663889 0.0140625 0.0185185
0 0.49974 0.663426 0.0140625 0.0212963
0 0.608333 0.714352 0.00729167 0.0231481
0 0.702604 0.916204 0.0114583 0.0212963
0 0.645573 0.679167 0.0119792 0.0231481
0 0.523698 0.686574 0.0182292 0.0157407
0 0.640885 0.671296 0.0140625 0.0222222
0 0.554427 0.667593 0.00677083 0.0185185
0 0.546875 0.687037 0.0125 0.0148148
0 0.507031 0.693519 0.0359375 0.0277778
0 0.51224 0.684259 0.0307292 0.0333333
0 0.560677 0.701852 0.0046875 0.0240741
0 0.553646 0.693519 0.009375 0.0148148
0 0.707292 0.916667 0.009375 0.0185185
0 0.590365 0.700926 0.0161458 0.0240741
0 0.534375 0.659259 0.01875 0.0407407
0 0.636458 0.678704 0.0166667 0.0259259
0 0.548958 0.662037 0.015625 0.0166667
0 0.582552 0.693056 0.0192708 0.0268519
0 0.604167 0.718982 0.015625 0.0416667
0 0.407292 0.686574 0.0208333 0.0231481
0 0.595312 0.700463 0.0104167 0.0268519
0 0.603125 0.713889 0.0104167 0.0240741
0 0.598177 0.671759 0.0119792 0.0231481
0 0.565885 0.701389 0.0130208 0.0324074
0 0.601042 0.675 0.0229167 0.0185185
0 0.557552 0.669907 0.0161458 0.025
0 0.548698 0.693519 0.0161458 0.0203704
0 0.634635 0.668981 0.0203125 0.0194444
0 0.492708 0.675463 0.0166667 0.0601852
0 0.563021 0.690741 0.0166667 0.0314815
0 0.476823 0.687037 0.0213542 0.0814815
0 0.484375 0.65787 0.0197917 0.0472222
0 0.526302 0.667593 0.0203125 0.0555556
0 0.600521 0.712963 0.025 0.0166667
0 0.505469 0.6875 0.0223958 0.0601852
0 0.508333 0.661111 0.01875 0.05
0 0.500781 0.657407 0.0213542 0.0388889
0 0.516927 0.661574 0.0203125 0.0435185
0 0.471615 0.659259 0.0213542 0.0481481
0 0.56276 0.681019 0.0244792 0.0324074
0 0.584375 0.667593 0.021875 0.0240741
0 0.459375 0.659722 0.0208333 0.0342593
0 0.521875 0.689352 0.021875 0.0490741
0 0.601823 0.667593 0.0265625 0.0259259
0 0.705729 0.9125 0.0239583 0.0361111
0 0.639583 0.674537 0.0260417 0.0453704
0 0.405469 0.681944 0.0244792 0.0527778
0 0.563542 0.697685 0.028125 0.0435185
0 0.546094 0.659722 0.0234375 0.0361111
0 0.580729 0.687037 0.0239583 0.0648148
0 0.538021 0.673611 0.021875 0.0490741
0 0.555208 0.666204 0.025 0.0490741
0 0.592188 0.695833 0.0260417 0.0398148
0 0.547917 0.687037 0.0239583 0.062963
