0 0.0223958 0.572685 0.0447917 0.0675926
0 0.995833 0.386574 0.00833333 0.0472222
0 0.928125 0.807407 0.0385417 0.0796296
0 0.692448 0.486111 0.0546875 0.0537037
0 0.834115 0.674074 0.0109375 0.0703704
0 0.672917 0.306019 0.00416667 0.037963
0 0.244531 0.82037 0.0213542 0.0314815
0 0.192969 0.504167 0.0203125 0.0453704
0 0.602865 0.583333 0.0213542 0.00925926
0 0.744792 0.418981 0.0489583 0.0675926
0 0.392708 0.544444 0.0260417 0.012963
0 0.305469 0.541667 0.00260417 0.0333333
0 0.960677 0.328241 0.0244792 0.0157407
0 0.540625 0.549074 0.0166667 0.0407407
0 0.246875 0.62037 0.003125 0.0185185
0 0.0742188 0.798148 0.0109375 0.0148148
0 0.84375 0.423611 0.01875 0.0268519
0 0.920573 0.539352 0.0484375 0.0972222
0 0.330208 0.512037 0.053125 0.0851852
0 0.246615 0.623611 0.0192708 0.0287037
0 0.423438 0.540278 0.0104167 0.0546296
0 0.994792 0.486574 0.009375 0.0324074
0 0.285417 0.532407 0.0260417 0.0222222
0 0.875521 0.513889 0.040625 0.0777778
0 0.792969 0.485185 0.0171875 0.0444444
0 0.450781 0.561111 0.0015625 0.012963
0 0.970312 0.371296 0.0239583 0.0259259
0 0.99375 0.780093 0.0125 0.0212963
0 0.635938 0.439815 0.0166667 0.0222222
0 0.779688 0.336111 0.0479167 0.0574074
0 0.260938 0.639352 0.0145833 0.037963
0 0.839844 0.435185 0.0296875 0.0259259
0 0.740885 0.284722 0.0223958 0.0212963
0 0.514844 0.548148 0.00885417 0.037037
0 0.0111979 0.5625 0.0223958 0.0231481
0 0.995573 0.346759 0.00885417 0.0157407
0 0.740365 0.386111 0.0046875 0.0296296
0 0.992188 0.257407 0.015625 0.0314815
0 0.740104 0.467593 0.00729167 0.0148148
0 0.496094 0.522222 0.0140625 0.0259259
0 0.765104 0.37963 0.01875 0.037037
0 0.773958 0.639815 0.015625 0.0351852
0 0.969792 0.540741 0.0145833 0.0333333
0 0.99375 0.334722 0.0125 0.025
0 0.886198 0.825463 0.0192708 0.0157407
0 0.936979 0.334259 0.0166667 0.0574074
0 0.659635 0.563426 0.0192708 0.0509259
0 0.429948 0.544907 0.0401042 0.0898148
0 0.635156 0.599537 0.00885417 0.0287037
0 0.61875 0.615741 0.0177083 0.0277778
0 0.85625 0.74537 0.0322917 0.0388889
0 0.586719 0.583796 0.0161458 0.0361111
0 0.627865 0.605556 0.0421875 0.0722222
0 0.254427 0.368056 0.00885417 0.0287037
0 0.992188 0.833796 0.015625 0.0157407
0 0.70625 0.453704 0.0135417 0.0296296
0 0.822917 0.583796 0.0479167 0.0675926
0 0.578385 0.599537 0.0192708 0.0212963
0 0.977083 0.458796 0.021875 0.0324074
0 0.494271 0.516204 0.00833333 0.0138889
0 0.640625 0.418056 0.0166667 0.0268519
0 0.676823 0.364815 0.0432292 0.0685185
0 0.952865 0.393981 0.0078125 0.0472222
0 0.639323 0.0365741 0.0151042 0.0268519
0 0.983073 0.38287 0.0192708 0.0472222
0 0.861719 0.534259 0.0140625 0.0314815
0 0.961719 0.450926 0.0317708 0.111111
0 0.898438 0.790741 0.0114583 0.037037
0 0.951302 0.444907 0.0432292 0.0509259
0 0.830729 0.677778 0.028125 0.0222222
0 0.726562 0.469907 0.0197917 0.0157407
0 0.824219 0.596759 0.0109375 0.0157407
0 0.439323 0.527315 0.0078125 0.0435185
0 0.747135 0.311574 0.0119792 0.0342593
0 0.779688 0.368519 0.0125 0.012963
0 0.275 0.570833 0.0364583 0.108333
0 0.640625 0.449074 0.0125 0.0148148
0 0.716406 0.734259 0.0046875 0.0148148
0 0.781771 0.439352 0.0197917 0.0212963
0 0.766927 0.756481 0.00885417 0.0555556
0 0.283073 0.566204 0.0328125 0.0231481
0 0.359375 0.556944 0.0114583 0.0324074
0 0.685417 0.639815 0.0166667 0.0277778
0 0.469271 0.547685 0.0177083 0.012037
0 0.239583 0.564815 0.0166667 0.0444444
0 0.802344 0.285648 0.0317708 0.0175926
0 0.973698 0.31713 0.0484375 0.0842593
0 0.977865 0.813426 0.00989583 0.0305556
0 0.77474 0.356481 0.0140625 0.0333333
0 0.836198 0.380093 0.0328125 0.0231481
0 0.702865 0.637037 0.0161458 0.0407407
0 0.83151 0.664352 0.0119792 0.0231481
0 0.939583 0.305556 0.0520833 0.101852
0 0.839583 0.549074 0.01875 0.0796296
0 0.76901 0.452778 0.0182292 0.0148148
0 0.801562 0.5625 0.0302083 0.0305556
0 0.73125 0.343519 0.0239583 0.0296296
0 0.680208 0.308796 0.00520833 0.0842593
0 0.986979 0.520833 0.0260417 0.025
0 0.698177 0.297685 0.0109375 0.0398148
0 0.903646 0.778241 0.0239583 0.025
0 0.964063 0.852778 0.00729167 0.0388889
0 0.941146 0.469907 0.0229167 0.025
0 0.696875 0.498148 0.021875 0.0759259
0 0.370573 0.514352 0.0203125 0.0305556
0 0.480208 0.562037 0.009375 0.0351852
0 0.748177 0.752315 0.0151042 0.0268519
0 0.752083 0.656482 0.03125 0.0351852
0 0.847396 0.677778 0.0125 0.037037
0 0.66875 0.600463 0.0197917 0.0453704
0 0.915104 0.768981 0.0385417 0.0435185
0 0.284896 0.379167 0.00729167 0.0435185
0 0.599479 0.623148 0.00520833 0.0148148
0 0.260417 0.590278 0.0270833 0.0342593
0 0.595573 0.636574 0.0119792 0.0342593
0 0.823438 0.62963 0.0322917 0.0814815
0 0.960677 0.758796 0.0078125 0.0268519
0 0.573698 0.574537 0.0421875 0.0824074
0 0.896875 0.504167 0.0104167 0.0398148
0 0.189583 0.538889 0.0447917 0.0925926
0 0.927604 0.78287 0.0135417 0.0305556
0 0.902344 0.329167 0.0203125 0.0268519
0 0.810677 0.65463 0.0161458 0.037037
0 0.905208 0.33287 0.0385417 0.102778
0 0.64401 0.347222 0.00989583 0.0777778
0 0.2125 0.495833 0.0447917 0.0990741
0 0.844531 0.728241 0.0390625 0.0342593
0 0.7375 0.632407 0.05 0.111111
0 0.0945313 0.543519 0.0411458 0.0944444
0 0.64375 0.368519 0.028125 0.0351852
0 0.786458 0.265741 0.0166667 0.0407407
0 0.760417 0.335185 0.0125 0.0555556
0 0.603125 0.566204 0.0166667 0.0453704
0 0.852865 0.690741 0.0182292 0.0314815
0 0.915625 0.512037 0.0166667 0.0166667
0 0.970573 0.37963 0.0296875 0.0259259
0 0.995573 0.854167 0.00885417 0.0287037
0 0.819531 0.459259 0.0213542 0.0833333
0 0.990885 0.355093 0.0182292 0.0305556
0 0.745313 0.393056 0.0239583 0.0231481
0 0.363021 0.561111 0.0416667 0.0888889
0 0.55026 0.544907 0.0130208 0.00833333
0 0.798177 0.666204 0.0130208 0.0564815
0 0.928125 0.318519 0.0135417 0.0259259
0 0.769271 0.460648 0.01875 0.0138889
0 0.025 0.490741 0.05 0.101852
0 0.991406 0.372685 0.0171875 0.0157407
0 0.93724 0.422222 0.0119792 0.0333333
0 0.700781 0.655093 0.0130208 0.0138889
0 0.996094 0.284722 0.00572917 0.0175926
0 0.86901 0.386574 0.0140625 0.0416667
0 0.255208 0.505556 0.034375 0.0240741
0 0.65625 0.335185 0.015625 0.0277778
0 0.908073 0.481481 0.0286458 0.0277778
0 0.942448 0.750463 0.0369792 0.0657407
0 0.716667 0.396296 0.0114583 0.012963
0 0.814844 0.423611 0.0182292 0.0268519
0 0.492708 0.552778 0.00104167 0.0351852
0 0.98724 0.561574 0.0255208 0.0564815
0 0.547396 0.575463 0.0177083 0.0527778
0 0.721354 0.744444 0.0145833 0.0259259
0 0.861458 0.724074 0.015625 0.0703704
0 0.409635 0.548611 0.0109375 0.0287037
0 0.873438 0.703241 0.025 0.0601852
0 0.536719 0.569444 0.0182292 0.0203704
0 0.497656 0.546296 0.0046875 0.0351852
0 0.109115 0.510648 0.0390625 0.115741
0 0.942187 0.398148 0.00729167 0.0166667
0 0.88724 0.982407 0.0140625 0.0351852
0 0.297135 0.403241 0.0109375 0.025
0 0.61901 0.571759 0.0119792 0.0583333
0 0.598177 0.582407 0.0317708 0.0277778
0 0.821615 0.618981 0.0151042 0.0231481
0 0.239063 0.550463 0.015625 0.0305556
0 0.990365 0.410185 0.00677083 0.0314815
0 0.99375 0.271759 0.0125 0.012037
0 0.0330729 0.550926 0.0234375 0.0222222
0 0.410417 0.534722 0.0197917 0.0342593
0 0.728385 0.450926 0.0182292 0.0537037
0 0.910417 0.253241 0.0708333 0.0731481
0 0.00572917 0.589352 0.0114583 0.0101852
0 0.860677 0.307407 0.0130208 0.037037
0 0.672917 0.742593 0.0208333 0.0407407
0 0.956771 0.511111 0.0114583 0.0462963
0 0.877344 0.325 0.0182292 0.0759259
0 0.876562 0.335185 0.0114583 0.0388889
0 0.932031 0.305093 0.0203125 0.0472222
0 0.56901 0.578241 0.0140625 0.012037
0 0.709375 0.452778 0.05 0.0462963
0 0.851823 0.683333 0.0286458 0.0333333
0 0.989062 0.535648 0.0135417 0.0324074
0 0.0135417 0.498611 0.0135417 0.0564815
0 0.815104 0.558333 0.0104167 0.0407407
0 0.165365 0.499537 0.0255208 0.0157407
0 0.930729 0.393056 0.0114583 0.0712963
0 0.797656 0.389815 0.0078125 0.037037
0 0.740365 0.293981 0.0213542 0.0138889
0 0.695312 0.421759 0.0125 0.0194444
0 0.752083 0.460185 0.0177083 0.0296296
0 0.246875 0.610185 0.0145833 0.0351852
0 0.843229 0.426852 0.0354167 0.105556
0 0.285937 0.330093 0.0197917 0.0138889
0 0.731771 0.518981 0.046875 0.106481
0 0.722396 0.630556 0.0125 0.037037
0 0.895833 0.309259 0.0489583 0.0907407
0 0.608594 0.655093 0.0307292 0.115741
0 0.411979 0.54537 0.046875 0.0944444
0 0.938802 0.451389 0.0296875 0.125
0 0.127604 0.461111 0.0114583 0.0351852
0 0.938542 0.51713 0.034375 0.121296
0 0.239844 0.519444 0.0161458 0.0296296
0 0.798698 0.335185 0.0276042 0.0240741
0 0.176563 0.518519 0.0302083 0.107407
0 0.995833 0.613889 0.00833333 0.0277778
0 0.711458 0.269444 0.021875 0.0259259
0 0.539323 0.518056 0.0140625 0.0268519
0 0.979167 0.392593 0.0375 0.1
0 0.95026 0.40463 0.0161458 0.0185185
0 0.927865 0.430556 0.0119792 0.0351852
0 0.579948 0.550463 0.0140625 0.0287037
0 0.96276 0.393519 0.0151042 0.0166667
0 0.478906 0.542593 0.0328125 0.1
0 0.661198 0.60787 0.0442708 0.0175926
0 0.722135 0.339815 0.0442708 0.0962963
0 0.64375 0.363426 0.0135417 0.0212963
0 0.197396 0.602778 0.0239583 0.012963
0 0.290365 0.51713 0.0182292 0.0527778
0 0.823177 0.328241 0.0203125 0.0657407
0 0.789844 0.596296 0.0244792 0.118519
0 0.153906 0.54213 0.0307292 0.025
0 0.265365 0.525463 0.0078125 0.0361111
0 0.80026 0.64213 0.0078125 0.00462963
0 0.846354 0.356944 0.0364583 0.0175926
0 0.755729 0.261111 0.0145833 0.0277778
0 0.164844 0.493056 0.00989583 0.025
0 0.393229 0.539815 0.0416667 0.0888889
0 0.753125 0.328241 0.009375 0.037963
0 0.610677 0.638426 0.0182292 0.025
0 0.542188 0.525 0.015625 0.0185185
0 0.16849 0.490278 0.0151042 0.0398148
0 0.765885 0.305093 0.0307292 0.0342593
0 0.888281 0.759722 0.0369792 0.0953704
0 0.603385 0.575 0.0411458 0.0833333
0 0.990625 0.739815 0.01875 0.0351852
0 0.626302 0.337037 0.0182292 0.0814815
0 0.903125 0.510648 0.0364583 0.108333
0 0.68151 0.34213 0.0182292 0.0342593
0 0.126302 0.503704 0.0328125 0.0388889
0 0.603385 0.613889 0.00989583 0.0148148
0 0.0117188 0.518056 0.0234375 0.0694444
0 0.497396 0.560648 0.01875 0.037963
0 0.485938 0.60787 0.053125 0.0805556
0 0.985937 0.485648 0.028125 0.136111
0 0.360677 0.289815 0.0276042 0.0166667
0 0.96875 0.263889 0.0239583 0.0314815
0 0.960417 0.800926 0.0166667 0.0685185
0 0.996094 0.838426 0.0078125 0.0324074
0 0.382031 0.506019 0.0161458 0.0175926
0 0.885938 0.410185 0.015625 0.0166667
0 0.692187 0.391204 0.0270833 0.117593
0 0.805729 0.561111 0.0104167 0.00925926
0 0.236458 0.5 0.0354167 0.0537037
0 0.30625 0.505556 0.015625 0.0203704
0 0.973437 0.815741 0.00625 0.0222222
0 0.45651 0.569444 0.0317708 0.109259
0 0.931771 0.794444 0.01875 0.0351852
0 0.271615 0.534722 0.0442708 0.112037
0 0.700521 0.747222 0.0614583 0.103704
0 0.875781 0.562963 0.0307292 0.107407
0 0.965104 0.446296 0.0197917 0.0333333
0 0.990365 0.328241 0.0130208 0.037963
0 0.695573 0.633796 0.0463542 0.0935185
0 0.965365 0.851852 0.0171875 0.0425926
0 0.79401 0.499537 0.0244792 0.0287037
0 0.245052 0.565278 0.0328125 0.0287037
0 0.754427 0.306481 0.0140625 0.0259259
0 0.251302 0.359259 0.00885417 0.0333333
0 0.43724 0.570833 0.0244792 0.0268519
0 0.951302 0.844907 0.0161458 0.0361111
0 0.882812 0.387037 0.0291667 0.0222222
0 0.18151 0.547685 0.0182292 0.0453704
0 0.927865 0.313426 0.0213542 0.025
0 0.872135 0.711111 0.0161458 0.0351852
0 0.301302 0.568519 0.00989583 0.0648148
0 0.980729 0.399537 0.00729167 0.0546296
0 0.863542 0.797685 0.01875 0.0564815
0 0.990885 0.500463 0.0119792 0.0416667
0 0.638802 0.439815 0.00885417 0.0148148
0 0.852865 0.671296 0.0213542 0.0203704
0 0.841146 0.415278 0.0229167 0.0361111
0 0.561979 0.544907 0.0125 0.0157407
0 0.785937 0.344907 0.0229167 0.0175926
0 0.785417 0.615741 0.021875 0.0518519
0 0.547656 0.615278 0.0192708 0.0564815
0 0.257812 0.486574 0.021875 0.0268519
0 0.10599 0.559259 0.0359375 0.118519
0 0.960156 0.628704 0.0119792 0.0537037
0 0.368229 0.505556 0.0166667 0.0166667
0 0.786719 0.720833 0.0161458 0.0416667
0 0.994271 0.526389 0.0114583 0.0287037
0 0.0260417 0.533796 0.0114583 0.025
0 0.949219 0.485185 0.0390625 0.125926
0 0.78151 0.446759 0.0140625 0.0175926
0 0.928385 0.325 0.0286458 0.118519
0 0.598437 0.572222 0.01875 0.0259259
0 0.860417 0.314352 0.01875 0.0175926
0 0.878125 0.558796 0.0197917 0.0675926
0 0.28125 0.637963 0.0260417 0.0314815
0 0.260938 0.603241 0.0322917 0.0712963
0 0.635677 0.668056 0.0119792 0.0490741
0 0.710677 0.359722 0.0328125 0.113889
0 0.905469 0.734259 0.0171875 0.0592593
0 0.520312 0.521759 0.0104167 0.025
0 0.992708 0.445833 0.0145833 0.0175926
0 0.882292 0.52963 0.0177083 0.0314815
0 0.702344 0.436111 0.0171875 0.0740741
0 0.657292 0.371296 0.0239583 0.0185185
0 0.852604 0.678704 0.0166667 0.0166667
0 0.661979 0.652778 0.01875 0.0351852
0 0.438021 0.589352 0.0354167 0.112037
0 0.672656 0.617593 0.0265625 0.0203704
0 0.96875 0.33287 0.0229167 0.0712963
0 0.367188 0.540278 0.003125 0.062037
0 0.37526 0.544444 0.0567708 0.103704
0 0.290625 0.527315 0.0125 0.0268519
0 0.99375 0.772685 0.0125 0.0138889
0 0.923177 0.475926 0.0192708 0.0111111
0 0.442187 0.543981 0.0177083 0.0194444
0 0.251302 0.350463 0.0130208 0.062037
0 0.778385 0.447685 0.0286458 0.117593
0 0.814844 0.414352 0.00989583 0.0638889
0 0.786198 0.277315 0.0234375 0.0231481
0 0.875 0.78287 0.0375 0.0898148
0 0.899219 0.318056 0.0182292 0.0268519
0 0.521354 0.548611 0.046875 0.0898148
0 0.941927 0.433333 0.0161458 0.0277778
0 0.565365 0.582407 0.0161458 0.062963
0 0.839583 0.430093 0.0104167 0.0231481
0 0.9125 0.451852 0.0364583 0.109259
0 0.795052 0.396296 0.0359375 0.0592593
0 0.648698 0.614352 0.0109375 0.0324074
0 0.992448 0.453704 0.0151042 0.0148148
0 0.455729 0.569907 0.00729167 0.0175926
0 0.789583 0.713426 0.015625 0.0231481
0 0.827083 0.527778 0.00729167 0.0259259
0 0.760156 0.668981 0.00989583 0.0268519
0 0.578125 0.543981 0.0125 0.0157407
0 0.822917 0.618519 0.0177083 0.062963
0 0.882812 0.985648 0.0125 0.0231481
0 0.68151 0.308333 0.00885417 0.0185185
0 0.641927 0.424537 0.0453125 0.0861111
0 0.577344 0.615741 0.0244792 0.0333333
0 0.36901 0.511574 0.0213542 0.012037
0 0.984896 0.750926 0.0302083 0.116667
0 0.376042 0.552315 0.01875 0.0324074
0 0.952344 0.505093 0.0244792 0.0324074
0 0.272135 0.362963 0.0515625 0.103704
0 0.465625 0.54537 0.00833333 0.0203704
0 0.28125 0.563889 0.0177083 0.0333333
0 0.735677 0.293056 0.0182292 0.0212963
0 0.727344 0.462037 0.0130208 0.0185185
0 0.923437 0.483333 0.028125 0.0111111
0 0.79375 0.625926 0.00729167 0.0296296
0 0.629167 0.658796 0.0385417 0.0953704
0 0.781771 0.277315 0.0125 0.0194444
0 0.82474 0.31713 0.0567708 0.0916667
0 0.0046875 0.596296 0.009375 0.0203704
0 0.782292 0.713889 0.04375 0.1
0 0.978385 0.824074 0.0171875 0.0259259
0 0.804427 0.551852 0.0348958 0.101852
0 0.710417 0.259722 0.021875 0.0268519
0 0.782031 0.327778 0.0276042 0.0314815
0 0.576823 0.625463 0.0286458 0.0824074
0 0.890625 0.40787 0.015625 0.0194444
0 0.692969 0.59537 0.0182292 0.0351852
0 0.945573 0.84213 0.0421875 0.0916667
0 0.994271 0.766204 0.0114583 0.012037
0 0.769271 0.318056 0.0114583 0.0546296
0 0.649219 0.635185 0.0109375 0.0277778
0 0.915104 0.446759 0.0354167 0.0490741
0 0.996875 0.290741 0.00625 0.0259259
0 0.841406 0.709259 0.0119792 0.0351852
0 0.193229 0.59213 0.00729167 0.0157407
0 0.231771 0.517593 0.0229167 0.0351852
0 0.285937 0.336574 0.0229167 0.025
0 0.989844 0.437963 0.0109375 0.0351852
0 0.343229 0.549074 0.00833333 0.0222222
0 0.544531 0.592593 0.0192708 0.0222222
0 0.798177 0.396296 0.0171875 0.0222222
0 0.958333 0.330556 0.046875 0.0981481
0 0.795833 0.667593 0.0385417 0.109259
0 0.393229 0.536111 0.00833333 0.012963
0 0.986198 0.536111 0.0140625 0.0518519
0 0.815104 0.449074 0.0447917 0.138889
0 0.149479 0.536111 0.0177083 0.0277778
0 0.99401 0.811111 0.0119792 0.0148148
0 0.844271 0.459259 0.0520833 0.0962963
0 0.752344 0.651852 0.0109375 0.0185185
0 0.23099 0.644444 0.0151042 0.0314815
0 0.828646 0.35787 0.021875 0.0416667
0 0.898698 0.651389 0.0223958 0.0305556
0 0.876302 0.4625 0.0328125 0.115741
0 0.678125 0.3 0.0177083 0.0314815
0 0.544531 0.585648 0.0119792 0.0231481
0 0.682031 0.365278 0.00989583 0.0435185
0 0.840625 0.544907 0.046875 0.0898148
0 0.881771 0.336111 0.01875 0.0314815
0 0.916406 0.342593 0.0307292 0.0240741
0 0.872656 0.527315 0.0161458 0.0416667
0 0.801562 0.552315 0.009375 0.0157407
0 0.159635 0.542593 0.0338542 0.109259
0 0.885156 0.818981 0.0192708 0.0712963
0 0.00703125 0.573148 0.0140625 0.0203704
0 0.0976562 0.517593 0.0140625 0.0333333
0 0.879167 0.335648 0.0385417 0.112037
0 0.953906 0.431019 0.0078125 0.0490741
0 0.242188 0.548148 0.0322917 0.0944444
0 0.673437 0.363426 0.03125 0.136111
0 0.951563 0.755556 0.00729167 0.0407407
0 0.904688 0.801852 0.0395833 0.103704
0 0.763542 0.745833 0.0375 0.0990741
0 0.689323 0.377778 0.00989583 0.0722222
0 0.857813 0.726389 0.0375 0.117593
0 0.64349 0.362037 0.0390625 0.107407
0 0.688021 0.710185 0.0177083 0.0222222
0 0.95651 0.853241 0.0182292 0.037963
0 0.5375 0.579167 0.021875 0.0138889
0 0.707552 0.395833 0.0213542 0.0361111
0 0.889063 0.813889 0.0458333 0.0611111
0 0.889323 0.403241 0.00989583 0.0324074
0 0.271875 0.361574 0.0145833 0.0287037
0 0.677604 0.313889 0.01875 0.0148148
0 0.784896 0.581019 0.015625 0.0268519
0 0.915104 0.334259 0.0135417 0.05
0 0.760938 0.307407 0.0416667 0.103704
0 0.815885 0.306944 0.0296875 0.0305556
0 0.197917 0.593982 0.00833333 0.0138889
0 0.991927 0.408333 0.0161458 0.0203704
0 0.756771 0.644444 0.0104167 0.0240741
0 0.876562 0.718518 0.015625 0.0388889
0 0.65625 0.563426 0.0197917 0.0268519
0 0.824479 0.358333 0.05 0.0796296
0 0.772917 0.692593 0.00833333 0.0240741
0 0.8375 0.72037 0.0114583 0.0425926
0 0.334635 0.508333 0.0255208 0.0314815
0 0.272396 0.519444 0.0114583 0.0592593
0 0.229427 0.510648 0.0515625 0.106481
0 0.251823 0.379167 0.0213542 0.0287037
0 0.807292 0.283796 0.0427083 0.0435185
0 0.714844 0.600926 0.0557292 0.0814815
0 0.695833 0.430556 0.040625 0.112963
0 0.90651 0.424074 0.0494792 0.0907407
0 0.707031 0.735648 0.0119792 0.0398148
0 0.827344 0.534259 0.0140625 0.0166667
0 0.861979 0.365278 0.03125 0.0324074
0 0.907031 0.481944 0.0161458 0.0453704
0 0.73099 0.521759 0.0182292 0.0324074
0 0.442708 0.536574 0.00625 0.0194444
0 0.297656 0.570833 0.0182292 0.0212963
0 0.835417 0.671296 0.0145833 0.0259259
0 0.902344 0.516667 0.0151042 0.0481481
0 0.292969 0.380556 0.0213542 0.0259259
0 0.811458 0.430556 0.0302083 0.0296296
0 0.0416667 0.524074 0.009375 0.0407407
0 0.986458 0.787037 0.009375 0.0222222
0 0.71901 0.276852 0.0192708 0.0333333
0 0.310417 0.542593 0.0364583 0.101852
0 0.24349 0.801852 0.0182292 0.0222222
0 0.94375 0.304167 0.0166667 0.0416667
0 0.996875 0.306944 0.00625 0.0509259
0 0.673958 0.431944 0.0364583 0.126852
0 0.82474 0.526389 0.0421875 0.0972222
0 0.455729 0.562037 0.00520833 0.0148148
0 0.301823 0.640278 0.0119792 0.0212963
0 0.599479 0.647222 0.01875 0.0222222
0 0.958333 0.627315 0.0333333 0.10463
0 0.85625 0.411111 0.0208333 0.0222222
0 0.773698 0.696759 0.0213542 0.0268519
0 0.677604 0.425926 0.01875 0.0833333
0 0.2875 0.521759 0.0479167 0.0898148
0 0.48099 0.568981 0.0234375 0.0472222
0 0.785937 0.335648 0.040625 0.115741
0 0.902604 0.426389 0.0166667 0.0731481
0 0.0122396 0.573148 0.0244792 0.122222
0 0.630469 0.655556 0.0276042 0.012963
0 0.961458 0.319444 0.0177083 0.0851852
0 0.599219 0.366667 0.0244792 0.0333333
0 0.234635 0.656944 0.0598958 0.0916667
0 0.328385 0.562963 0.0359375 0.107407
0 0.801562 0.623611 0.015625 0.0416667
0 0.770833 0.326852 0.025 0.0314815
0 0.544271 0.594444 0.0375 0.0962963
0 0.622656 0.338889 0.0338542 0.0481481
0 0.952865 0.404167 0.0161458 0.0416667
0 0.697135 0.331944 0.0390625 0.121296
0 0.227083 0.526852 0.021875 0.05
0 0.793229 0.675 0.009375 0.0259259
0 0.689583 0.662037 0.0197917 0.05
0 0.552604 0.610648 0.0239583 0.0305556
0 0.935938 0.78287 0.0541667 0.087963
0 0.78125 0.334259 0.0177083 0.0314815
0 0.972135 0.74213 0.0130208 0.0287037
0 0.830729 0.672685 0.0135417 0.0138889
0 0.889583 0.402315 0.05625 0.0972222
0 0.985156 0.749074 0.00885417 0.0277778
0 0.764323 0.674074 0.0317708 0.0388889
0 0.843229 0.766204 0.0145833 0.0361111
0 0.728906 0.397222 0.0411458 0.105556
0 0.41849 0.55463 0.0109375 0.0351852
0 0.752344 0.452778 0.0130208 0.0240741
0 0.98776 0.843518 0.0244792 0.116667
0 0.964583 0.272685 0.05 0.062037
0 0.724479 0.459722 0.040625 0.115741
0 0.882031 0.343981 0.0265625 0.025
0 0.723698 0.46713 0.0119792 0.025
0 0.6875 0.366204 0.0177083 0.0287037
0 0.248698 0.361574 0.0588542 0.112037
0 0.61849 0.62963 0.0286458 0.0259259
0 0.253646 0.493056 0.0427083 0.0916667
0 0.789323 0.575 0.0182292 0.0259259
0 0.779427 0.639352 0.0234375 0.0175926
0 0.99375 0.436574 0.00625 0.0416667
0 0.19349 0.52037 0.0078125 0.0259259
0 0.276042 0.634259 0.00625 0.0185185
0 0.90651 0.794444 0.0203125 0.0259259
0 0.977865 0.731019 0.0411458 0.0972222
0 0.782292 0.575463 0.0479167 0.0842593
0 0.66901 0.434722 0.0171875 0.0861111
0 0.296875 0.569907 0.0395833 0.110185
0 0.748698 0.451852 0.0442708 0.137037
0 0.59974 0.625926 0.0109375 0.012963
0 0.749219 0.424537 0.0255208 0.0342593
0 0.890365 0.646296 0.0182292 0.0481481
0 0.0432292 0.515278 0.0166667 0.0324074
0 0.750521 0.341667 0.0239583 0.0277778
0 0.672656 0.608333 0.0317708 0.103704
0 0.736198 0.467593 0.0171875 0.0333333
0 0.747135 0.510648 0.0401042 0.108333
0 0.990365 0.263426 0.0078125 0.0175926
0 0.975521 0.567593 0.0364583 0.111111
0 0.305469 0.162037 0.0203125 0.0611111
0 0.195052 0.595833 0.0359375 0.113889
0 0.993229 0.376852 0.00729167 0.0703704
0 0.617969 0.368056 0.0234375 0.025
0 0.71849 0.286111 0.0151042 0.0277778
0 0.903385 0.665278 0.0484375 0.0935185
0 0.69349 0.743519 0.0161458 0.0388889
0 0.822135 0.59537 0.0213542 0.0722222
0 0.740365 0.284259 0.0380208 0.107407
0 0.677344 0.307407 0.00989583 0.0222222
0 0.710677 0.350926 0.0244792 0.0222222
0 0.497396 0.553704 0.003125 0.0259259
0 0.704167 0.624074 0.0145833 0.037037
0 0.00859375 0.505093 0.0046875 0.037963
0 0.734635 0.736574 0.0223958 0.0194444
0 0.84349 0.588426 0.0140625 0.0490741
0 0.761979 0.666204 0.0427083 0.115741
0 0.164062 0.499074 0.0197917 0.0722222
0 0.645312 0.615741 0.00416667 0.0314815
0 0.127083 0.500463 0.0166667 0.025
0 0.159896 0.4875 0.0489583 0.0824074
0 0.734375 0.252315 0.0197917 0.0361111
0 0.267969 0.521759 0.00572917 0.0435185
0 0.63099 0.662963 0.0244792 0.0185185
0 0.720052 0.726389 0.00885417 0.012037
0 0.69401 0.422685 0.0203125 0.0305556
0 0.802604 0.278704 0.0197917 0.0222222
0 0.729167 0.724074 0.0416667 0.0888889
0 0.690104 0.396759 0.0270833 0.0324074
0 0.105469 0.549074 0.0119792 0.0462963
0 0.254427 0.50463 0.0078125 0.0555556
0 0.935417 0.536111 0.0322917 0.0351852
0 0.991146 0.50463 0.0177083 0.0222222
0 0.598698 0.3625 0.0598958 0.0935185
0 0.25026 0.36713 0.00572917 0.0361111
0 0.823177 0.367593 0.0401042 0.0407407
0 0.948438 0.446759 0.0197917 0.0342593
0 0.544271 0.534722 0.015625 0.0342593
0 0.75651 0.652778 0.0161458 0.0259259
0 0.0966146 0.512037 0.0463542 0.0833333
0 0.992969 0.425463 0.0140625 0.0268519
0 0.877083 0.476389 0.0197917 0.0398148
0 0.79401 0.44537 0.00989583 0.0611111
0 0.739583 0.653704 0.0291667 0.0259259
0 0.641406 0.587963 0.0401042 0.103704
0 0.705729 0.500463 0.021875 0.0787037
0 0.727865 0.351852 0.0234375 0.0240741
0 0.23099 0.511574 0.0119792 0.0268519
0 0.859635 0.400926 0.0421875 0.112963
0 0.919792 0.756944 0.0489583 0.0768519
0 0.292969 0.369444 0.0411458 0.118519
0 0.704948 0.493056 0.0463542 0.10463
0 0.0742188 0.805556 0.0161458 0.0148148
0 0.913021 0.286111 0.0583333 0.0759259
0 0.910937 0.542593 0.01875 0.0444444
0 0.691406 0.620833 0.0109375 0.025
0 0.945573 0.393981 0.00677083 0.0490741
0 0.998438 0.803241 0.003125 0.0138889
0 0.197917 0.521296 0.0125 0.0240741
0 0.598177 0.654167 0.00989583 0.0583333
0 0.994792 0.80463 0.009375 0.0111111
0 0.102344 0.489352 0.0213542 0.0546296
0 0.791667 0.468519 0.0302083 0.0314815
0 0.0132813 0.505556 0.00572917 0.037037
0 0.234896 0.498148 0.0177083 0.0444444
0 0.00989583 0.576852 0.0114583 0.0351852
0 0.301042 0.637037 0.0677083 0.0851852
0 0.69401 0.756944 0.0213542 0.0287037
0 0.614583 0.581481 0.0114583 0.0333333
0 0.264844 0.5875 0.0109375 0.0231481
0 0.598177 0.577315 0.0119792 0.0175926
0 0.364323 0.558796 0.0223958 0.0231481
0 0.765104 0.396296 0.0229167 0.0333333
0 0.851562 0.668519 0.0395833 0.0833333
0 0.715625 0.278704 0.05625 0.0888889
0 0.859635 0.788426 0.0453125 0.087963
0 0.61901 0.582407 0.0296875 0.037037
0 0.744531 0.386111 0.0161458 0.0222222
0 0.802083 0.559722 0.009375 0.0157407
0 0.815104 0.563889 0.0197917 0.0351852
0 0.240365 0.813426 0.0161458 0.0212963
0 0.519792 0.548148 0.0208333 0.0351852
0 0.936979 0.443056 0.0114583 0.0731481
0 0.740885 0.468056 0.0223958 0.0546296
0 0.765104 0.389815 0.015625 0.0259259
0 0.727083 0.404167 0.021875 0.0231481
0 0.727344 0.640278 0.0161458 0.037963
0 0.260417 0.579167 0.0145833 0.0361111
0 0.764583 0.666204 0.0166667 0.0361111
0 0.197396 0.5125 0.0395833 0.110185
0 0.95625 0.623611 0.0166667 0.0287037
0 0.777344 0.690278 0.0130208 0.0287037
0 0.996094 0.771759 0.0078125 0.0453704
0 0.595573 0.655093 0.0276042 0.0268519
0 0.740625 0.645833 0.0197917 0.0212963
0 0.254687 0.641667 0.0479167 0.087037
0 0.790885 0.640278 0.00572917 0.025
0 0.988021 0.756019 0.0239583 0.0398148
0 0.339323 0.487963 0.0557292 0.101852
0 0.843229 0.276852 0.0604167 0.087037
0 0.794271 0.392593 0.0510417 0.103704
0 0.779427 0.275926 0.0567708 0.0851852
0 0.439323 0.586574 0.0140625 0.0231481
0 0.982813 0.794444 0.00833333 0.0240741
0 0.710938 0.452778 0.025 0.0388889
0 0.698698 0.334722 0.0203125 0.0342593
0 0.244271 0.557407 0.0208333 0.0203704
0 0.70651 0.62963 0.0244792 0.0222222
0 0.665365 0.668056 0.0307292 0.0361111
0 0.88125 0.385185 0.0166667 0.05
0 0.623698 0.372222 0.0359375 0.0425926
0 0.0132813 0.508333 0.0265625 0.127778
0 0.890104 0.325926 0.0145833 0.0574074
0 0.903125 0.357407 0.028125 0.037037
0 0.61901 0.623611 0.0140625 0.0194444
0 0.285417 0.525926 0.0114583 0.0222222
0 0.915104 0.505093 0.0177083 0.0361111
0 0.824219 0.444907 0.0151042 0.0935185
0 0.995833 0.356481 0.00833333 0.0407407
0 0.523438 0.571759 0.0104167 0.025
0 0.422656 0.549537 0.0140625 0.0212963
0 0.690104 0.430556 0.0208333 0.0259259
0 0.898438 0.667593 0.0239583 0.0425926
0 0.26875 0.526852 0.0145833 0.0259259
0 0.326042 0.559722 0.0177083 0.0361111
0 0.886458 0.768519 0.015625 0.0296296
0 0.79974 0.444907 0.0317708 0.0268519
0 0.940625 0.319444 0.0197917 0.037037
0 0.58151 0.576389 0.00885417 0.0212963
0 0.85651 0.741204 0.0161458 0.0361111
0 0.769271 0.752315 0.0114583 0.0175926
0 0.829427 0.665278 0.0411458 0.100926
0 0.288542 0.381481 0.015625 0.0388889
0 0.990885 0.747685 0.0109375 0.0342593
0 0.309896 0.540741 0.009375 0.0277778
0 0.28151 0.585185 0.0130208 0.0407407
0 0.519271 0.518519 0.0197917 0.0555556
0 0.751562 0.506944 0.0145833 0.0416667
0 0.277344 0.631481 0.0536458 0.105556
0 0.873958 0.35787 0.0322917 0.0324074
0 0.62526 0.338426 0.0494792 0.0972222
0 0.663281 0.657407 0.0401042 0.105556
0 0.126563 0.487963 0.0395833 0.0981481
0 0.796615 0.647222 0.0119792 0.0203704
0 0.239583 0.556481 0.0104167 0.0203704
0 0.00989583 0.512037 0.0197917 0.0314815
0 0.845833 0.720833 0.009375 0.0175926
0 0.727344 0.466204 0.00885417 0.0731481
0 0.159635 0.551389 0.0119792 0.0361111
0 0.640365 0.441204 0.0223958 0.0712963
0 0.678646 0.305556 0.0322917 0.114815
0 0.214844 0.514815 0.0223958 0.0296296
0 0.438802 0.533333 0.00572917 0.0240741
0 0.716146 0.737963 0.00833333 0.0185185
0 0.736458 0.529167 0.0270833 0.025
0 0.928125 0.389352 0.0354167 0.0398148
0 0.28125 0.633333 0.0135417 0.0314815
0 0.727604 0.396759 0.0166667 0.025
0 0.769531 0.513889 0.0234375 0.0351852
0 0.691146 0.655556 0.00833333 0.0259259
0 0.670052 0.359722 0.0151042 0.0842593
0 0.261458 0.576389 0.040625 0.110185
0 0.347135 0.55 0.0182292 0.0259259
0 0.957552 0.753241 0.0338542 0.110185
0 0.164844 0.550926 0.0140625 0.0425926
0 0.864583 0.676389 0.0177083 0.0342593
0 0.648438 0.646759 0.0197917 0.0231481
0 0.973437 0.334259 0.034375 0.0388889
0 0.590104 0.609722 0.0197917 0.0324074
0 0.365365 0.573148 0.0234375 0.0425926
0 0.297396 0.639815 0.0114583 0.0240741
0 0.697656 0.752778 0.0109375 0.0277778
0 0.859115 0.310648 0.0505208 0.0916667
0 0.03125 0.534259 0.0177083 0.0203704
0 0.297656 0.563889 0.00989583 0.0259259
0 0.644792 0.655556 0.0145833 0.0388889
0 0.977865 0.394907 0.0223958 0.0324074
0 0.785677 0.706019 0.0161458 0.0342593
0 0.996354 0.806944 0.00729167 0.0601852
0 0.677344 0.744907 0.0348958 0.132407
0 0.648958 0.653704 0.025 0.0203704
0 0.388802 0.539815 0.0078125 0.0222222
0 0.69401 0.312037 0.0171875 0.0592593
0 0.973177 0.823148 0.00989583 0.0259259
0 0.649479 0.613889 0.025 0.0314815
0 0.657031 0.599537 0.0203125 0.0231481
0 0.235417 0.657407 0.021875 0.0314815
0 0.915625 0.298611 0.0229167 0.025
0 0.860156 0.312037 0.0192708 0.0759259
0 0.765104 0.506019 0.0145833 0.0268519
0 0.991406 0.563426 0.0151042 0.0416667
0 0.95026 0.436574 0.00989583 0.0157407
0 0.260417 0.586111 0.00833333 0.0277778
0 0.747917 0.513426 0.01875 0.0212963
0 0.994271 0.830556 0.0114583 0.0351852
0 0.945573 0.374074 0.0255208 0.0277778
0 0.388802 0.531944 0.0046875 0.0212963
0 0.639583 0.602315 0.0125 0.0194444
0 0.585677 0.571759 0.0078125 0.0268519
0 0.914323 0.7625 0.0140625 0.0453704
0 0.804948 0.275463 0.0588542 0.0824074
0 0.954167 0.438426 0.0166667 0.0212963
0 0.752604 0.305093 0.01875 0.0509259
0 0.890365 0.402778 0.0223958 0.0796296
0 0.988802 0.376852 0.0223958 0.0296296
0 0.797396 0.396759 0.01875 0.0768519
0 0.798958 0.681481 0.01875 0.037037
0 0.665885 0.6625 0.0192708 0.025
0 0.639583 0.59537 0.0145833 0.0240741
0 0.882292 0.763889 0.015625 0.0407407
0 0.95625 0.756019 0.0125 0.0305556
0 0.492448 0.512963 0.0213542 0.037037
0 0.69349 0.750926 0.00989583 0.0296296
0 0.659115 0.606944 0.0109375 0.0712963
0 0.719531 0.604167 0.0182292 0.0342593
0 0.964323 0.8625 0.0109375 0.0212963
0 0.7125 0.394444 0.0125 0.0277778
0 0.257292 0.649074 0.0197917 0.0240741
0 0.25651 0.642593 0.00989583 0.0277778
0 0.527604 0.572222 0.0114583 0.0277778
0 0.977344 0.741204 0.0140625 0.0287037
0 0.0236979 0.549074 0.0046875 0.0240741
0 0.969271 0.862037 0.0177083 0.0407407
0 0.844531 0.357407 0.0161458 0.0481481
0 0.107031 0.560185 0.0234375 0.0574074
0 0.404687 0.549074 0.0197917 0.0759259
0 0.559115 0.540741 0.0192708 0.037037
0 0.91875 0.764352 0.0114583 0.0398148
0 0.0447917 0.512037 0.0385417 0.137037
0 0.372135 0.541204 0.0119792 0.0435185
0 0.0197917 0.556019 0.00729167 0.0287037
0 0.585677 0.577778 0.0130208 0.0185185
0 0.991146 0.587963 0.0177083 0.0314815
0 0.946615 0.408796 0.0244792 0.0305556
0 0.978385 0.456944 0.0182292 0.075
0 0.990625 0.418056 0.0135417 0.0398148
0 0.827344 0.536574 0.0203125 0.0712963
0 0.145313 0.544444 0.021875 0.0314815
0 0.73099 0.727778 0.0140625 0.0259259
0 0.98724 0.793519 0.0151042 0.0259259
0 0.986719 0.489352 0.0161458 0.087963
0 0.677083 0.752315 0.021875 0.0361111
0 0.842188 0.726852 0.015625 0.0314815
0 0.749219 0.336574 0.0130208 0.0342593
0 0.951823 0.85463 0.0255208 0.0648148
0 0.765365 0.750926 0.0171875 0.0277778
0 0.945312 0.842593 0.0270833 0.0240741
0 0.435417 0.579167 0.0104167 0.0305556
0 0.835938 0.378241 0.0177083 0.062037
0 0.481771 0.554167 0.0145833 0.0731481
0 0.576042 0.542593 0.0177083 0.0388889
0 0.765365 0.296759 0.0203125 0.0694444
0 0.534896 0.578241 0.015625 0.0509259
0 0.411719 0.547685 0.0151042 0.075
0 0.89974 0.503241 0.0161458 0.0861111
0 0.993229 0.452778 0.0135417 0.0537037
0 0.775 0.364815 0.0208333 0.037037
0 0.720312 0.736574 0.0125 0.0194444
0 0.252344 0.499074 0.0203125 0.0277778
0 0.915625 0.443981 0.0208333 0.0824074
0 0.753125 0.743981 0.015625 0.0268519
0 0.277344 0.593982 0.0171875 0.0342593
0 0.795313 0.640741 0.00729167 0.0185185
0 0.965625 0.378704 0.0208333 0.0537037
0 0.994792 0.525926 0.0104167 0.0537037
0 0.765365 0.327315 0.0192708 0.0638889
0 0.928125 0.310648 0.0145833 0.0898148
0 0.606771 0.644907 0.015625 0.0287037
0 0.603646 0.624074 0.01875 0.0185185
0 0.695052 0.653704 0.0109375 0.0259259
0 0.99375 0.766204 0.0125 0.0398148
0 0.0239583 0.555556 0.0145833 0.0296296
0 0.769531 0.451852 0.0130208 0.062963
0 0.777604 0.638889 0.0229167 0.0555556
0 0.334896 0.503704 0.0239583 0.0759259
0 0.691406 0.62963 0.0171875 0.0296296
0 0.945312 0.401852 0.015625 0.0222222
0 0.898438 0.318056 0.01875 0.0805556
0 0.04375 0.513889 0.0229167 0.0722222
0 0.644531 0.361111 0.0213542 0.0703704
0 0.957812 0.393981 0.0135417 0.0435185
0 0.250781 0.615278 0.0203125 0.0546296
0 0.910677 0.343056 0.0192708 0.0527778
0 0.825 0.366204 0.021875 0.087963
0 0.54375 0.585648 0.0145833 0.0842593
0 0.970052 0.261574 0.0276042 0.0657407
0 0.545573 0.55 0.0161458 0.0259259
0 0.840365 0.427315 0.0182292 0.0712963
0 0.780729 0.272685 0.0229167 0.0768519
0 0.126823 0.498148 0.0203125 0.0759259
0 0.878385 0.718056 0.0203125 0.0805556
0 0.88151 0.341204 0.0171875 0.075
0 0.464844 0.547222 0.0171875 0.0555556
0 0.570573 0.575926 0.0140625 0.0722222
0 0.798698 0.333333 0.0213542 0.0592593
0 0.657031 0.370833 0.0203125 0.0601852
0 0.965365 0.438889 0.0161458 0.0685185
0 0.198177 0.518519 0.0192708 0.0703704
0 0.752604 0.451852 0.01875 0.0925926
0 0.296875 0.637963 0.0239583 0.0666667
0 0.385938 0.505093 0.021875 0.0342593
0 0.645312 0.621759 0.0135417 0.0305556
0 0.748958 0.423148 0.0197917 0.0740741
0 0.992969 0.290741 0.0140625 0.0444444
0 0.232031 0.509722 0.0192708 0.0768519
0 0.857813 0.356481 0.025 0.0722222
0 0.857552 0.408333 0.0234375 0.0851852
0 0.711198 0.349537 0.0182292 0.0824074
0 0.993229 0.423611 0.0135417 0.0601852
0 0.686198 0.365278 0.0171875 0.062037
0 0.672917 0.615741 0.01875 0.0611111
0 0.269271 0.526852 0.021875 0.0722222
0 0.789583 0.468519 0.0177083 0.0648148
0 0.852083 0.674537 0.01875 0.0675926
0 0.711198 0.45463 0.0203125 0.0833333
0 0.811458 0.42963 0.0197917 0.0685185
0 0.782292 0.443056 0.015625 0.075
0 0.878646 0.475 0.0208333 0.0796296
0 0.724219 0.458333 0.0203125 0.0814815
0 0.285937 0.527778 0.021875 0.0777778
0 0.974479 0.564352 0.01875 0.0861111
0 0.841406 0.719444 0.00989583 0.0277778
0 0.75625 0.651389 0.01875 0.0694444
0 0.601302 0.363889 0.0234375 0.0648148
0 0.990365 0.508333 0.0192708 0.0481481
0 0.578646 0.615278 0.0145833 0.062037
0 0.136458 0.527315 0.0229167 0.0546296
0 0.280208 0.631019 0.025 0.0898148
0 0.553385 0.608333 0.0192708 0.0833333
0 0.690625 0.394907 0.0166667 0.0768519
0 0.802865 0.273611 0.0244792 0.087963
0 0.0117188 0.577778 0.0234375 0.0481481
0 0.728125 0.350463 0.0229167 0.075
0 0.734635 0.291667 0.0223958 0.0685185
0 0.51901 0.548148 0.0182292 0.0851852
0 0.923437 0.472685 0.0177083 0.0694444
0 0.782292 0.332407 0.0177083 0.0777778
0 0.992969 0.5875 0.0140625 0.0527778
0 0.953906 0.496759 0.0203125 0.0824074
0 0.944792 0.37037 0.0229167 0.0685185
0 0.326562 0.556944 0.025 0.0638889
0 0.364844 0.55463 0.0213542 0.0592593
0 0.93151 0.788889 0.0255208 0.0648148
0 0.978125 0.327778 0.025 0.0796296
0 0.765885 0.667593 0.0234375 0.0888889
0 0.0713542 0.801389 0.0260417 0.0490741
0 0.986458 0.839352 0.0229167 0.0546296
0 0.989323 0.268056 0.0213542 0.0361111
0 0.830208 0.667593 0.0208333 0.0722222
0 0.622917 0.364815 0.0270833 0.087037
0 0.198177 0.591204 0.0161458 0.0694444
0 0.238542 0.810185 0.0239583 0.0462963
0 0.790885 0.571296 0.0171875 0.0833333
0 0.815104 0.299537 0.0260417 0.0657407
0 0.990365 0.748148 0.0161458 0.0722222
0 0.973177 0.827315 0.0244792 0.0657407
0 0.94401 0.311111 0.0223958 0.0740741
0 0.874219 0.356481 0.0223958 0.0759259
0 0.992708 0.498148 0.0145833 0.062963
0 0.619271 0.581944 0.01875 0.0824074
0 0.857031 0.742593 0.0213542 0.0722222
0 0.719271 0.284259 0.0197917 0.0777778
0 0.456771 0.5625 0.01875 0.0675926
0 0.0130208 0.506019 0.025 0.0509259
0 0.289323 0.379167 0.0223958 0.0657407
0 0.992448 0.328704 0.0151042 0.0555556
0 0.885417 0.685185 0.0239583 0.0722222
0 0.957292 0.622685 0.0208333 0.0694444
0 0.791667 0.490741 0.0260417 0.0722222
0 0.778125 0.688426 0.0208333 0.0824074
0 0.915365 0.296296 0.0213542 0.0796296
0 0.252604 0.364352 0.0197917 0.0675926
0 0.706771 0.629167 0.0208333 0.0638889
0 0.765365 0.505093 0.0255208 0.0768519
0 0.63151 0.660648 0.0213542 0.0694444
0 0.497917 0.555093 0.0239583 0.0657407
0 0.178646 0.534722 0.0197917 0.0564815
0 0.597917 0.578704 0.0197917 0.062963
0 0.785677 0.713426 0.0213542 0.075
0 0.698958 0.325926 0.01875 0.0740741
0 0.160938 0.549537 0.0208333 0.0638889
0 0.965365 0.863426 0.0255208 0.075
0 0.915104 0.543981 0.0239583 0.0787037
0 0.677083 0.304167 0.0177083 0.075
0 0.26875 0.358796 0.0208333 0.0490741
0 0.902604 0.66713 0.0208333 0.0731481
0 0.244531 0.556944 0.0213542 0.0527778
0 0.936458 0.431019 0.0197917 0.0601852
0 0.936458 0.468056 0.0208333 0.0657407
0 0.739844 0.644444 0.0234375 0.0740741
0 0.348958 0.54213 0.0239583 0.0546296
0 0.214844 0.513426 0.0213542 0.0731481
0 0.736458 0.522222 0.0260417 0.0685185
0 0.898177 0.357407 0.0203125 0.0703704
0 0.103125 0.521296 0.0260417 0.0666667
0 0.989583 0.37037 0.0208333 0.0592593
0 0.93724 0.525926 0.0203125 0.0759259
0 0.765365 0.387963 0.0223958 0.0777778
0 0.801823 0.555093 0.0213542 0.0657407
0 0.748958 0.513426 0.0229167 0.0694444
0 0.919531 0.764815 0.0234375 0.0703704
0 0.0317708 0.536574 0.0270833 0.0472222
0 0.986198 0.793981 0.0244792 0.0472222
0 0.439063 0.534259 0.025 0.0740741
0 0.372917 0.543981 0.0270833 0.062037
0 0.798698 0.4375 0.0213542 0.0546296
0 0.902604 0.794907 0.025 0.0527778
0 0.994531 0.8 0.0109375 0.0611111
0 0.744271 0.385648 0.021875 0.0583333
0 0.94401 0.839352 0.0286458 0.0601852
0 0.727344 0.631481 0.0244792 0.0814815
0 0.976823 0.74213 0.0213542 0.0657407
0 0.728125 0.396759 0.0239583 0.0768519
0 0.61901 0.623611 0.0223958 0.0583333
0 0.797396 0.677778 0.0260417 0.0666667
0 0.928646 0.386574 0.021875 0.0842593
0 0.234375 0.651852 0.0229167 0.0685185
0 0.664323 0.659259 0.0223958 0.0685185
0 0.719792 0.600463 0.0229167 0.0861111
0 0.639583 0.59537 0.0229167 0.0703704
0 0.311198 0.541204 0.0203125 0.062037
0 0.298177 0.563426 0.0213542 0.0657407
0 0.978646 0.393981 0.0208333 0.075
0 0.886198 0.764815 0.0255208 0.0574074
0 0.956771 0.756944 0.0229167 0.0601852
0 0.260156 0.585648 0.0223958 0.0712963
0 0.423438 0.549537 0.021875 0.0657407
0 0.25625 0.641204 0.0239583 0.0694444
0 0.711198 0.394907 0.0234375 0.0657407
0 0.73125 0.728704 0.025 0.0648148
0 0.14974 0.544444 0.0265625 0.0555556
0 0.692708 0.748611 0.0239583 0.062037
0 0.794531 0.637963 0.0255208 0.0648148
0 0.526823 0.570833 0.0234375 0.0657407
0 0.648177 0.646759 0.0234375 0.0472222
0 0.435156 0.580556 0.0255208 0.0555556
0 0.677083 0.75 0.0239583 0.0759259
0 0.585156 0.580093 0.0244792 0.0564815
0 0.878646 0.529167 0.021875 0.0787037
0 0.764063 0.748611 0.025 0.0657407
0 0.389323 0.534722 0.0244792 0.0583333
0 0.595052 0.646759 0.0234375 0.0583333
0 0.690365 0.632407 0.0255208 0.0518519
0 0.773958 0.365741 0.0239583 0.0740741
0 0.952865 0.438889 0.0192708 0.0703704
0 0.657292 0.603704 0.0229167 0.0592593
0 0.251823 0.498611 0.0234375 0.0546296
0 0.277083 0.594444 0.0270833 0.0574074
0 0.748698 0.336111 0.0255208 0.0722222
0 0.602865 0.624537 0.0265625 0.0490741
0 0.611458 0.647685 0.0270833 0.0509259
0 0.719271 0.735185 0.021875 0.0666667
0 0.0236979 0.559259 0.0276042 0.0388889
0 0.694792 0.653704 0.0229167 0.0703704
0 0.644271 0.625463 0.0260417 0.0472222
0 0.958333 0.395833 0.0239583 0.0712963
0 0.544271 0.544444 0.0239583 0.0648148
0 0.945052 0.401852 0.0213542 0.0740741
0 0.752344 0.742593 0.0234375 0.0574074
0 0.840104 0.721759 0.0260417 0.0675926
