0 0.432031 0.606019 0.0223958 0.037963
0 0.389062 0.625 0.015625 0.0222222
0 0.511979 0.460185 0.00729167 0.0425926
0 0.77474 0.413426 0.00572917 0.012037
0 0.728906 0.782407 0.0453125 0.0833333
0 0.678385 0.451852 0.0276042 0.0203704
0 0.885677 0.5125 0.0453125 0.0287037
0 0.785417 0.392593 0.0166667 0.0351852
0 0.732552 0.609722 0.0130208 0.0435185
0 0.820052 0.537037 0.0338542 0.0185185
0 0.802344 0.704167 0.0244792 0.0157407
0 0.777604 0.837963 0.0416667 0.116667
0 0.384635 0.467593 0.0171875 0.0222222
0 0.827604 0.688426 0.0322917 0.0324074
0 0.844792 0.423611 0.0510417 0.0842593
0 0.429167 0.462037 0.0208333 0.00925926
0 0.598958 0.62963 0.0114583 0.0240741
0 0.474479 0.594444 0.01875 0.00925926
0 0.78151 0.818056 0.0338542 0.0212963
0 0.499219 0.62037 0.0255208 0.037037
0 0.433333 0.579167 0.0135417 0.0490741
0 0.71224 0.608796 0.0161458 0.0453704
0 0.370313 0.629167 0.0416667 0.0990741
0 0.789583 0.758333 0.0510417 0.0444444
0 0.607552 0.485648 0.0078125 0.0231481
0 0.677865 0.597685 0.00989583 0.0509259
0 0.794271 0.55 0.00729167 0.0444444
0 0.54974 0.446296 0.0182292 0.0333333
0 0.736198 0.421759 0.0390625 0.0416667
0 0.71276 0.693519 0.0421875 0.12037
0 0.785937 0.806944 0.00625 0.0583333
0 0.888802 0.569444 0.00989583 0.0592593
0 0.466927 0.439352 0.0213542 0.025
0 0.539844 0.571759 0.0130208 0.0194444
0 0.814323 0.525926 0.0588542 0.109259
0 0.448438 0.445833 0.0135417 0.0398148
0 0.989323 0.408333 0.0192708 0.0388889
0 0.982031 0.564815 0.0151042 0.037037
0 0.761979 0.391204 0.0260417 0.0509259
0 0.669531 0.58287 0.0182292 0.0472222
0 0.828646 0.672222 0.03125 0.0333333
0 0.90625 0.562963 0.0135417 0.037037
0 0.732813 0.798611 0.0177083 0.0287037
0 0.453385 0.468519 0.0119792 0.0425926
0 0.71224 0.688426 0.0151042 0.0361111
0 0.74974 0.606481 0.0338542 0.0203704
0 0.740625 0.420833 0.0416667 0.113889
0 0.397656 0.601389 0.0411458 0.075
0 0.88776 0.719907 0.0151042 0.025
0 0.765885 0.726389 0.0265625 0.025
0 0.707031 0.424537 0.0244792 0.0138889
0 0.761719 0.826852 0.0130208 0.0148148
0 0.726562 0.656944 0.0375 0.087963
0 0.645833 0.606019 0.0458333 0.0787037
0 0.689323 0.417593 0.0411458 0.111111
0 0.754167 0.794907 0.0260417 0.0175926
0 0.800781 0.60787 0.0442708 0.0398148
0 0.875 0.5625 0.0479167 0.0546296
0 0.739844 0.415741 0.0192708 0.0333333
0 0.70651 0.839815 0.0161458 0.037037
0 0.841406 0.712963 0.0546875 0.0962963
0 0.853906 0.672685 0.0328125 0.0231481
0 0.485677 0.661574 0.0473958 0.0324074
0 0.707031 0.439352 0.0182292 0.0398148
0 0.539844 0.476389 0.0140625 0.0398148
0 0.819271 0.586111 0.0270833 0.0148148
0 0.774479 0.4375 0.0145833 0.0398148
0 0.366146 0.464352 0.00729167 0.0416667
0 0.840625 0.658796 0.0125 0.0472222
0 0.694792 0.680093 0.0260417 0.0212963
0 0.617188 0.552315 0.0114583 0.0564815
0 0.411198 0.654167 0.0453125 0.0990741
0 0.110417 0.818981 0.015625 0.0175926
0 0.661719 0.778704 0.0203125 0.0222222
0 0.983854 0.387963 0.0229167 0.0333333
0 0.995833 0.397222 0.00833333 0.012963
0 0.782292 0.526852 0.021875 0.0314815
0 0.865885 0.587037 0.0140625 0.037037
0 0.347135 0.608333 0.0640625 0.062963
0 0.665625 0.544444 0.00520833 0.0277778
0 0.689844 0.430093 0.0151042 0.0324074
0 0.957812 0.503241 0.040625 0.0157407
0 0.755729 0.82037 0.0135417 0.0277778
0 0.714323 0.7625 0.0151042 0.0287037
0 0.721354 0.628704 0.021875 0.0277778
0 0.722396 0.564352 0.0145833 0.0435185
0 0.514844 0.586574 0.0151042 0.0472222
0 0.918229 0.749074 0.0520833 0.0759259
0 0.479688 0.493056 0.0322917 0.0268519
0 0.45625 0.655093 0.0135417 0.0564815
0 0.652344 0.462037 0.0161458 0.0388889
0 0.549219 0.574074 0.0130208 0.0240741
0 0.660677 0.724537 0.0171875 0.0175926
0 0.552604 0.445833 0.00729167 0.0342593
0 0.706771 0.760185 0.0125 0.0481481
0 0.729688 0.411111 0.015625 0.012963
0 0.735937 0.408333 0.0104167 0.062963
0 0.76901 0.733796 0.0182292 0.0287037
0 0.564583 0.623611 0.0229167 0.025
0 0.409635 0.327778 0.0411458 0.062963
0 0.992188 0.366204 0.015625 0.0212963
0 0.80599 0.437963 0.0140625 0.0518519
0 0.882292 0.74213 0.0395833 0.0305556
0 0.573177 0.607407 0.0276042 0.0203704
0 0.941927 0.525463 0.0078125 0.0231481
0 0.76224 0.44537 0.0380208 0.0203704
0 0.890885 0.547685 0.0151042 0.0212963
0 0.698958 0.732407 0.00833333 0.05
0 0.552604 0.624074 0.0229167 0.0166667
0 0.482812 0.575926 0.0322917 0.0166667
0 0.777083 0.551389 0.0489583 0.0898148
0 0.69974 0.381944 0.00572917 0.0231481
0 0.780208 0.624537 0.0197917 0.0268519
0 0.548437 0.655093 0.028125 0.0175926
0 0.832812 0.78287 0.0166667 0.0527778
0 0.59401 0.434259 0.0536458 0.0481481
0 0.760677 0.82037 0.0109375 0.0166667
0 0.379167 0.48287 0.0229167 0.0212963
0 0.352865 0.608796 0.0130208 0.037963
0 0.782031 0.749074 0.0546875 0.0759259
0 0.78151 0.810185 0.0192708 0.0314815
0 0.789583 0.806944 0.0395833 0.0953704
0 0.932552 0.70463 0.0161458 0.0388889
0 0.68151 0.44537 0.0203125 0.00925926
0 0.665625 0.437963 0.025 0.0166667
0 0.428125 0.621296 0.025 0.0203704
0 0.63125 0.749074 0.0208333 0.0166667
0 0.757031 0.59213 0.0078125 0.0231481
0 0.66849 0.6 0.0078125 0.0574074
0 0.674479 0.702315 0.0447917 0.0990741
0 0.823698 0.810185 0.0182292 0.0277778
0 0.690885 0.803241 0.0213542 0.037963
0 0.861458 0.673148 0.0114583 0.0574074
0 0.539323 0.662037 0.0380208 0.0166667
0 0.421094 0.659259 0.0328125 0.0351852
0 0.588021 0.582407 0.0104167 0.012963
0 0.564583 0.605556 0.015625 0.0537037
0 0.845052 0.728704 0.0244792 0.0296296
0 0.945052 0.496296 0.0161458 0.037037
0 0.673698 0.8375 0.0598958 0.0898148
0 0.735417 0.848611 0.0208333 0.0231481
0 0.557552 0.444444 0.0078125 0.0259259
0 0.51849 0.656018 0.0182292 0.0305556
0 0.753125 0.590278 0.0197917 0.0509259
0 0.454948 0.639815 0.0432292 0.0925926
0 0.533854 0.477315 0.0302083 0.0175926
0 0.815625 0.687963 0.0260417 0.0185185
0 0.691667 0.440278 0.0260417 0.0175926
0 0.752604 0.710185 0.0229167 0.0314815
0 0.707552 0.735185 0.0161458 0.0166667
0 0.696094 0.37963 0.0130208 0.0481481
0 0.457031 0.469444 0.0296875 0.0203704
0 0.936719 0.565741 0.0119792 0.0148148
0 0.886198 0.734259 0.0130208 0.0444444
0 0.527344 0.561574 0.0223958 0.0472222
0 0.664583 0.73287 0.01875 0.0194444
0 0.445833 0.669907 0.0333333 0.0398148
0 0.484115 0.623611 0.0203125 0.0324074
0 0.815625 0.69537 0.0333333 0.0259259
0 0.790885 0.70463 0.0109375 0.0259259
0 0.666406 0.599074 0.0359375 0.0185185
0 0.417969 0.277778 0.0130208 0.0185185
0 0.636979 0.563889 0.01875 0.0240741
0 0.693229 0.47037 0.0197917 0.0296296
0 0.805469 0.808796 0.0286458 0.0138889
0 0.740885 0.718518 0.0328125 0.0240741
0 0.782031 0.85463 0.0286458 0.0333333
0 0.765885 0.734259 0.0328125 0.0148148
0 0.496094 0.629167 0.0380208 0.0990741
0 0.79349 0.437037 0.0171875 0.0407407
0 0.917448 0.515741 0.0588542 0.0777778
0 0.746354 0.510648 0.0166667 0.0287037
0 0.839323 0.594907 0.0234375 0.0305556
0 0.645052 0.615278 0.0171875 0.0416667
0 0.703906 0.394444 0.0421875 0.0444444
0 0.814844 0.818056 0.0265625 0.0231481
0 0.414583 0.467593 0.015625 0.0277778
0 0.68151 0.573611 0.0203125 0.0342593
0 0.761719 0.725 0.0380208 0.0444444
0 0.994271 0.348148 0.0114583 0.0296296
0 0.76875 0.762963 0.00833333 0.0351852
0 0.910677 0.580556 0.0161458 0.0407407
0 0.711979 0.521759 0.0395833 0.112037
0 0.491406 0.570833 0.00885417 0.0416667
0 0.652604 0.733333 0.0145833 0.0166667
0 0.788802 0.75787 0.00989583 0.0694444
0 0.722656 0.606481 0.0109375 0.0388889
0 0.59375 0.441204 0.009375 0.0157407
0 0.377083 0.621759 0.00833333 0.0194444
0 0.747917 0.749537 0.015625 0.0361111
0 0.610937 0.45463 0.0145833 0.0203704
0 0.684896 0.793519 0.0177083 0.0407407
0 0.370052 0.476852 0.00989583 0.0259259
0 0.897135 0.670833 0.0536458 0.0898148
0 0.761198 0.431019 0.0244792 0.0305556
0 0.670313 0.786111 0.0208333 0.0611111
0 0.633073 0.5375 0.0255208 0.0287037
0 0.584896 0.468056 0.0145833 0.0527778
0 0.698698 0.680556 0.0203125 0.012963
0 0.741406 0.517593 0.00260417 0.0203704
0 0.686979 0.615278 0.0104167 0.0212963
0 0.676562 0.744444 0.0479167 0.107407
0 0.448958 0.560185 0.00833333 0.0462963
0 0.845052 0.682407 0.0130208 0.0518519
0 0.541146 0.580093 0.0125 0.0101852
0 0.482031 0.562963 0.0213542 0.0240741
0 0.478385 0.484259 0.0213542 0.0185185
0 0.739844 0.615278 0.0109375 0.0675926
0 0.491406 0.579167 0.0109375 0.0194444
0 0.623958 0.534259 0.00729167 0.0277778
0 0.95026 0.550463 0.0234375 0.0138889
0 0.790104 0.550463 0.0135417 0.0324074
0 0.829167 0.792593 0.034375 0.062963
0 0.578385 0.581019 0.0046875 0.0342593
0 0.910937 0.562963 0.03125 0.0259259
0 0.715885 0.530556 0.0151042 0.0166667
0 0.66875 0.443519 0.0104167 0.0518519
0 0.586458 0.615741 0.0260417 0.0240741
0 0.728385 0.437963 0.0265625 0.037037
0 0.439844 0.606019 0.0192708 0.0138889
0 0.3625 0.661574 0.028125 0.0305556
0 0.715104 0.441204 0.0177083 0.037963
0 0.403385 0.607407 0.0328125 0.0222222
0 0.89401 0.540278 0.0109375 0.0527778
0 0.544531 0.465278 0.00989583 0.0453704
0 0.725 0.622685 0.0229167 0.012037
0 0.634896 0.599537 0.0145833 0.0416667
0 0.681771 0.737037 0.0114583 0.0222222
0 0.663021 0.818056 0.00833333 0.0231481
0 0.749219 0.600463 0.0171875 0.012037
0 0.439323 0.663426 0.0130208 0.0194444
0 0.844792 0.557407 0.0166667 0.0240741
0 0.823177 0.74213 0.0119792 0.0324074
0 0.385156 0.456481 0.0046875 0.012963
0 0.559896 0.625 0.0166667 0.0388889
0 0.665885 0.786111 0.0140625 0.0425926
0 0.49974 0.456019 0.0203125 0.0342593
0 0.645312 0.547222 0.0166667 0.0277778
0 0.573177 0.615278 0.0317708 0.0231481
0 0.711458 0.818519 0.0177083 0.0185185
0 0.877083 0.564815 0.0145833 0.0333333
0 0.995052 0.541667 0.0078125 0.0296296
0 0.640104 0.742593 0.01875 0.0333333
0 0.778906 0.740741 0.0223958 0.0462963
0 0.564844 0.640278 0.0171875 0.0472222
0 0.952865 0.543981 0.0151042 0.0305556
0 0.766406 0.640741 0.0119792 0.037037
0 0.46224 0.577778 0.0046875 0.0351852
0 0.748958 0.433333 0.009375 0.0185185
0 0.544271 0.481481 0.0229167 0.0185185
0 0.827083 0.689352 0.015625 0.0435185
0 0.672917 0.571759 0.0125 0.0453704
0 0.760417 0.586111 0.009375 0.0333333
0 0.794271 0.780556 0.00729167 0.0333333
0 0.678125 0.614815 0.0291667 0.012963
0 0.753906 0.512963 0.0255208 0.0240741
0 0.777083 0.552315 0.0125 0.0175926
0 0.792969 0.749074 0.0182292 0.05
0 0.63724 0.571296 0.0276042 0.0203704
0 0.733073 0.512037 0.0234375 0.0277778
0 0.625 0.424074 0.0114583 0.0277778
0 0.707292 0.42963 0.0375 0.0203704
0 0.778906 0.409722 0.0119792 0.0175926
0 0.861458 0.727778 0.034375 0.0240741
0 0.865104 0.573148 0.0302083 0.0259259
0 0.767448 0.578241 0.0078125 0.062037
0 0.680469 0.801852 0.0078125 0.0333333
0 0.738542 0.577315 0.0125 0.0638889
0 0.445312 0.43287 0.03125 0.0175926
0 0.549479 0.647222 0.0135417 0.0185185
0 0.873438 0.509722 0.0572917 0.0731481
0 0.652865 0.610648 0.0359375 0.0361111
0 0.932552 0.561111 0.0119792 0.0259259
0 0.752865 0.726389 0.0359375 0.0212963
0 0.731771 0.855556 0.0197917 0.0166667
0 0.86901 0.721759 0.0161458 0.0342593
0 0.770312 0.63287 0.00416667 0.0305556
0 0.698958 0.563426 0.01875 0.0194444
0 0.695052 0.672685 0.0317708 0.025
0 0.814323 0.556481 0.0130208 0.0407407
0 0.450781 0.577315 0.0119792 0.0601852
0 0.52526 0.616667 0.0109375 0.0444444
0 0.894531 0.698148 0.0244792 0.0333333
0 0.445833 0.425463 0.0114583 0.0212963
0 0.63724 0.784722 0.0526042 0.125
0 0.620313 0.562963 0.0333333 0.0222222
0 0.482292 0.643056 0.00416667 0.062037
0 0.852344 0.564352 0.0151042 0.0490741
0 0.652344 0.739352 0.0151042 0.012037
0 0.806771 0.586574 0.0135417 0.0398148
0 0.682552 0.555556 0.0286458 0.0185185
0 0.719271 0.756944 0.0270833 0.0175926
0 0.432813 0.588889 0.028125 0.0388889
0 0.34401 0.602778 0.0171875 0.0351852
0 0.803906 0.484722 0.0265625 0.0175926
0 0.940885 0.509722 0.0338542 0.0305556
0 0.390104 0.463426 0.0197917 0.0175926
0 0.686198 0.609722 0.0046875 0.0287037
0 0.775 0.64213 0.0114583 0.012037
0 0.763021 0.689352 0.0427083 0.115741
0 0.810677 0.555093 0.0161458 0.062037
0 0.753385 0.506019 0.0078125 0.025
0 0.910937 0.546759 0.0135417 0.0601852
0 0.828385 0.42963 0.0182292 0.0240741
0 0.786719 0.535648 0.0244792 0.0175926
0 0.72474 0.616204 0.0203125 0.0268519
0 0.761979 0.600463 0.021875 0.0175926
0 0.432813 0.489352 0.0208333 0.0138889
0 0.895312 0.556944 0.0333333 0.0305556
0 0.735417 0.571759 0.025 0.0175926
0 0.978385 0.509722 0.0223958 0.0453704
0 0.715625 0.697222 0.0239583 0.0222222
0 0.726823 0.654167 0.0244792 0.0287037
0 0.907292 0.54213 0.03125 0.025
0 0.584115 0.586574 0.0203125 0.025
0 0.639583 0.790278 0.009375 0.0342593
0 0.617188 0.486111 0.0104167 0.012963
0 0.982813 0.549074 0.015625 0.0314815
0 0.883854 0.511574 0.0114583 0.0768519
0 0.582292 0.575463 0.00208333 0.0212963
0 0.815885 0.755093 0.0296875 0.0268519
0 0.88724 0.78287 0.0505208 0.0805556
0 0.686719 0.563426 0.00260417 0.0231481
0 0.360417 0.650926 0.0479167 0.0925926
0 0.698698 0.599074 0.0255208 0.0259259
0 0.371615 0.486111 0.0276042 0.037037
0 0.778125 0.611574 0.009375 0.0361111
0 0.73125 0.816667 0.0135417 0.0240741
0 0.995313 0.526852 0.009375 0.0222222
0 0.429167 0.494907 0.0229167 0.0194444
0 0.729427 0.563426 0.0276042 0.0212963
0 0.360677 0.656018 0.0171875 0.025
0 0.797396 0.555556 0.0114583 0.0555556
0 0.928125 0.706944 0.00729167 0.0416667
0 0.889323 0.368981 0.0421875 0.087963
0 0.544271 0.645833 0.0135417 0.0268519
0 0.338021 0.618981 0.021875 0.0268519
0 0.76849 0.387037 0.0151042 0.0314815
0 0.925 0.570833 0.0260417 0.0194444
0 0.635417 0.790278 0.00729167 0.0361111
0 0.677604 0.444444 0.0177083 0.0148148
0 0.560417 0.440741 0.00833333 0.0314815
0 0.727865 0.662037 0.0213542 0.0148148
0 0.698958 0.57037 0.0239583 0.0166667
0 0.566667 0.587037 0.021875 0.0222222
0 0.444271 0.6625 0.0166667 0.0268519
0 0.827083 0.713889 0.0260417 0.0481481
0 0.665365 0.591667 0.0213542 0.0166667
0 0.495573 0.57963 0.0223958 0.012963
0 0.845052 0.564815 0.0296875 0.0185185
0 0.73724 0.788889 0.0078125 0.0203704
0 0.775 0.774074 0.0197917 0.0407407
0 0.77474 0.418056 0.00677083 0.025
0 0.440365 0.612963 0.0182292 0.0148148
0 0.377865 0.466667 0.00677083 0.0259259
0 0.627083 0.52963 0.015625 0.0185185
0 0.890625 0.677315 0.0114583 0.0305556
0 0.482292 0.455093 0.00416667 0.0231481
0 0.774479 0.705093 0.00520833 0.0287037
0 0.93724 0.570833 0.0213542 0.0157407
0 0.63151 0.741667 0.0223958 0.0203704
0 0.673958 0.609259 0.0135417 0.0425926
0 0.972917 0.565278 0.0125 0.0453704
0 0.79349 0.410648 0.0171875 0.0342593
0 0.706771 0.393981 0.0114583 0.025
0 0.716406 0.573148 0.0046875 0.0240741
0 0.540625 0.6 0.0125 0.0296296
0 0.78724 0.413426 0.0401042 0.0305556
0 0.645052 0.55463 0.0265625 0.0203704
0 0.699479 0.743519 0.009375 0.0166667
0 0.861198 0.682407 0.0234375 0.0240741
0 0.822917 0.778704 0.0208333 0.0259259
0 0.748698 0.825926 0.00989583 0.0351852
0 0.554688 0.461574 0.0145833 0.0175926
0 0.360677 0.47963 0.0223958 0.0203704
0 0.435677 0.616667 0.0140625 0.0277778
0 0.703125 0.761574 0.0166667 0.0305556
0 0.87526 0.603241 0.0234375 0.0175926
0 0.85625 0.395833 0.00520833 0.0231481
0 0.974479 0.514352 0.00833333 0.0324074
0 0.857292 0.402315 0.0135417 0.0287037
0 0.513281 0.614352 0.0151042 0.075
0 0.898177 0.719444 0.0203125 0.0388889
0 0.449479 0.577778 0.01875 0.0148148
0 0.890365 0.726852 0.0401042 0.0314815
0 0.757812 0.5125 0.021875 0.0138889
0 0.840885 0.437963 0.0276042 0.0240741
0 0.702604 0.831944 0.01875 0.0305556
0 0.339583 0.608333 0.00833333 0.0222222
0 0.465625 0.489352 0.0197917 0.0231481
0 0.711458 0.705093 0.025 0.0305556
0 0.748958 0.788889 0.0302083 0.0314815
0 0.95599 0.574074 0.0244792 0.0240741
0 0.85651 0.772685 0.0265625 0.025
0 0.828125 0.792593 0.015625 0.0407407
0 0.841406 0.675 0.0369792 0.0407407
0 0.828646 0.436574 0.0260417 0.0175926
0 0.795313 0.668981 0.015625 0.0287037
0 0.415625 0.476389 0.0166667 0.0157407
0 0.603125 0.594444 0.0354167 0.0222222
0 0.824479 0.755556 0.01875 0.0351852
0 0.770052 0.763889 0.0140625 0.0592593
0 0.765365 0.773148 0.00677083 0.0425926
0 0.85625 0.527315 0.0197917 0.0527778
0 0.73724 0.735648 0.0182292 0.025
0 0.849479 0.7125 0.0416667 0.0546296
0 0.536198 0.659259 0.0151042 0.0185185
0 0.640625 0.755556 0.0270833 0.0203704
0 0.993229 0.381019 0.0135417 0.0342593
0 0.62474 0.594907 0.0109375 0.0175926
0 0.686979 0.416667 0.034375 0.0277778
0 0.54974 0.455093 0.00364583 0.025
0 0.957552 0.581944 0.0296875 0.0268519
0 0.723958 0.6625 0.0166667 0.025
0 0.507552 0.61713 0.0223958 0.0305556
0 0.940625 0.550926 0.0166667 0.037037
0 0.783594 0.600463 0.0296875 0.0305556
0 0.470313 0.640278 0.009375 0.0194444
0 0.979688 0.35787 0.00625 0.0212963
0 0.440885 0.454167 0.0307292 0.025
0 0.36901 0.622685 0.0140625 0.025
0 0.516667 0.655556 0.00833333 0.0166667
0 0.853385 0.663889 0.0265625 0.0203704
0 0.409896 0.661111 0.0145833 0.0537037
0 0.678385 0.608333 0.0234375 0.0277778
0 0.402865 0.593518 0.00572917 0.0351852
0 0.389062 0.456481 0.0114583 0.0148148
0 0.441667 0.421759 0.00833333 0.0212963
0 0.807813 0.541667 0.0239583 0.0185185
0 0.752865 0.718982 0.0192708 0.0194444
0 0.995052 0.551389 0.00989583 0.0212963
0 0.585417 0.621759 0.00833333 0.0601852
0 0.786979 0.475 0.0229167 0.0296296
0 0.839323 0.766204 0.0130208 0.037963
0 0.482292 0.57037 0.0239583 0.0166667
0 0.457552 0.413426 0.00572917 0.0194444
0 0.5125 0.624537 0.0291667 0.0324074
0 0.525 0.461111 0.0197917 0.0166667
0 0.839323 0.593518 0.0223958 0.0685185
0 0.427865 0.613426 0.0192708 0.0212963
0 0.453906 0.410185 0.0182292 0.0444444
0 0.845312 0.765278 0.0302083 0.0287037
0 0.646354 0.631481 0.0208333 0.0277778
0 0.441667 0.429167 0.0145833 0.0175926
0 0.778125 0.55787 0.0270833 0.0157407
0 0.749219 0.552778 0.00572917 0.0296296
0 0.741927 0.521296 0.0109375 0.0222222
0 0.58125 0.623148 0.0177083 0.0592593
0 0.357031 0.616667 0.0192708 0.0203704
0 0.832292 0.70463 0.0104167 0.0518519
0 0.820312 0.424537 0.0239583 0.0175926
0 0.54401 0.473611 0.0192708 0.0194444
0 0.507552 0.562963 0.0151042 0.0277778
0 0.886458 0.563889 0.0239583 0.0259259
0 0.385417 0.669444 0.0229167 0.0203704
0 0.715625 0.809259 0.0114583 0.0259259
0 0.773698 0.550463 0.0161458 0.0305556
0 0.344792 0.614352 0.0229167 0.0212963
0 0.791146 0.710648 0.0260417 0.0231481
0 0.802083 0.453704 0.021875 0.0425926
0 0.747917 0.718982 0.0135417 0.0361111
0 0.828385 0.662963 0.0161458 0.0259259
0 0.87474 0.59537 0.0140625 0.0148148
0 0.744271 0.825 0.0104167 0.0407407
0 0.738281 0.617593 0.0255208 0.0259259
0 0.444792 0.484722 0.01875 0.0194444
0 0.901823 0.68287 0.0244792 0.037963
0 0.626302 0.748611 0.0171875 0.0305556
0 0.882031 0.741667 0.0171875 0.0388889
0 0.478125 0.438426 0.0145833 0.025
0 0.886719 0.781482 0.0140625 0.0314815
0 0.511719 0.648148 0.0119792 0.0611111
0 0.495833 0.637963 0.021875 0.0259259
0 0.690104 0.460648 0.0114583 0.0583333
0 0.664583 0.843056 0.00833333 0.0231481
0 0.495313 0.573611 0.009375 0.0231481
0 0.841667 0.737037 0.0354167 0.0351852
0 0.732552 0.446759 0.0286458 0.0268519
0 0.886719 0.505093 0.0130208 0.0305556
0 0.677083 0.845833 0.0166667 0.0435185
0 0.523958 0.570833 0.021875 0.0212963
0 0.652604 0.556944 0.0145833 0.0416667
0 0.5 0.460648 0.00520833 0.0342593
0 0.995052 0.519444 0.00677083 0.0185185
0 0.985677 0.365741 0.0151042 0.0259259
0 0.678125 0.7375 0.009375 0.0212963
0 0.716927 0.5125 0.00677083 0.0287037
0 0.452344 0.637963 0.00885417 0.037037
0 0.523958 0.646296 0.01875 0.0240741
0 0.820052 0.418519 0.0151042 0.0259259
0 0.769271 0.574074 0.0114583 0.0203704
0 0.798437 0.781018 0.009375 0.0342593
0 0.836979 0.549074 0.0177083 0.0407407
0 0.420052 0.65463 0.0192708 0.0277778
0 0.957552 0.539815 0.0348958 0.0259259
0 0.794271 0.788426 0.0114583 0.0361111
0 0.578646 0.455556 0.0104167 0.0222222
0 0.680469 0.74213 0.0130208 0.0787037
0 0.761198 0.593982 0.0151042 0.0157407
0 0.702604 0.726389 0.0145833 0.0361111
0 0.940365 0.503704 0.0151042 0.0222222
0 0.874479 0.447222 0.0197917 0.0185185
0 0.38151 0.621759 0.0203125 0.0194444
0 0.628906 0.640278 0.0213542 0.0194444
0 0.66224 0.802315 0.0223958 0.0324074
0 0.613281 0.491667 0.0192708 0.0185185
0 0.733333 0.52037 0.0302083 0.0240741
0 0.702604 0.422222 0.0229167 0.0259259
0 0.513281 0.660185 0.0203125 0.0203704
0 0.616406 0.558796 0.0192708 0.0212963
0 0.773958 0.749537 0.028125 0.025
0 0.692187 0.570833 0.009375 0.0157407
0 0.678385 0.743519 0.0192708 0.0203704
0 0.410677 0.331481 0.00572917 0.0259259
0 0.869271 0.507407 0.0291667 0.0314815
0 0.357292 0.609722 0.021875 0.0231481
0 0.708073 0.401389 0.0192708 0.0212963
0 0.661979 0.776852 0.0239583 0.0574074
0 0.711198 0.6 0.0244792 0.0259259
0 0.771615 0.645833 0.0213542 0.0268519
0 0.753906 0.436111 0.0286458 0.0222222
0 0.728646 0.556481 0.0177083 0.0222222
0 0.502865 0.572222 0.0192708 0.0314815
0 0.760417 0.691204 0.0229167 0.037963
0 0.802865 0.417593 0.00885417 0.0444444
0 0.923698 0.563426 0.0244792 0.0212963
0 0.377865 0.475926 0.0192708 0.0185185
0 0.453906 0.616667 0.0130208 0.0277778
0 0.70599 0.177778 0.0171875 0.0277778
0 0.605729 0.45463 0.0177083 0.0240741
0 0.854167 0.434259 0.0229167 0.0277778
0 0.991927 0.518981 0.00989583 0.0268519
0 0.765104 0.563889 0.00729167 0.0425926
0 0.592448 0.439815 0.0203125 0.0759259
0 0.536719 0.468519 0.00989583 0.0259259
0 0.599219 0.5875 0.0192708 0.0287037
0 0.748958 0.831481 0.0239583 0.0314815
0 0.573438 0.598148 0.0114583 0.0648148
0 0.470052 0.592593 0.0161458 0.0222222
0 0.716146 0.863426 0.021875 0.0175926
0 0.444792 0.473611 0.0208333 0.0675926
0 0.454167 0.570833 0.0135417 0.0231481
0 0.73724 0.610648 0.0119792 0.0212963
0 0.79974 0.600926 0.0265625 0.0296296
0 0.615625 0.595833 0.0166667 0.025
0 0.832292 0.558333 0.0208333 0.0314815
0 0.757812 0.50463 0.0125 0.0240741
0 0.865625 0.771759 0.0354167 0.0416667
0 0.524479 0.652315 0.0260417 0.0157407
0 0.740104 0.712037 0.021875 0.0203704
0 0.535937 0.652315 0.0166667 0.0212963
0 0.775521 0.610185 0.0197917 0.037037
0 0.986979 0.394907 0.0135417 0.0398148
0 0.628646 0.631481 0.0125 0.0296296
0 0.720573 0.431019 0.0296875 0.0305556
0 0.803646 0.476852 0.0197917 0.0259259
0 0.65599 0.460185 0.0130208 0.0185185
0 0.645052 0.625 0.0119792 0.0166667
0 0.665365 0.824537 0.0140625 0.0361111
0 0.599479 0.479167 0.0239583 0.0101852
0 0.594792 0.6 0.0270833 0.0333333
0 0.782812 0.593518 0.021875 0.0222222
0 0.917969 0.527778 0.0203125 0.0407407
0 0.969792 0.55463 0.0197917 0.0296296
0 0.991406 0.358333 0.0171875 0.037037
0 0.658333 0.419907 0.0385417 0.0305556
0 0.689583 0.436574 0.0166667 0.0657407
0 0.929688 0.506944 0.0135417 0.0231481
0 0.473958 0.444907 0.0114583 0.025
0 0.748958 0.558333 0.01875 0.0296296
0 0.690885 0.616667 0.0161458 0.0111111
0 0.414844 0.331481 0.00989583 0.0277778
0 0.907031 0.735185 0.0296875 0.0240741
0 0.72474 0.410185 0.0203125 0.0222222
0 0.765625 0.394907 0.0145833 0.0305556
0 0.57474 0.460185 0.0171875 0.0203704
0 0.628906 0.564352 0.0130208 0.0194444
0 0.403906 0.468981 0.0182292 0.0194444
0 0.404167 0.458796 0.00833333 0.0212963
0 0.886198 0.788889 0.0223958 0.0240741
0 0.538281 0.658796 0.0130208 0.0490741
0 0.65625 0.794907 0.0166667 0.0398148
0 0.636458 0.796759 0.0166667 0.0268519
0 0.466667 0.587037 0.0177083 0.0240741
0 0.698958 0.461574 0.0197917 0.025
0 0.490885 0.483333 0.0244792 0.0259259
0 0.923437 0.4125 0.0145833 0.0268519
0 0.415365 0.465278 0.0265625 0.0398148
0 0.678385 0.683333 0.00989583 0.0314815
0 0.65625 0.453241 0.009375 0.0268519
0 0.804427 0.44537 0.0182292 0.0166667
0 0.716406 0.578704 0.0140625 0.0259259
0 0.69375 0.779167 0.0239583 0.0527778
0 0.486719 0.655093 0.00989583 0.0324074
0 0.373698 0.474074 0.00989583 0.0240741
0 0.43776 0.453704 0.0151042 0.0222222
0 0.640625 0.626389 0.0125 0.0231481
0 0.654167 0.595833 0.0197917 0.0342593
0 0.561458 0.444907 0.01875 0.0231481
0 0.94401 0.511111 0.0130208 0.05
0 0.358333 0.482407 0.00625 0.0148148
0 0.516146 0.576389 0.0291667 0.0287037
0 0.920313 0.703241 0.0239583 0.0268519
0 0.733073 0.743056 0.0130208 0.0472222
0 0.647656 0.743056 0.0203125 0.0305556
0 0.629687 0.57037 0.0260417 0.0277778
0 0.485677 0.456481 0.0078125 0.0222222
0 0.695312 0.386574 0.00520833 0.0231481
0 0.392969 0.66713 0.0171875 0.0694444
0 0.852083 0.547685 0.0177083 0.0435185
0 0.928646 0.714352 0.0229167 0.0305556
0 0.911198 0.669444 0.0119792 0.0407407
0 0.548177 0.577315 0.0234375 0.0453704
0 0.465885 0.643981 0.00885417 0.025
0 0.873177 0.688889 0.0255208 0.0277778
0 0.482812 0.608333 0.00208333 0.0314815
0 0.889583 0.689352 0.01875 0.0287037
0 0.466146 0.426852 0.00833333 0.0185185
0 0.670573 0.549074 0.0255208 0.0259259
0 0.898177 0.4125 0.0130208 0.0342593
0 0.448958 0.57037 0.0145833 0.0203704
0 0.944531 0.548148 0.0223958 0.0203704
0 0.503385 0.455556 0.0015625 0.0388889
0 0.499219 0.631944 0.0119792 0.0342593
0 0.605729 0.453241 0.0229167 0.0601852
0 0.886198 0.369907 0.0109375 0.0287037
0 0.824219 0.661574 0.0182292 0.0416667
0 0.466927 0.578704 0.0046875 0.0240741
0 0.485677 0.460648 0.0182292 0.025
0 0.670052 0.544907 0.0109375 0.0287037
0 0.920313 0.696759 0.0135417 0.0342593
0 0.874219 0.750463 0.0140625 0.037963
0 0.561979 0.579167 0.0145833 0.037963
0 0.454167 0.622222 0.021875 0.0333333
0 0.720052 0.572222 0.00572917 0.0203704
0 0.736458 0.431019 0.0239583 0.0342593
0 0.716146 0.855556 0.00729167 0.0388889
0 0.628125 0.594444 0.0145833 0.0259259
0 0.720312 0.57963 0.01875 0.0166667
0 0.989583 0.387963 0.0125 0.0222222
0 0.478385 0.615741 0.0046875 0.0277778
0 0.711198 0.534722 0.0203125 0.0305556
0 0.532552 0.468981 0.0119792 0.0231481
0 0.804167 0.422685 0.021875 0.0342593
0 0.46276 0.585185 0.00885417 0.0259259
0 0.690625 0.611111 0.00520833 0.0240741
0 0.753125 0.550926 0.0125 0.0425926
0 0.98099 0.366204 0.0109375 0.0231481
0 0.886198 0.42037 0.0182292 0.0222222
0 0.69974 0.387963 0.0119792 0.0296296
0 0.697656 0.808333 0.0171875 0.0518519
0 0.440885 0.490278 0.0182292 0.0287037
0 0.424479 0.450463 0.0125 0.0342593
0 0.407031 0.653704 0.0234375 0.0314815
0 0.536458 0.576389 0.015625 0.0212963
0 0.409375 0.336574 0.01875 0.0398148
0 0.440625 0.448611 0.00520833 0.0157407
0 0.823438 0.786574 0.0177083 0.0546296
0 0.720052 0.855556 0.0109375 0.037037
0 0.9375 0.533333 0.0229167 0.0240741
0 0.6125 0.484722 0.009375 0.0212963
0 0.936719 0.524537 0.0119792 0.0268519
0 0.515365 0.461111 0.0161458 0.0296296
0 0.677083 0.691204 0.0197917 0.0472222
0 0.890625 0.371296 0.0125 0.0240741
0 0.682031 0.766204 0.0171875 0.0416667
0 0.403125 0.600463 0.009375 0.0231481
0 0.744531 0.5125 0.0130208 0.0638889
0 0.694792 0.732407 0.00520833 0.0314815
0 0.653646 0.4125 0.00833333 0.0212963
0 0.470573 0.646759 0.0151042 0.0231481
0 0.452344 0.64537 0.0171875 0.0333333
0 0.564583 0.622222 0.0197917 0.0592593
0 0.527865 0.610648 0.0130208 0.0212963
0 0.845052 0.705093 0.0203125 0.0601852
0 0.774479 0.617593 0.009375 0.0296296
0 0.682813 0.683333 0.015625 0.0333333
0 0.923698 0.419444 0.0234375 0.0314815
0 0.398438 0.600463 0.0104167 0.0231481
0 0.553385 0.455093 0.00885417 0.0268519
0 0.465885 0.639815 0.0192708 0.0407407
0 0.777865 0.682407 0.0151042 0.0425926
0 0.410677 0.46713 0.0078125 0.0361111
0 0.44349 0.661111 0.0182292 0.0759259
0 0.68724 0.569907 0.0109375 0.0212963
0 0.51224 0.654167 0.00989583 0.0194444
0 0.785937 0.751852 0.0197917 0.037037
0 0.991146 0.540278 0.00520833 0.0453704
0 0.645312 0.447685 0.00625 0.0212963
0 0.79974 0.743981 0.0213542 0.0268519
0 0.389323 0.633333 0.0223958 0.0314815
0 0.833073 0.755093 0.0119792 0.0324074
0 0.729167 0.75 0.0114583 0.0333333
0 0.95599 0.573611 0.0203125 0.0694444
0 0.874219 0.438426 0.0130208 0.0324074
0 0.583073 0.581481 0.0109375 0.0277778
0 0.353906 0.473611 0.0015625 0.0342593
0 0.623698 0.433333 0.0223958 0.0351852
0 0.664323 0.825926 0.0255208 0.0518519
0 0.810417 0.577315 0.0166667 0.0583333
0 0.416406 0.601852 0.0046875 0.0314815
0 0.840104 0.674537 0.0177083 0.0601852
0 0.657552 0.412037 0.0078125 0.0277778
0 0.410417 0.473148 0.015625 0.0240741
0 0.990104 0.418056 0.0125 0.0324074
0 0.40026 0.466667 0.00989583 0.0203704
0 0.745313 0.519444 0.0229167 0.0314815
0 0.70651 0.821296 0.0171875 0.0444444
0 0.573958 0.453704 0.0104167 0.0314815
0 0.466667 0.43287 0.0135417 0.0268519
0 0.732813 0.787037 0.00729167 0.0444444
0 0.974219 0.519907 0.0213542 0.0305556
0 0.95599 0.504167 0.0182292 0.0490741
0 0.779167 0.416667 0.0177083 0.0222222
0 0.86224 0.727778 0.0192708 0.0481481
0 0.690625 0.410185 0.015625 0.0407407
0 0.765365 0.57037 0.0161458 0.0333333
0 0.773958 0.445833 0.021875 0.0231481
0 0.915885 0.750463 0.0203125 0.0342593
0 0.80651 0.702778 0.0161458 0.0648148
0 0.673958 0.709259 0.0177083 0.0333333
0 0.910677 0.562963 0.0192708 0.0555556
0 0.870052 0.437037 0.00885417 0.037037
0 0.494531 0.631019 0.0130208 0.0361111
0 0.822917 0.809722 0.015625 0.0564815
0 0.828125 0.77037 0.021875 0.037037
0 0.848698 0.410185 0.0192708 0.0703704
0 0.642448 0.452778 0.0182292 0.0314815
0 0.65625 0.549074 0.0145833 0.0648148
0 0.85651 0.395833 0.0244792 0.0712963
0 0.985417 0.417593 0.00833333 0.0314815
0 0.457812 0.42037 0.015625 0.0333333
0 0.720833 0.515741 0.0125 0.0333333
0 0.528906 0.617593 0.0223958 0.0277778
0 0.695052 0.739815 0.0119792 0.0222222
0 0.50599 0.615741 0.0223958 0.0666667
0 0.453385 0.42037 0.0109375 0.0296296
0 0.874479 0.387963 0.0166667 0.0425926
0 0.778385 0.696759 0.0046875 0.0361111
0 0.365365 0.470833 0.0151042 0.0361111
0 0.840885 0.727315 0.0192708 0.0694444
0 0.597396 0.475463 0.025 0.075
0 0.669531 0.839352 0.0171875 0.0398148
0 0.483073 0.616204 0.00989583 0.0268519
0 0.81901 0.586111 0.0171875 0.0537037
0 0.769792 0.794444 0.0197917 0.05
0 0.869792 0.749074 0.0114583 0.0462963
0 0.785937 0.414352 0.021875 0.0546296
0 0.573698 0.606481 0.0203125 0.0518519
0 0.436458 0.446759 0.00625 0.0268519
0 0.385156 0.668981 0.0234375 0.0564815
0 0.551562 0.624074 0.0229167 0.0574074
0 0.776042 0.853704 0.0239583 0.0574074
0 0.661719 0.728241 0.0213542 0.0398148
0 0.739062 0.402315 0.0208333 0.0675926
0 0.426302 0.587037 0.0265625 0.062963
0 0.698177 0.599074 0.0192708 0.062963
0 0.658073 0.800926 0.0255208 0.0648148
0 0.770573 0.639352 0.0109375 0.0287037
0 0.778646 0.702315 0.0145833 0.025
0 0.769271 0.394444 0.0229167 0.0703704
0 0.723437 0.815278 0.0197917 0.0453704
0 0.898438 0.682407 0.0197917 0.0722222
0 0.482292 0.651852 0.0145833 0.0407407
0 0.815625 0.688889 0.01875 0.0648148
0 0.760938 0.81713 0.015625 0.0638889
0 0.652865 0.614815 0.0234375 0.062963
0 0.503646 0.460185 0.009375 0.0333333
0 0.873698 0.727315 0.0223958 0.0527778
0 0.925 0.505556 0.01875 0.0351852
0 0.477083 0.484259 0.01875 0.0666667
0 0.416406 0.606481 0.0161458 0.0351852
0 0.66875 0.436111 0.0177083 0.0685185
0 0.635156 0.572685 0.0192708 0.0583333
0 0.641406 0.446296 0.00677083 0.037037
0 0.79401 0.675 0.0213542 0.0592593
0 0.586198 0.613426 0.0192708 0.0583333
0 0.80625 0.809259 0.0208333 0.0518519
0 0.764583 0.733333 0.0197917 0.0574074
0 0.860937 0.684259 0.0197917 0.0592593
0 0.749219 0.77963 0.0244792 0.062963
0 0.865625 0.563889 0.0177083 0.0740741
0 0.730469 0.853241 0.0203125 0.0583333
0 0.798437 0.402778 0.0260417 0.0555556
0 0.652344 0.740741 0.0203125 0.0537037
0 0.814844 0.817593 0.0182292 0.0518519
0 0.748177 0.600463 0.0213542 0.0731481
0 0.698438 0.675 0.0197917 0.062963
0 0.354167 0.480093 0.00520833 0.0268519
0 0.602865 0.584259 0.0223958 0.0685185
0 0.703125 0.726389 0.0239583 0.0527778
0 0.367448 0.621759 0.0255208 0.0509259
0 0.506771 0.564815 0.021875 0.0555556
0 0.456771 0.46713 0.0197917 0.0601852
0 0.715365 0.705556 0.0234375 0.0592593
0 0.427604 0.491204 0.0208333 0.0694444
0 0.790365 0.712963 0.0223958 0.0574074
0 0.735677 0.573148 0.0244792 0.0518519
0 0.439583 0.614352 0.0197917 0.0509259
0 0.723177 0.623148 0.0223958 0.0648148
0 0.68724 0.802315 0.0244792 0.0712963
0 0.627865 0.535185 0.0234375 0.0666667
0 0.70599 0.401852 0.0234375 0.0685185
0 0.894271 0.548148 0.0208333 0.0574074
0 0.677083 0.444907 0.0208333 0.0675926
0 0.677865 0.608796 0.0203125 0.062037
0 0.852865 0.666667 0.0203125 0.0574074
0 0.399479 0.458333 0.00520833 0.0277778
0 0.903125 0.543981 0.0229167 0.0546296
0 0.865625 0.771759 0.021875 0.0694444
0 0.664583 0.593518 0.021875 0.0592593
0 0.765104 0.690278 0.0260417 0.0675926
0 0.844271 0.559259 0.0208333 0.0611111
0 0.760156 0.437037 0.0192708 0.0666667
0 0.359375 0.655556 0.025 0.0666667
0 0.935417 0.572222 0.0197917 0.062963
0 0.64401 0.556481 0.0192708 0.0611111
0 0.71901 0.75463 0.0223958 0.0574074
0 0.785156 0.532407 0.0223958 0.0611111
0 0.867969 0.506019 0.0234375 0.0768519
0 0.827344 0.438889 0.0203125 0.0611111
0 0.805469 0.54213 0.0234375 0.0583333
0 0.522135 0.461111 0.0203125 0.0555556
0 0.890365 0.726852 0.0203125 0.0648148
0 0.48125 0.569907 0.0229167 0.0657407
0 0.957292 0.536111 0.0229167 0.0648148
0 0.773698 0.549074 0.0255208 0.0592593
0 0.836458 0.430093 0.0229167 0.0694444
0 0.991927 0.518519 0.0161458 0.0666667
0 0.789062 0.475463 0.0208333 0.0638889
0 0.979688 0.367593 0.0260417 0.0481481
0 0.832812 0.712963 0.021875 0.0740741
0 0.80651 0.444444 0.0234375 0.0703704
0 0.426823 0.616204 0.0234375 0.0583333
0 0.389583 0.459722 0.021875 0.0416667
0 0.811198 0.756019 0.0213542 0.0490741
0 0.547917 0.64537 0.0239583 0.0555556
0 0.699479 0.566204 0.01875 0.0675926
0 0.544531 0.592593 0.0234375 0.0444444
0 0.856771 0.77037 0.0197917 0.062963
0 0.630469 0.741667 0.0234375 0.0462963
0 0.464583 0.490278 0.025 0.0583333
0 0.681771 0.765741 0.0270833 0.0648148
0 0.677344 0.735185 0.0255208 0.05
0 0.752604 0.718056 0.0197917 0.0657407
0 0.683333 0.846296 0.0260417 0.0666667
0 0.342187 0.610648 0.0260417 0.0527778
0 0.522917 0.570833 0.021875 0.0787037
0 0.773438 0.748148 0.0208333 0.0703704
0 0.647917 0.593982 0.0239583 0.0675926
0 0.757292 0.505093 0.0239583 0.0638889
0 0.702344 0.423611 0.0223958 0.0638889
0 0.747917 0.556944 0.025 0.0731481
0 0.890104 0.68287 0.0239583 0.0638889
0 0.873177 0.594907 0.0213542 0.0768519
0 0.68151 0.550463 0.0223958 0.0546296
0 0.711198 0.593056 0.0203125 0.062037
0 0.844271 0.765741 0.0197917 0.0648148
0 0.982031 0.55787 0.0223958 0.0601852
0 0.739844 0.711574 0.0244792 0.0583333
0 0.723177 0.660185 0.0213542 0.0666667
0 0.940104 0.506019 0.0239583 0.0638889
0 0.54401 0.475926 0.0234375 0.062963
0 0.885417 0.563426 0.0208333 0.0601852
0 0.740104 0.431481 0.021875 0.0740741
0 0.46901 0.593982 0.0234375 0.0712963
0 0.418229 0.65463 0.0229167 0.0685185
0 0.73151 0.446759 0.0213542 0.0694444
0 0.96901 0.556481 0.0234375 0.0574074
0 0.380469 0.618519 0.0255208 0.0388889
0 0.452344 0.618519 0.0234375 0.0740741
0 0.744271 0.831944 0.0239583 0.0583333
0 0.769531 0.774074 0.0265625 0.0722222
0 0.873438 0.556481 0.0239583 0.0574074
0 0.440104 0.426389 0.0239583 0.0675926
0 0.595052 0.6 0.0223958 0.0722222
0 0.760938 0.593056 0.021875 0.062037
0 0.911198 0.668981 0.0265625 0.0583333
0 0.627604 0.565278 0.0208333 0.0731481
0 0.627344 0.631944 0.0223958 0.0694444
0 0.923437 0.564352 0.0208333 0.0564815
0 0.527865 0.616204 0.0265625 0.0638889
0 0.798177 0.601852 0.0234375 0.0648148
0 0.790365 0.80787 0.0265625 0.0527778
0 0.639063 0.75 0.0260417 0.0574074
0 0.633333 0.794444 0.0260417 0.0611111
0 0.472135 0.44537 0.0255208 0.062963
0 0.723698 0.410185 0.0223958 0.0759259
0 0.88099 0.506019 0.0265625 0.0583333
0 0.814844 0.527778 0.0244792 0.0611111
0 0.354948 0.609722 0.0255208 0.0657407
0 0.682292 0.683796 0.025 0.0731481
0 0.73125 0.520833 0.0229167 0.0675926
0 0.451562 0.648148 0.025 0.0574074
0 0.830469 0.55787 0.0234375 0.0675926
0 0.782552 0.59537 0.0223958 0.0722222
0 0.988021 0.39537 0.0239583 0.0537037
0 0.802083 0.425463 0.0260417 0.0638889
0 0.922917 0.419444 0.025 0.0833333
0 0.670313 0.839815 0.0270833 0.0851852
0 0.376823 0.476389 0.0255208 0.0601852
0 0.752344 0.431944 0.0244792 0.0583333
0 0.79974 0.787037 0.0234375 0.0592593
0 0.488542 0.475926 0.025 0.0666667
0 0.535156 0.652778 0.0234375 0.062963
0 0.885677 0.788426 0.0223958 0.0694444
0 0.736458 0.610185 0.0229167 0.0703704
0 0.727865 0.557407 0.0234375 0.0666667
0 0.898177 0.418519 0.0265625 0.0481481
0 0.828646 0.6625 0.0208333 0.0712963
0 0.781771 0.683333 0.0260417 0.062963
0 0.523958 0.648148 0.021875 0.062963
0 0.819531 0.416667 0.0234375 0.0759259
0 0.714844 0.817593 0.0255208 0.0518519
0 0.439844 0.490741 0.0255208 0.0703704
0 0.494271 0.573611 0.0229167 0.0694444
0 0.514583 0.572685 0.025 0.0638889
0 0.739583 0.647222 0.025 0.0648148
0 0.640104 0.624537 0.021875 0.0731481
0 0.614323 0.596296 0.0244792 0.0722222
0 0.907031 0.729167 0.0244792 0.0638889
0 0.778385 0.810648 0.0234375 0.0546296
0 0.719792 0.431481 0.021875 0.0611111
0 0.945052 0.550463 0.0255208 0.0694444
0 0.657031 0.45463 0.0244792 0.0574074
0 0.559896 0.444907 0.0239583 0.0675926
0 0.460156 0.587963 0.0255208 0.0648148
0 0.732292 0.750463 0.0260417 0.0564815
0 0.798958 0.741204 0.0229167 0.0694444
0 0.615885 0.559259 0.0244792 0.0759259
0 0.873698 0.691204 0.0244792 0.0638889
0 0.926823 0.714352 0.0234375 0.0638889
0 0.697135 0.462037 0.0255208 0.0574074
0 0.710417 0.526852 0.0229167 0.0740741
0 0.885677 0.422685 0.0265625 0.0564815
0 0.889323 0.373611 0.0255208 0.0509259
0 0.831771 0.757407 0.0239583 0.0666667
0 0.919531 0.700463 0.0234375 0.0638889
0 0.989323 0.551389 0.0213542 0.0601852
0 0.622917 0.433796 0.028125 0.0712963
0 0.447396 0.573148 0.0239583 0.0611111
0 0.628385 0.594907 0.0234375 0.062037
0 0.802344 0.476852 0.0244792 0.0648148
0 0.697917 0.385648 0.025 0.0731481
0 0.534896 0.574074 0.025 0.0648148
0 0.560677 0.581019 0.0244792 0.0583333
0 0.777604 0.417593 0.0260417 0.0685185
0 0.714583 0.855093 0.025 0.0694444
0 0.914844 0.751852 0.0265625 0.062963
0 0.936719 0.529167 0.0244792 0.0694444
0 0.870573 0.75 0.0244792 0.0611111
0 0.422917 0.456019 0.0260417 0.062037
0 0.690885 0.410185 0.0265625 0.0722222
0 0.46875 0.646759 0.025 0.0694444
0 0.719531 0.578704 0.0234375 0.0777778
0 0.673437 0.7125 0.0270833 0.0546296
0 0.985677 0.419907 0.0265625 0.0657407
0 0.409896 0.476389 0.0270833 0.0546296
0 0.764063 0.570833 0.0270833 0.062037
0 0.686198 0.573148 0.0234375 0.0722222
0 0.610417 0.485185 0.0260417 0.0777778
0 0.514583 0.461111 0.025 0.0666667
0 0.873177 0.440278 0.0276042 0.0601852
0 0.49349 0.631481 0.0276042 0.0592593
0 0.732813 0.787963 0.0239583 0.0537037
0 0.689583 0.611111 0.0260417 0.062963
0 0.786198 0.751389 0.0255208 0.0675926
0 0.481771 0.618056 0.0260417 0.0657407
0 0.40625 0.65463 0.0260417 0.0740741
0 0.923437 0.506481 0.0270833 0.0611111
0 0.74375 0.52037 0.0239583 0.0722222
0 0.694271 0.743519 0.0270833 0.0648148
0 0.397135 0.604167 0.0276042 0.0490741
0 0.66901 0.543981 0.0265625 0.0694444
0 0.777083 0.61713 0.021875 0.0731481
0 0.973177 0.522222 0.0265625 0.0666667
0 0.452344 0.41713 0.0265625 0.0787037
0 0.464583 0.431944 0.0260417 0.0657407
0 0.53151 0.47037 0.0255208 0.0703704
0 0.551562 0.455093 0.0270833 0.0731481
0 0.414323 0.328241 0.0223958 0.0435185
0 0.848437 0.431944 0.0260417 0.0694444
0 0.657031 0.411111 0.0276042 0.0777778
0 0.364062 0.479167 0.028125 0.0398148
0 0.772917 0.446759 0.0239583 0.0731481
0 0.580729 0.580093 0.025 0.0675926
0 0.777865 0.706019 0.0286458 0.062037
0 0.719271 0.512037 0.025 0.0722222
0 0.872656 0.388889 0.0276042 0.0685185
0 0.484635 0.45463 0.0276042 0.0740741
0 0.48125 0.655556 0.0270833 0.0592593
0 0.76875 0.639815 0.0260417 0.0666667
0 0.510677 0.65463 0.0234375 0.0703704
0 0.413802 0.610185 0.0296875 0.0555556
0 0.435937 0.447685 0.0260417 0.0731481
0 0.573177 0.456481 0.0255208 0.0759259
0 0.639583 0.447685 0.0270833 0.0694444
0 0.502083 0.462037 0.0291667 0.062963
0 0.351042 0.485648 0.0260417 0.0601852
0 0.398177 0.463426 0.0276042 0.0675926
