0 0.656771 0.6375 0.046875 0.0861111
0 0.590365 0.813889 0.0286458 0.0222222
0 0.210677 0.615278 0.0317708 0.0972222
0 0.577604 0.703241 0.0104167 0.0546296
0 0.377604 0.565741 0.025 0.0351852
0 0.6875 0.5125 0.021875 0.0231481
0 0.650781 0.750463 0.0234375 0.0231481
0 0.539844 0.544907 0.0505208 0.0861111
0 0.377083 0.84213 0.071875 0.115741
0 0.45 0.943056 0.015625 0.0231481
0 0.428385 0.489815 0.0505208 0.0555556
0 0.901563 0.576852 0.065625 0.0759259
0 0.470313 0.935185 0.009375 0.0222222
0 0.636198 0.842593 0.0182292 0.0203704
0 0.644531 0.933333 0.0390625 0.0907407
0 0.469531 0.898611 0.0338542 0.0287037
0 0.402604 0.735185 0.0208333 0.0351852
0 0.528906 0.893056 0.0328125 0.100926
0 0.52526 0.913889 0.0307292 0.0425926
0 0.250781 0.49213 0.0651042 0.062037
0 0.470573 0.943056 0.0119792 0.0194444
0 0.623698 0.922685 0.0484375 0.0953704
0 0.491406 0.683333 0.0171875 0.0166667
0 0.578646 0.718518 0.0333333 0.0296296
0 0.561198 0.652778 0.0223958 0.0240741
0 0.207552 0.489815 0.0473958 0.0722222
0 0.522917 0.822222 0.0125 0.0537037
0 0.752604 0.720833 0.0322917 0.0175926
0 0.590625 0.727778 0.028125 0.0259259
0 0.555469 0.498611 0.0078125 0.0175926
0 0.291146 0.535185 0.03125 0.012963
0 0.170573 0.7 0.0421875 0.109259
0 0.423958 0.816667 0.0114583 0.0407407
0 0.465885 0.568056 0.0140625 0.0324074
0 0.571094 0.600463 0.0317708 0.0194444
0 0.552604 0.950926 0.0145833 0.0314815
0 0.210938 0.494444 0.0135417 0.0240741
0 0.304167 0.65463 0.015625 0.0111111
0 0.475781 0.869907 0.0203125 0.0268519
0 0.373958 0.684259 0.015625 0.0388889
0 0.224219 0.660185 0.0411458 0.0907407
0 0.344271 0.689815 0.0135417 0.0351852
0 0.339844 0.521759 0.0119792 0.0101852
0 0.589583 0.662963 0.0510417 0.087037
0 0.344271 0.706019 0.021875 0.0157407
0 0.690625 0.698148 0.0385417 0.105556
0 0.459896 0.550463 0.021875 0.0138889
0 0.605208 0.847222 0.0479167 0.101852
0 0.721615 0.561111 0.0109375 0.0222222
0 0.230469 0.4625 0.0265625 0.0472222
0 0.258594 0.636574 0.0192708 0.0138889
0 0.603125 0.814815 0.0364583 0.0351852
0 0.5625 0.506019 0.0177083 0.0194444
0 0.530208 0.503704 0.0197917 0.0240741
0 0.452604 0.94213 0.0322917 0.037963
0 0.236198 0.533796 0.0119792 0.0398148
0 0.488802 0.483796 0.0130208 0.0398148
0 0.624479 0.735648 0.0354167 0.0324074
0 0.580469 0.927315 0.0442708 0.0861111
0 0.289844 0.542593 0.0192708 0.0203704
0 0.665625 0.637037 0.0208333 0.0333333
0 0.248698 0.50463 0.0203125 0.0222222
0 0.584896 0.711111 0.0114583 0.037037
0 0.220313 0.475463 0.0364583 0.0324074
0 0.740625 0.690278 0.0229167 0.0194444
0 0.797917 0.666667 0.0208333 0.0314815
0 0.416146 0.643981 0.0197917 0.0305556
0 0.407813 0.928241 0.053125 0.0435185
0 0.208073 0.697222 0.0421875 0.122222
0 0.428646 0.79537 0.0177083 0.0314815
0 0.465625 0.676852 0.00833333 0.0240741
0 0.214844 0.473148 0.0213542 0.0203704
0 0.497656 0.843056 0.00989583 0.0509259
0 0.533333 0.616204 0.0114583 0.0416667
0 0.431771 0.875926 0.0239583 0.0314815
0 0.564844 0.95787 0.0255208 0.0268519
0 0.519271 0.668981 0.009375 0.0527778
0 0.251823 0.5 0.0078125 0.037037
0 0.897656 0.508796 0.00572917 0.0268519
0 0.182552 0.501389 0.00885417 0.0509259
0 0.660677 0.7125 0.0192708 0.0138889
0 0.260938 0.5 0.0291667 0.0518519
0 0.610937 0.909722 0.009375 0.0509259
0 0.192448 0.718518 0.0473958 0.0703704
0 0.427083 0.707407 0.015625 0.0277778
0 0.648438 0.935648 0.0166667 0.037963
0 0.625781 0.699537 0.0151042 0.0212963
0 0.15625 0.485185 0.0135417 0.0444444
0 0.223438 0.478241 0.021875 0.0157407
0 0.482812 0.69213 0.0135417 0.037963
0 0.422656 0.85463 0.00885417 0.0518519
0 0.273958 0.638889 0.0572917 0.101852
0 0.589583 0.522685 0.04375 0.108333
0 0.465104 0.7125 0.0291667 0.0175926
0 0.590625 0.862037 0.0364583 0.0462963
0 0.157552 0.7125 0.0223958 0.0138889
0 0.913802 0.51713 0.0286458 0.0231481
0 0.623958 0.823611 0.0260417 0.0231481
0 0.414323 0.834722 0.0171875 0.0194444
0 0.236979 0.490741 0.009375 0.0333333
0 0.423438 0.543981 0.03125 0.00833333
0 0.498698 0.828241 0.0171875 0.0527778
0 0.356771 0.688889 0.01875 0.0203704
0 0.623177 0.815278 0.0338542 0.108333
0 0.448438 0.721759 0.0197917 0.0305556
0 0.727865 0.660185 0.0140625 0.012963
0 0.432552 0.831944 0.0338542 0.0305556
0 0.682031 0.862037 0.00572917 0.0351852
0 0.223438 0.5125 0.015625 0.0268519
0 0.614323 0.739815 0.00885417 0.0518519
0 0.517448 0.812037 0.0598958 0.105556
0 0.235677 0.710648 0.00885417 0.0675926
0 0.653125 0.697685 0.0375 0.0194444
0 0.699219 0.869444 0.00989583 0.0351852
0 0.235677 0.72037 0.0473958 0.0962963
0 0.309115 0.541667 0.0171875 0.0444444
0 0.389844 0.673611 0.0234375 0.0157407
0 0.591927 0.568981 0.00989583 0.00833333
0 0.460938 0.933333 0.0458333 0.037037
0 0.175 0.655556 0.0104167 0.012963
0 0.582031 0.673611 0.0286458 0.0231481
0 0.482552 0.737037 0.0119792 0.0277778
0 0.484375 0.52037 0.0135417 0.0444444
0 0.528646 0.628241 0.0458333 0.0935185
0 0.471094 0.811111 0.0494792 0.111111
0 0.228385 0.5125 0.0192708 0.0157407
0 0.407031 0.901852 0.0578125 0.062963
0 0.61224 0.680556 0.0140625 0.0425926
0 0.553125 0.881481 0.0114583 0.0407407
0 0.519792 0.718518 0.0177083 0.00925926
0 0.505729 0.843518 0.0229167 0.0296296
0 0.588021 0.573611 0.0135417 0.0268519
0 0.283333 0.691204 0.009375 0.0453704
0 0.541406 0.892593 0.0338542 0.111111
0 0.294271 0.727315 0.0177083 0.012037
0 0.519792 0.906482 0.0145833 0.0462963
0 0.332031 0.696759 0.0151042 0.0361111
0 0.457031 0.66713 0.0161458 0.0472222
0 0.570052 0.729167 0.0223958 0.0101852
0 0.697917 0.668519 0.0197917 0.0240741
0 0.215625 0.5375 0.01875 0.0212963
0 0.452344 0.873148 0.0109375 0.0703704
0 0.482552 0.975 0.0161458 0.0240741
0 0.488021 0.775 0.0427083 0.101852
0 0.525 0.932407 0.04375 0.118519
0 0.770312 0.730093 0.0135417 0.0212963
0 0.335677 0.514815 0.0161458 0.0203704
0 0.423177 0.831481 0.0151042 0.0462963
0 0.599219 0.746296 0.0192708 0.0407407
0 0.244271 0.62037 0.0135417 0.0481481
0 0.673177 0.818981 0.0411458 0.0990741
0 0.598177 0.913426 0.0244792 0.0157407
0 0.503646 0.718518 0.0104167 0.0555556
0 0.486198 0.645833 0.0276042 0.0287037
0 0.653125 0.897222 0.0197917 0.0481481
0 0.573177 0.959722 0.0140625 0.0324074
0 0.252083 0.488426 0.0125 0.0527778
0 0.347135 0.641667 0.0380208 0.103704
0 0.195312 0.538426 0.0114583 0.0268519
0 0.122917 0.658796 0.0135417 0.0175926
0 0.683333 0.736574 0.0125 0.0268519
0 0.814323 0.697685 0.00989583 0.0490741
0 0.49375 0.837963 0.0208333 0.00925926
0 0.461458 0.847222 0.0208333 0.0203704
0 0.758594 0.690278 0.0369792 0.0305556
0 0.716146 0.55 0.00625 0.0314815
0 0.125781 0.515741 0.0078125 0.0111111
0 0.257812 0.7 0.0166667 0.0277778
0 0.339844 0.703241 0.0151042 0.0435185
0 0.165885 0.702315 0.00989583 0.037963
0 0.786198 0.508333 0.0234375 0.0611111
0 0.209115 0.681481 0.00885417 0.0703704
0 0.61224 0.691667 0.0411458 0.0944444
0 0.631771 0.875463 0.0489583 0.0898148
0 0.553646 0.849074 0.009375 0.0796296
0 0.711198 0.733796 0.0296875 0.0138889
0 0.591406 0.52037 0.0265625 0.0333333
0 0.491146 0.860185 0.0333333 0.0333333
0 0.499479 0.72963 0.0125 0.037037
0 0.457812 0.843982 0.0354167 0.108333
0 0.311719 0.666667 0.0390625 0.0240741
0 0.21224 0.677315 0.0140625 0.0138889
0 0.418229 0.655093 0.0166667 0.0398148
0 0.796875 0.667593 0.0552083 0.0666667
0 0.808073 0.708333 0.0515625 0.0814815
0 0.495313 0.90463 0.0489583 0.0888889
0 0.49401 0.956944 0.0401042 0.0861111
0 0.4875 0.910648 0.0166667 0.0342593
0 0.647396 0.644444 0.00729167 0.0351852
0 0.159635 0.7125 0.0130208 0.0601852
0 0.470573 0.881481 0.0171875 0.0351852
0 0.371875 0.516667 0.0520833 0.0425926
0 0.907292 0.518056 0.059375 0.0564815
0 0.667448 0.8375 0.0109375 0.062037
0 0.423438 0.957407 0.0458333 0.0796296
0 0.122656 0.667593 0.0244792 0.0166667
0 0.564583 0.96713 0.0291667 0.025
0 0.619531 0.814815 0.0276042 0.0296296
0 0.639583 0.710648 0.0104167 0.0509259
0 0.472656 0.941204 0.0401042 0.037963
0 0.0992187 0.648611 0.0161458 0.012037
0 0.458594 0.683333 0.0380208 0.0333333
0 0.548437 0.682407 0.025 0.0148148
0 0.486458 0.928704 0.034375 0.0296296
0 0.247917 0.697685 0.00833333 0.0416667
0 0.433073 0.7125 0.0338542 0.0361111
0 0.322917 0.705556 0.0208333 0.0185185
0 0.445573 0.930093 0.0567708 0.0916667
0 0.195833 0.729167 0.0291667 0.037963
0 0.644271 0.523611 0.05625 0.0731481
0 0.640625 0.836574 0.0135417 0.0157407
0 0.598698 0.90463 0.0244792 0.0277778
0 0.483333 0.860185 0.0177083 0.0166667
0 0.590625 0.806019 0.025 0.0212963
0 0.590885 0.797685 0.0265625 0.0231481
0 0.723958 0.651389 0.009375 0.0675926
0 0.261198 0.516667 0.00885417 0.0166667
0 0.45625 0.549537 0.025 0.025
0 0.256771 0.537037 0.00729167 0.0314815
0 0.56901 0.898148 0.0348958 0.0296296
0 0.666146 0.897222 0.0364583 0.0351852
0 0.200521 0.651852 0.0270833 0.0259259
0 0.814583 0.558333 0.0177083 0.0259259
0 0.307292 0.659259 0.01875 0.0296296
0 0.410937 0.937963 0.0197917 0.0240741
0 0.577344 0.829167 0.0171875 0.0231481
0 0.486979 0.726389 0.0125 0.0398148
0 0.507292 0.960648 0.0395833 0.0453704
0 0.436458 0.48287 0.0166667 0.0509259
0 0.365625 0.683333 0.0291667 0.0185185
0 0.43099 0.558796 0.0171875 0.0268519
0 0.415365 0.95 0.0192708 0.0555556
0 0.620313 0.875926 0.0125 0.037037
0 0.177604 0.511574 0.00520833 0.0231481
0 0.726823 0.735648 0.0244792 0.012037
0 0.228385 0.519907 0.0317708 0.0287037
0 0.127865 0.511111 0.0046875 0.0333333
0 0.508073 0.637037 0.0338542 0.0222222
0 0.253125 0.695833 0.0541667 0.0990741
0 0.53776 0.773148 0.0286458 0.0203704
0 0.896875 0.519444 0.0260417 0.0166667
0 0.239323 0.727778 0.0401042 0.0277778
0 0.777344 0.514815 0.0536458 0.0611111
0 0.69349 0.720833 0.0182292 0.037963
0 0.682292 0.69537 0.0302083 0.0240741
0 0.14349 0.505093 0.0119792 0.0361111
0 0.506771 0.690741 0.025 0.0148148
0 0.281771 0.644907 0.00729167 0.0305556
0 0.691927 0.863889 0.0078125 0.0148148
0 0.528125 0.716667 0.021875 0.0148148
0 0.166406 0.505093 0.0046875 0.0268519
0 0.80599 0.541204 0.0432292 0.0916667
0 0.372135 0.51713 0.0078125 0.00833333
0 0.311719 0.537037 0.00677083 0.012963
0 0.135417 0.714352 0.0322917 0.0342593
0 0.523698 0.819444 0.0161458 0.0185185
0 0.690104 0.703704 0.0291667 0.0333333
0 0.542188 0.873148 0.0145833 0.0425926
0 0.223958 0.466667 0.05625 0.101852
0 0.802604 0.543056 0.0125 0.0324074
0 0.527865 0.668519 0.0119792 0.0351852
0 0.648438 0.951852 0.0333333 0.0166667
0 0.41224 0.646759 0.0130208 0.0564815
0 0.324219 0.663426 0.0359375 0.10463
0 0.71276 0.663426 0.0151042 0.0175926
0 0.448177 0.534722 0.0234375 0.0212963
0 0.594271 0.663889 0.0197917 0.0148148
0 0.560938 0.660185 0.0166667 0.0185185
0 0.528125 0.624537 0.0145833 0.0268519
0 0.902083 0.506481 0.00625 0.037037
0 0.761979 0.677315 0.00416667 0.0231481
0 0.477604 0.705093 0.0114583 0.0361111
0 0.445052 0.853241 0.0182292 0.0324074
0 0.541406 0.73287 0.00572917 0.0305556
0 0.227083 0.471296 0.0177083 0.0314815
0 0.483594 0.632407 0.0171875 0.0444444
0 0.51901 0.860648 0.0369792 0.0268519
0 0.682813 0.914352 0.01875 0.0305556
0 0.535156 0.809259 0.0119792 0.0481481
0 0.138802 0.52037 0.0213542 0.0333333
0 0.686719 0.5 0.00989583 0.0240741
0 0.698438 0.718982 0.0322917 0.0194444
0 0.433854 0.689352 0.0208333 0.0287037
0 0.499219 0.673611 0.0223958 0.0138889
0 0.408073 0.721759 0.0161458 0.0231481
0 0.56875 0.688426 0.0135417 0.0472222
0 0.785937 0.572685 0.05625 0.0731481
0 0.65 0.744444 0.01875 0.0166667
0 0.430729 0.719444 0.0135417 0.0462963
0 0.245312 0.543519 0.021875 0.0203704
0 0.391667 0.726852 0.00625 0.0240741
0 0.740625 0.652778 0.00833333 0.0222222
0 0.465104 0.813426 0.021875 0.0324074
0 0.289844 0.528241 0.0213542 0.0157407
0 0.54401 0.889352 0.00885417 0.0694444
0 0.723177 0.659259 0.0130208 0.0185185
0 0.736198 0.7 0.0182292 0.012963
0 0.190625 0.504167 0.00625 0.0324074
0 0.652604 0.891204 0.034375 0.0194444
0 0.615365 0.750463 0.0359375 0.0324074
0 0.590885 0.717593 0.0317708 0.0203704
0 0.470313 0.496296 0.00833333 0.0388889
0 0.511458 0.556019 0.0322917 0.0268519
0 0.53776 0.837963 0.0265625 0.0296296
0 0.454948 0.785185 0.0411458 0.112963
0 0.45651 0.55787 0.0171875 0.0342593
0 0.403385 0.720833 0.0151042 0.0324074
0 0.236198 0.549537 0.0213542 0.0194444
0 0.732031 0.698148 0.0119792 0.0240741
0 0.195312 0.551852 0.021875 0.0462963
0 0.652604 0.529167 0.009375 0.025
0 0.736719 0.653241 0.00260417 0.0287037
0 0.602083 0.851852 0.0229167 0.0388889
0 0.566146 0.731481 0.0260417 0.0185185
0 0.581771 0.668056 0.0145833 0.0194444
0 0.223438 0.706944 0.0125 0.0231481
0 0.277344 0.644907 0.0119792 0.0342593
0 0.465885 0.97037 0.0213542 0.0351852
0 0.40026 0.631944 0.0338542 0.0398148
0 0.810938 0.714352 0.0291667 0.0212963
0 0.43776 0.675926 0.0234375 0.0148148
0 0.567969 0.732407 0.00885417 0.062963
0 0.623958 0.562037 0.0145833 0.0222222
0 0.23151 0.549537 0.0171875 0.0342593
0 0.533333 0.756944 0.015625 0.0361111
0 0.265625 0.719444 0.00729167 0.0388889
0 0.5125 0.518519 0.0270833 0.0185185
0 0.433073 0.699074 0.0234375 0.0185185
0 0.490365 0.47963 0.0276042 0.0444444
0 0.536979 0.68287 0.0229167 0.0268519
0 0.427865 0.858796 0.0494792 0.087963
0 0.303125 0.725463 0.0239583 0.0231481
0 0.270052 0.718518 0.0140625 0.0277778
0 0.144271 0.668981 0.0177083 0.0212963
0 0.486198 0.631944 0.00885417 0.025
0 0.565104 0.847222 0.03125 0.0222222
0 0.615885 0.555556 0.0171875 0.0203704
0 0.452865 0.712963 0.00885417 0.0296296
0 0.415625 0.701852 0.0104167 0.0351852
0 0.511458 0.630556 0.0260417 0.0166667
0 0.49349 0.964815 0.0328125 0.0296296
0 0.424219 0.536574 0.00989583 0.0101852
0 0.532552 0.83287 0.0046875 0.0231481
0 0.110937 0.692593 0.021875 0.0296296
0 0.485677 0.486574 0.0515625 0.0861111
0 0.208333 0.324074 0.0145833 0.0425926
0 0.55625 0.951389 0.0291667 0.0231481
0 0.698177 0.713426 0.0255208 0.0175926
0 0.445833 0.736111 0.0166667 0.0277778
0 0.453125 0.798611 0.0239583 0.025
0 0.484896 0.528241 0.0177083 0.0138889
0 0.378125 0.689815 0.025 0.0203704
0 0.166927 0.5125 0.0078125 0.0324074
0 0.219531 0.703704 0.0130208 0.0259259
0 0.607292 0.534722 0.0166667 0.0138889
0 0.7375 0.706481 0.0229167 0.0203704
0 0.719271 0.698148 0.0208333 0.0481481
0 0.144792 0.675 0.0260417 0.0203704
0 0.526302 0.51713 0.0421875 0.123148
0 0.776302 0.713426 0.0411458 0.0805556
0 0.389844 0.845833 0.0151042 0.037963
0 0.782031 0.581481 0.0119792 0.0333333
0 0.622656 0.733796 0.0161458 0.0435185
0 0.390885 0.854167 0.0286458 0.0287037
0 0.473437 0.899074 0.0166667 0.0444444
0 0.786458 0.700926 0.0229167 0.0333333
0 0.34401 0.699074 0.0234375 0.0222222
0 0.335938 0.519444 0.0114583 0.0166667
0 0.673958 0.563889 0.0125 0.0240741
0 0.240885 0.631019 0.0296875 0.0212963
0 0.565104 0.551852 0.0135417 0.0481481
0 0.708594 0.653241 0.00885417 0.0324074
0 0.582552 0.603704 0.0244792 0.0185185
0 0.15625 0.501389 0.015625 0.0268519
0 0.541667 0.812963 0.0479167 0.0851852
0 0.539323 0.943519 0.0328125 0.0351852
0 0.635156 0.835185 0.0130208 0.0148148
0 0.15625 0.494444 0.009375 0.0240741
0 0.539844 0.698148 0.0307292 0.0166667
0 0.549219 0.851852 0.0140625 0.0796296
0 0.740885 0.661574 0.0119792 0.0138889
0 0.197917 0.644444 0.0125 0.0351852
0 0.4375 0.798148 0.0135417 0.0166667
0 0.510677 0.549074 0.0192708 0.0185185
0 0.0950521 0.652315 0.0296875 0.0268519
0 0.379687 0.89213 0.0541667 0.0916667
0 0.569531 0.587037 0.0130208 0.0277778
0 0.879167 0.57963 0.04375 0.0851852
0 0.63151 0.883333 0.0203125 0.0407407
0 0.527083 0.711574 0.015625 0.0138889
0 0.465885 0.925926 0.0192708 0.0425926
0 0.441927 0.638426 0.00885417 0.0361111
0 0.41276 0.657407 0.0223958 0.0240741
0 0.619792 0.690741 0.0135417 0.0537037
0 0.566667 0.556481 0.0208333 0.0240741
0 0.722135 0.728241 0.00989583 0.0138889
0 0.890365 0.580556 0.0140625 0.0537037
0 0.294271 0.650463 0.00729167 0.0361111
0 0.726042 0.666204 0.0104167 0.0601852
0 0.515885 0.862037 0.0140625 0.0351852
0 0.253385 0.643056 0.0213542 0.0138889
0 0.676823 0.825463 0.00989583 0.0287037
0 0.470573 0.875463 0.0338542 0.025
0 0.780729 0.516204 0.0114583 0.025
0 0.386458 0.567593 0.0197917 0.0277778
0 0.348958 0.534722 0.0125 0.0212963
0 0.314844 0.549537 0.00885417 0.0231481
0 0.38125 0.891204 0.00729167 0.0490741
0 0.498177 0.540278 0.0265625 0.0231481
0 0.623698 0.873611 0.0130208 0.0527778
0 0.499219 0.762963 0.0255208 0.0296296
0 0.507552 0.632407 0.0140625 0.0185185
0 0.527344 0.88287 0.0171875 0.025
0 0.463281 0.985648 0.0161458 0.0287037
0 0.508073 0.504167 0.0307292 0.0194444
0 0.465885 0.983796 0.00989583 0.0231481
0 0.531771 0.544907 0.00520833 0.0305556
0 0.31901 0.551389 0.0171875 0.0212963
0 0.349479 0.648148 0.00729167 0.0314815
0 0.590625 0.653704 0.0197917 0.0296296
0 0.499219 0.667593 0.0140625 0.0222222
0 0.615365 0.563426 0.0182292 0.0157407
0 0.45625 0.541204 0.0177083 0.025
0 0.182031 0.518519 0.0192708 0.0148148
0 0.48776 0.740741 0.0276042 0.0277778
0 0.120573 0.503704 0.0015625 0.0407407
0 0.428906 0.822685 0.0244792 0.0342593
0 0.61224 0.558796 0.0109375 0.0398148
0 0.65 0.535648 0.0239583 0.0342593
0 0.710417 0.719907 0.015625 0.0342593
0 0.433073 0.785648 0.00364583 0.0194444
0 0.132292 0.665741 0.015625 0.0185185
0 0.111719 0.693056 0.0526042 0.0953704
0 0.384115 0.535648 0.0234375 0.025
0 0.603646 0.528241 0.0104167 0.0546296
0 0.632292 0.688889 0.0177083 0.0166667
0 0.652604 0.652778 0.015625 0.0314815
0 0.540104 0.69213 0.015625 0.0138889
0 0.574479 0.524537 0.0239583 0.0212963
0 0.139323 0.510648 0.00885417 0.0212963
0 0.453385 0.785185 0.0213542 0.037037
0 0.427604 0.876852 0.01875 0.0592593
0 0.806771 0.701389 0.01875 0.0287037
0 0.457031 0.794907 0.0130208 0.0212963
0 0.648177 0.881944 0.0213542 0.025
0 0.107031 0.644444 0.0182292 0.0277778
0 0.744792 0.726852 0.01875 0.0240741
0 0.139062 0.677315 0.01875 0.0305556
0 0.424219 0.652778 0.0255208 0.0240741
0 0.48125 0.639815 0.00833333 0.0166667
0 0.440104 0.728241 0.009375 0.0268519
0 0.416406 0.715278 0.0244792 0.0268519
0 0.678125 0.558333 0.0197917 0.0203704
0 0.433854 0.500926 0.015625 0.0259259
0 0.533333 0.631481 0.0239583 0.0259259
0 0.641927 0.697222 0.0338542 0.0296296
0 0.595573 0.534259 0.0161458 0.0333333
0 0.224479 0.647685 0.009375 0.0194444
0 0.553906 0.727778 0.0286458 0.0240741
0 0.582812 0.596296 0.0125 0.0296296
0 0.786198 0.523611 0.0244792 0.0231481
0 0.695052 0.544444 0.0234375 0.0574074
0 0.143229 0.512963 0.0197917 0.0222222
0 0.195312 0.680093 0.034375 0.0305556
0 0.206771 0.705556 0.0177083 0.037037
0 0.236198 0.725463 0.0192708 0.025
0 0.477344 0.712963 0.0244792 0.0277778
0 0.106771 0.651852 0.015625 0.0185185
0 0.219271 0.697685 0.0166667 0.0546296
0 0.65599 0.85463 0.0078125 0.0296296
0 0.920052 0.552315 0.0276042 0.0175926
0 0.29974 0.519444 0.00677083 0.0222222
0 0.823958 0.550463 0.00729167 0.025
0 0.782292 0.69213 0.00833333 0.0490741
0 0.448438 0.960185 0.0177083 0.0351852
0 0.578646 0.926389 0.0166667 0.0398148
0 0.636198 0.564352 0.0234375 0.0324074
0 0.452865 0.718982 0.0161458 0.0175926
0 0.19401 0.722685 0.0182292 0.0305556
0 0.590365 0.660648 0.0140625 0.0231481
0 0.269792 0.631019 0.0125 0.037963
0 0.528906 0.984722 0.0411458 0.0305556
0 0.211719 0.501389 0.0171875 0.0194444
0 0.605469 0.697222 0.0223958 0.0425926
0 0.574479 0.518056 0.015625 0.0287037
0 0.553646 0.72037 0.0208333 0.0222222
0 0.589844 0.852778 0.0151042 0.0814815
0 0.623438 0.82963 0.0177083 0.0611111
0 0.539844 0.884722 0.0203125 0.025
0 0.48724 0.877315 0.0359375 0.0342593
0 0.66875 0.695833 0.0145833 0.0564815
0 0.247917 0.490741 0.00729167 0.037037
0 0.557031 0.803241 0.0119792 0.0287037
0 0.207552 0.629167 0.0182292 0.0157407
0 0.423698 0.958796 0.0171875 0.037963
0 0.489844 0.490278 0.00677083 0.0287037
0 0.460938 0.713426 0.015625 0.0435185
0 0.136198 0.659722 0.0192708 0.0231481
0 0.549479 0.922222 0.0114583 0.0481481
0 0.304427 0.684259 0.0244792 0.0259259
0 0.63724 0.726852 0.0286458 0.0296296
0 0.723698 0.666667 0.0182292 0.0185185
0 0.790104 0.553704 0.0125 0.0185185
0 0.677865 0.831019 0.0192708 0.025
0 0.365625 0.676852 0.0208333 0.0222222
0 0.53724 0.766667 0.0140625 0.0222222
0 0.533073 0.873148 0.0171875 0.0462963
0 0.410417 0.935648 0.021875 0.0583333
0 0.37474 0.521296 0.0171875 0.0277778
0 0.632812 0.906944 0.0125 0.0361111
0 0.28151 0.718518 0.0140625 0.0240741
0 0.876823 0.586574 0.0130208 0.0287037
0 0.289844 0.735185 0.0109375 0.0166667
0 0.553906 0.930093 0.0244792 0.0398148
0 0.383073 0.847222 0.0192708 0.0314815
0 0.536979 0.824074 0.00520833 0.037037
0 0.690885 0.554167 0.0182292 0.0231481
0 0.51901 0.526852 0.0255208 0.0555556
0 0.607292 0.689815 0.0135417 0.0407407
0 0.157031 0.706019 0.0182292 0.0175926
0 0.694531 0.871759 0.00677083 0.0361111
0 0.265625 0.684722 0.015625 0.0231481
0 0.556771 0.508796 0.0166667 0.0175926
0 0.461458 0.983796 0.009375 0.0231481
0 0.382292 0.65 0.0239583 0.0240741
0 0.56276 0.531944 0.0265625 0.0305556
0 0.265885 0.635185 0.0140625 0.0240741
0 0.561979 0.809722 0.03125 0.037963
0 0.235938 0.541204 0.0166667 0.0212963
0 0.192969 0.373611 0.0161458 0.0305556
0 0.277344 0.725 0.0119792 0.0148148
0 0.324219 0.72037 0.0223958 0.0351852
0 0.273438 0.520833 0.0114583 0.025
0 0.544531 0.549074 0.0203125 0.0222222
0 0.169271 0.706944 0.0208333 0.0287037
0 0.277604 0.52037 0.0114583 0.0296296
0 0.3125 0.713426 0.0197917 0.0157407
0 0.116146 0.513889 0.003125 0.0407407
0 0.265885 0.729167 0.00989583 0.0175926
0 0.483594 0.913426 0.00989583 0.0509259
0 0.710156 0.727315 0.0203125 0.0157407
0 0.535937 0.689815 0.0145833 0.0166667
0 0.490625 0.852778 0.0197917 0.0555556
0 0.31276 0.651852 0.0223958 0.0351852
0 0.598698 0.877315 0.0203125 0.025
0 0.194531 0.666667 0.0151042 0.05
0 0.761719 0.686574 0.0161458 0.0212963
0 0.640104 0.827778 0.0270833 0.0425926
0 0.582552 0.902778 0.0286458 0.0296296
0 0.458594 0.675 0.00677083 0.0166667
0 0.533073 0.764352 0.0109375 0.0268519
0 0.207292 0.490278 0.00520833 0.0342593
0 0.0945313 0.646296 0.0192708 0.0185185
0 0.328385 0.528241 0.0171875 0.0194444
0 0.565625 0.724537 0.0229167 0.0231481
0 0.384896 0.536574 0.0260417 0.0527778
0 0.504687 0.736574 0.0104167 0.0175926
0 0.38724 0.575 0.0328125 0.0240741
0 0.577865 0.72037 0.0151042 0.0481481
0 0.398177 0.668056 0.0171875 0.0527778
0 0.186979 0.675 0.028125 0.0296296
0 0.260677 0.5375 0.0130208 0.025
0 0.703385 0.673611 0.0192708 0.0212963
0 0.207292 0.623611 0.00833333 0.0212963
0 0.558594 0.570833 0.0192708 0.0194444
0 0.324219 0.665741 0.0171875 0.0296296
0 0.135156 0.712963 0.0223958 0.062963
0 0.445833 0.7125 0.0229167 0.025
0 0.648438 0.943519 0.025 0.0203704
0 0.198958 0.534259 0.015625 0.0277778
0 0.665625 0.645833 0.015625 0.0231481
0 0.257031 0.50787 0.00260417 0.0416667
0 0.286458 0.643519 0.0125 0.0296296
0 0.657031 0.579167 0.00989583 0.025
0 0.270312 0.726389 0.0114583 0.0157407
0 0.31224 0.706019 0.0109375 0.0212963
0 0.520573 0.638426 0.0171875 0.0194444
0 0.157031 0.650463 0.0182292 0.0212963
0 0.661458 0.579167 0.015625 0.0212963
0 0.455208 0.681481 0.015625 0.0333333
0 0.22474 0.713426 0.0182292 0.0287037
0 0.435156 0.548611 0.0151042 0.025
0 0.814323 0.714352 0.0140625 0.0694444
0 0.486719 0.87037 0.0130208 0.037037
0 0.569792 0.594444 0.021875 0.0185185
0 0.416146 0.692593 0.0145833 0.0277778
0 0.223698 0.662037 0.0046875 0.0203704
0 0.252604 0.636111 0.0177083 0.0259259
0 0.436719 0.494444 0.00572917 0.0185185
0 0.29974 0.528704 0.0171875 0.0222222
0 0.328125 0.52037 0.00729167 0.0314815
0 0.765365 0.723148 0.00989583 0.0277778
0 0.432552 0.92037 0.0213542 0.05
0 0.752083 0.729167 0.021875 0.0231481
0 0.903385 0.57963 0.0078125 0.0462963
0 0.748438 0.72963 0.01875 0.0407407
0 0.615365 0.748148 0.0203125 0.0537037
0 0.37474 0.558796 0.0203125 0.0175926
0 0.298698 0.644444 0.00677083 0.037037
0 0.486198 0.771759 0.0213542 0.0305556
0 0.211198 0.629167 0.0296875 0.0212963
0 0.765365 0.728704 0.0182292 0.0296296
0 0.736979 0.659259 0.00833333 0.0185185
0 0.211719 0.536111 0.0182292 0.037037
0 0.664844 0.82963 0.0161458 0.0351852
0 0.682031 0.503704 0.0109375 0.0240741
0 0.541406 0.743519 0.00677083 0.0259259
0 0.827865 0.549537 0.0182292 0.0268519
0 0.915625 0.544444 0.00520833 0.0296296
0 0.615625 0.915278 0.0145833 0.0601852
0 0.386979 0.734259 0.009375 0.0277778
0 0.391406 0.735185 0.0130208 0.0240741
0 0.815104 0.706481 0.0166667 0.0296296
0 0.219271 0.474074 0.0291667 0.0685185
0 0.303385 0.675 0.0161458 0.0222222
0 0.496354 0.63287 0.0145833 0.025
0 0.47526 0.976389 0.0244792 0.0472222
0 0.440625 0.705556 0.0177083 0.0222222
0 0.58724 0.567593 0.00989583 0.0166667
0 0.322917 0.529167 0.0177083 0.0398148
0 0.640365 0.543981 0.0223958 0.0398148
0 0.454427 0.675 0.00677083 0.0222222
0 0.469271 0.559259 0.0145833 0.0462963
0 0.240365 0.721296 0.0140625 0.0407407
0 0.395052 0.625 0.00989583 0.0240741
0 0.524479 0.981019 0.0166667 0.0287037
0 0.920313 0.544907 0.009375 0.0305556
0 0.477604 0.563426 0.0208333 0.0287037
0 0.486458 0.68287 0.0177083 0.0342593
0 0.241146 0.490741 0.0104167 0.0148148
0 0.117708 0.66713 0.025 0.0324074
0 0.620052 0.697222 0.0223958 0.0277778
0 0.545573 0.742593 0.0119792 0.0166667
0 0.261458 0.543056 0.01875 0.025
0 0.695312 0.878704 0.0260417 0.0296296
0 0.266146 0.691204 0.0229167 0.0287037
0 0.772135 0.714352 0.00885417 0.0453704
0 0.436719 0.647222 0.0140625 0.0277778
0 0.220052 0.653704 0.0223958 0.0259259
0 0.182031 0.511111 0.0182292 0.0240741
0 0.557552 0.564815 0.0130208 0.0203704
0 0.60599 0.813426 0.0161458 0.0638889
0 0.590625 0.536574 0.0145833 0.0398148
0 0.411458 0.650926 0.0135417 0.0259259
0 0.5625 0.528704 0.0125 0.0203704
0 0.545052 0.735185 0.00572917 0.0277778
0 0.907292 0.528704 0.0104167 0.0444444
0 0.381771 0.899074 0.0145833 0.0425926
0 0.486198 0.639815 0.0151042 0.0240741
0 0.665625 0.521759 0.0145833 0.0324074
0 0.403385 0.521296 0.0234375 0.0259259
0 0.902604 0.505556 0.0208333 0.0481481
0 0.402083 0.906482 0.0166667 0.0277778
0 0.207552 0.497222 0.0119792 0.0203704
0 0.676562 0.90787 0.009375 0.0324074
0 0.336198 0.687963 0.0192708 0.0592593
0 0.717448 0.566204 0.0203125 0.0268519
0 0.648958 0.528704 0.00729167 0.0333333
0 0.121354 0.519907 0.0145833 0.0231481
0 0.248437 0.498611 0.0114583 0.0287037
0 0.53724 0.540741 0.0171875 0.0314815
0 0.469271 0.528704 0.021875 0.0407407
0 0.803125 0.692593 0.00625 0.0425926
0 0.607031 0.734722 0.0244792 0.0601852
0 0.58151 0.710185 0.0151042 0.0518519
0 0.452865 0.793056 0.0119792 0.025
0 0.503385 0.731019 0.00572917 0.0194444
0 0.371354 0.514815 0.021875 0.0722222
0 0.482292 0.869444 0.0104167 0.0388889
0 0.228125 0.659722 0.01875 0.0268519
0 0.897917 0.516204 0.0125 0.0212963
0 0.131771 0.505093 0.00625 0.0342593
0 0.432292 0.494444 0.003125 0.0166667
0 0.785417 0.553241 0.0125 0.0268519
0 0.527344 0.94213 0.0213542 0.0564815
0 0.407292 0.729167 0.0135417 0.0212963
0 0.698438 0.668056 0.0239583 0.0731481
0 0.656771 0.861111 0.0197917 0.037037
0 0.469531 0.668056 0.00885417 0.0361111
0 0.399479 0.625 0.0166667 0.0314815
0 0.344531 0.65463 0.00989583 0.0296296
0 0.211458 0.623148 0.0145833 0.0259259
0 0.253125 0.697685 0.0166667 0.0416667
0 0.403125 0.515278 0.0114583 0.0324074
0 0.502865 0.904167 0.0213542 0.0657407
0 0.240365 0.486574 0.0078125 0.0268519
0 0.798958 0.677315 0.0135417 0.0398148
0 0.740885 0.734722 0.0182292 0.025
0 0.536719 0.832407 0.0171875 0.0222222
0 0.491667 0.624074 0.00208333 0.0277778
0 0.894531 0.581944 0.00989583 0.0509259
0 0.433333 0.794444 0.0114583 0.0203704
0 0.66901 0.890741 0.0171875 0.0296296
0 0.170573 0.512963 0.0171875 0.0222222
0 0.807813 0.692593 0.0104167 0.037037
0 0.520573 0.630556 0.00885417 0.0296296
0 0.220313 0.646296 0.0135417 0.0314815
0 0.897656 0.506944 0.0182292 0.0231481
0 0.484896 0.488889 0.00833333 0.0296296
0 0.257031 0.514352 0.00885417 0.0342593
0 0.591927 0.898148 0.0151042 0.05
0 0.469792 0.675 0.01875 0.0259259
0 0.194792 0.503704 0.0177083 0.0314815
0 0.523698 0.67037 0.0140625 0.0462963
0 0.286458 0.684722 0.0114583 0.0305556
0 0.208073 0.674074 0.0151042 0.0296296
0 0.298698 0.650463 0.0140625 0.0305556
0 0.65625 0.83287 0.00833333 0.0361111
0 0.661458 0.703241 0.015625 0.0675926
0 0.711719 0.559259 0.00989583 0.0314815
0 0.419531 0.540278 0.0182292 0.0157407
0 0.34974 0.655093 0.0182292 0.0324074
0 0.523958 0.906482 0.0197917 0.0759259
0 0.690104 0.702778 0.021875 0.0759259
0 0.197656 0.652778 0.0182292 0.0555556
0 0.526302 0.512963 0.0234375 0.0592593
0 0.564844 0.958796 0.0161458 0.0490741
0 0.591927 0.54213 0.0265625 0.037963
0 0.415104 0.830093 0.01875 0.062037
0 0.273438 0.643519 0.0166667 0.0444444
0 0.686198 0.733796 0.0192708 0.0472222
0 0.427083 0.85463 0.0208333 0.0648148
0 0.757552 0.683333 0.0151042 0.0314815
0 0.449219 0.928241 0.0192708 0.0601852
0 0.307292 0.535185 0.0104167 0.0277778
0 0.652604 0.832407 0.009375 0.0444444
0 0.170052 0.652778 0.0140625 0.0314815
0 0.465104 0.710648 0.0177083 0.062037
0 0.2875 0.69213 0.0208333 0.0342593
0 0.507292 0.844444 0.0166667 0.0592593
0 0.473958 0.942593 0.0177083 0.0351852
0 0.708594 0.661111 0.0161458 0.0333333
0 0.910937 0.52037 0.00520833 0.0407407
0 0.236719 0.677315 0.0130208 0.0398148
0 0.495313 0.626389 0.00625 0.0305556
0 0.55599 0.506019 0.0234375 0.0638889
0 0.461979 0.936574 0.0166667 0.037963
0 0.389844 0.674537 0.0234375 0.0601852
0 0.506771 0.505556 0.0239583 0.0481481
0 0.677344 0.913889 0.0171875 0.0388889
0 0.294271 0.726852 0.01875 0.05
0 0.419531 0.534722 0.0109375 0.0268519
0 0.652344 0.693981 0.0203125 0.0657407
0 0.56901 0.556481 0.0223958 0.0666667
0 0.356771 0.686111 0.0177083 0.0796296
0 0.907292 0.57963 0.0104167 0.0481481
0 0.547396 0.675 0.021875 0.0685185
0 0.610156 0.925 0.0171875 0.0518519
0 0.196615 0.364815 0.0192708 0.0333333
0 0.716406 0.559259 0.0119792 0.0314815
0 0.170312 0.505556 0.00625 0.0240741
0 0.372135 0.556481 0.0255208 0.0666667
0 0.132292 0.510185 0.0177083 0.0314815
0 0.619271 0.816667 0.0177083 0.0648148
0 0.435417 0.672222 0.01875 0.062963
0 0.522917 0.814352 0.021875 0.0675926
0 0.623438 0.927315 0.0208333 0.0453704
0 0.51875 0.71713 0.0166667 0.062037
0 0.35026 0.530093 0.0203125 0.0342593
0 0.911198 0.525926 0.0130208 0.0407407
0 0.193229 0.721759 0.021875 0.0787037
0 0.590625 0.801852 0.0166667 0.062963
0 0.682552 0.697222 0.0203125 0.0666667
0 0.686719 0.861111 0.0109375 0.0333333
0 0.481771 0.971296 0.025 0.0574074
0 0.122396 0.657407 0.0208333 0.0537037
0 0.494531 0.838889 0.0213542 0.0592593
0 0.322917 0.701852 0.021875 0.0574074
0 0.227344 0.509722 0.0213542 0.0712963
0 0.578125 0.827778 0.01875 0.0611111
0 0.647656 0.74213 0.0203125 0.075
0 0.452865 0.950463 0.0192708 0.0398148
0 0.448438 0.866667 0.021875 0.0555556
0 0.431771 0.698148 0.01875 0.0648148
0 0.557292 0.801852 0.0229167 0.0703704
0 0.589583 0.718518 0.01875 0.05
0 0.569531 0.896296 0.0213542 0.0574074
0 0.599219 0.90787 0.0182292 0.0657407
0 0.194531 0.684259 0.0223958 0.0592593
0 0.510938 0.520833 0.0229167 0.0546296
0 0.777344 0.7125 0.0109375 0.0472222
0 0.814844 0.555556 0.0192708 0.0555556
0 0.109375 0.690278 0.0260417 0.0583333
0 0.50625 0.688426 0.0197917 0.0712963
0 0.736719 0.697222 0.0244792 0.0722222
0 0.167187 0.507407 0.0177083 0.0407407
0 0.635417 0.882407 0.0239583 0.0740741
0 0.284635 0.526852 0.0244792 0.0555556
0 0.540365 0.941667 0.0203125 0.0592593
0 0.502865 0.756944 0.0182292 0.0546296
0 0.20599 0.705556 0.0255208 0.0592593
0 0.559635 0.65787 0.0213542 0.0675926
0 0.239844 0.62963 0.0213542 0.0759259
0 0.63125 0.688889 0.0239583 0.0703704
0 0.582812 0.928704 0.0229167 0.0611111
0 0.498958 0.919907 0.0270833 0.0509259
0 0.598958 0.875463 0.0208333 0.0731481
0 0.608073 0.852778 0.0223958 0.0666667
0 0.577083 0.958796 0.0208333 0.0509259
0 0.309896 0.659722 0.021875 0.0657407
0 0.722917 0.66713 0.025 0.0601852
0 0.302604 0.717593 0.01875 0.0611111
0 0.58151 0.666204 0.0203125 0.0768519
0 0.528125 0.882407 0.0208333 0.0685185
0 0.639844 0.690741 0.0192708 0.0574074
0 0.264583 0.690741 0.025 0.0574074
0 0.448177 0.535185 0.0223958 0.0574074
0 0.635156 0.838889 0.0255208 0.0518519
0 0.440885 0.733796 0.0223958 0.0453704
0 0.627083 0.562037 0.0208333 0.0685185
0 0.120312 0.511111 0.00625 0.0314815
0 0.527083 0.712963 0.0239583 0.0537037
0 0.143229 0.668056 0.0229167 0.0527778
0 0.652083 0.644444 0.0208333 0.0777778
0 0.389583 0.852778 0.021875 0.0592593
0 0.335677 0.514815 0.0182292 0.0740741
0 0.519531 0.859722 0.0182292 0.0638889
0 0.484896 0.527778 0.0239583 0.0722222
0 0.245052 0.543981 0.0213542 0.0601852
0 0.780208 0.521296 0.025 0.0537037
0 0.697656 0.712037 0.0213542 0.0648148
0 0.59375 0.659722 0.0197917 0.075
0 0.55625 0.95 0.0208333 0.062963
0 0.456771 0.54213 0.0239583 0.0638889
0 0.469531 0.814815 0.0244792 0.0555556
0 0.648698 0.882407 0.0223958 0.0666667
0 0.222135 0.713889 0.0255208 0.0685185
0 0.727083 0.726389 0.0239583 0.0675926
0 0.422656 0.653241 0.0203125 0.0657407
0 0.382031 0.652778 0.0234375 0.0648148
0 0.15651 0.497222 0.0203125 0.0574074
0 0.565104 0.84537 0.0197917 0.0648148
0 0.514583 0.549074 0.025 0.0611111
0 0.427865 0.823611 0.0192708 0.0675926
0 0.402083 0.845833 0.0229167 0.0453704
0 0.582292 0.905093 0.025 0.0657407
0 0.60625 0.532407 0.021875 0.0722222
0 0.610677 0.691204 0.0255208 0.0675926
0 0.135156 0.660185 0.0244792 0.0518519
0 0.344792 0.69537 0.0197917 0.0703704
0 0.385938 0.573611 0.0260417 0.0768519
0 0.689583 0.556481 0.0197917 0.062963
0 0.507292 0.951852 0.021875 0.0518519
0 0.404427 0.907407 0.0265625 0.0666667
0 0.553125 0.721759 0.0197917 0.0712963
0 0.53151 0.624537 0.0213542 0.0712963
0 0.647917 0.52963 0.0239583 0.0722222
0 0.584896 0.520833 0.0270833 0.0583333
0 0.664583 0.832407 0.0239583 0.0685185
0 0.31875 0.549074 0.0229167 0.0703704
0 0.584896 0.563889 0.0229167 0.0592593
0 0.264062 0.637037 0.0270833 0.0685185
0 0.497917 0.668981 0.0239583 0.0638889
0 0.677604 0.555093 0.021875 0.0694444
0 0.423438 0.967593 0.0260417 0.0611111
0 0.447135 0.661111 0.0234375 0.0555556
0 0.50599 0.631944 0.0244792 0.0638889
0 0.636979 0.720833 0.021875 0.062037
0 0.572917 0.521759 0.0229167 0.0675926
0 0.564844 0.726852 0.0223958 0.0685185
0 0.80625 0.541667 0.021875 0.0537037
0 0.105469 0.645833 0.0234375 0.0694444
0 0.14349 0.512037 0.0223958 0.0555556
0 0.276042 0.727778 0.025 0.0481481
0 0.452604 0.721759 0.0229167 0.0509259
0 0.415885 0.691204 0.0234375 0.0787037
0 0.380469 0.9 0.0255208 0.0592593
0 0.456771 0.84537 0.0239583 0.0592593
0 0.38125 0.846296 0.025 0.0555556
0 0.540885 0.883796 0.0213542 0.0583333
0 0.677604 0.831019 0.0239583 0.062037
0 0.477604 0.712963 0.0208333 0.0592593
0 0.534635 0.691204 0.0265625 0.0527778
0 0.16849 0.705556 0.0244792 0.0722222
0 0.614323 0.564352 0.0213542 0.0583333
0 0.397135 0.624537 0.0234375 0.0787037
0 0.365365 0.674537 0.0234375 0.0694444
0 0.523958 0.975 0.0239583 0.05
0 0.285156 0.645833 0.0265625 0.0675926
0 0.544271 0.549537 0.0229167 0.0712963
0 0.88125 0.587037 0.0260417 0.0444444
0 0.485677 0.772222 0.0265625 0.0592593
0 0.482812 0.921296 0.021875 0.05
0 0.494792 0.958333 0.0260417 0.0574074
0 0.65625 0.8625 0.0260417 0.075
0 0.90599 0.52963 0.0255208 0.0777778
0 0.636719 0.555093 0.0255208 0.0712963
0 0.752604 0.728241 0.0239583 0.0675926
0 0.302865 0.677315 0.0234375 0.062037
0 0.710677 0.727778 0.0244792 0.0666667
0 0.784375 0.581019 0.0270833 0.0657407
0 0.780469 0.699074 0.0244792 0.0722222
0 0.323438 0.66713 0.0239583 0.062037
0 0.155729 0.646296 0.0239583 0.05
0 0.235677 0.540278 0.0223958 0.0601852
0 0.647135 0.942593 0.0265625 0.0574074
0 0.198437 0.534722 0.0239583 0.0657407
0 0.486719 0.868056 0.0234375 0.0601852
0 0.452083 0.677315 0.01875 0.0675926
0 0.664323 0.64537 0.0244792 0.0666667
0 0.523958 0.669444 0.0270833 0.0759259
0 0.155729 0.706019 0.025 0.0712963
0 0.377604 0.682407 0.0239583 0.0592593
0 0.389844 0.736111 0.0213542 0.0666667
0 0.814323 0.705556 0.0265625 0.0685185
0 0.440885 0.707407 0.0213542 0.0722222
0 0.0927083 0.646296 0.0270833 0.0611111
0 0.252083 0.640278 0.025 0.062037
0 0.460417 0.974537 0.0229167 0.0509259
0 0.185677 0.675463 0.0244792 0.0638889
0 0.272917 0.646296 0.0270833 0.0685185
0 0.286979 0.685185 0.0260417 0.0740741
0 0.627344 0.906018 0.0223958 0.0546296
0 0.288802 0.736111 0.0223958 0.0574074
0 0.590104 0.543981 0.025 0.0768519
0 0.469531 0.869907 0.0234375 0.0509259
0 0.735677 0.662037 0.0223958 0.0740741
0 0.61901 0.699074 0.0234375 0.062963
0 0.893229 0.587963 0.0260417 0.0481481
0 0.435417 0.550463 0.0239583 0.0490741
0 0.685938 0.506019 0.0239583 0.0546296
0 0.486458 0.684259 0.0239583 0.0703704
0 0.476823 0.565278 0.0265625 0.0564815
0 0.536458 0.766204 0.025 0.062037
0 0.498958 0.5375 0.0260417 0.0583333
0 0.452083 0.793981 0.0260417 0.0712963
0 0.410417 0.65463 0.025 0.062963
0 0.535677 0.543981 0.0244792 0.0583333
0 0.297135 0.528241 0.0255208 0.0564815
0 0.920313 0.544907 0.0270833 0.0657407
0 0.211458 0.535648 0.025 0.0712963
0 0.407552 0.728704 0.0234375 0.062963
0 0.209896 0.623148 0.028125 0.05
0 0.252604 0.698148 0.0260417 0.062963
0 0.56901 0.594907 0.0234375 0.0638889
0 0.18151 0.5125 0.0255208 0.0601852
0 0.693229 0.877778 0.0229167 0.0703704
0 0.327083 0.523611 0.0270833 0.0675926
0 0.582552 0.597685 0.0213542 0.0694444
0 0.486198 0.736574 0.0244792 0.0638889
0 0.896875 0.514815 0.025 0.0425926
0 0.472917 0.506944 0.0291667 0.0416667
0 0.259635 0.536111 0.0244792 0.0685185
0 0.765625 0.722222 0.0239583 0.0648148
0 0.248177 0.499537 0.0265625 0.062037
0 0.660677 0.57963 0.0234375 0.0611111
0 0.484896 0.638889 0.0270833 0.0648148
0 0.484375 0.493056 0.028125 0.0527778
0 0.652344 0.834259 0.0276042 0.0666667
0 0.431771 0.793981 0.0229167 0.0675926
0 0.548958 0.928241 0.0260417 0.0638889
0 0.311458 0.706944 0.021875 0.0694444
0 0.797656 0.676852 0.0255208 0.0592593
0 0.539844 0.811574 0.0255208 0.0712963
0 0.677344 0.915741 0.0244792 0.0722222
0 0.519271 0.632407 0.025 0.0740741
0 0.739583 0.735648 0.0239583 0.0638889
0 0.435156 0.646759 0.0265625 0.075
0 0.348698 0.655093 0.0234375 0.0787037
0 0.826302 0.550463 0.0255208 0.0583333
0 0.54375 0.743981 0.021875 0.0694444
0 0.264844 0.72963 0.0234375 0.0685185
0 0.20651 0.498611 0.0234375 0.0712963
0 0.560677 0.530093 0.0255208 0.0675926
0 0.352344 0.529167 0.0265625 0.0601852
0 0.66901 0.891667 0.0276042 0.0685185
0 0.80599 0.691667 0.0276042 0.0611111
0 0.227604 0.660648 0.025 0.0638889
0 0.590885 0.906482 0.0265625 0.0518519
0 0.785937 0.552778 0.0291667 0.0685185
0 0.401823 0.515278 0.0265625 0.0675926
0 0.272917 0.521759 0.025 0.0638889
0 0.536198 0.833333 0.0255208 0.0648148
0 0.235156 0.722222 0.0255208 0.0537037
0 0.194792 0.50463 0.0270833 0.0666667
0 0.21849 0.647222 0.0244792 0.0722222
0 0.236458 0.677315 0.0270833 0.0694444
0 0.663802 0.522222 0.0255208 0.0685185
0 0.756771 0.684259 0.0260417 0.0703704
0 0.20625 0.676389 0.0260417 0.062037
0 0.55625 0.566204 0.0239583 0.0657407
0 0.297135 0.655093 0.0276042 0.0583333
0 0.46901 0.676852 0.0265625 0.0518519
0 0.908854 0.530556 0.0291667 0.0388889
0 0.776563 0.715741 0.0270833 0.0462963
0 0.707292 0.661574 0.021875 0.075
0 0.167969 0.656482 0.0276042 0.0555556
0 0.90651 0.581019 0.0276042 0.0527778
0 0.417969 0.537963 0.0286458 0.0574074
0 0.502865 0.72963 0.0223958 0.0833333
0 0.715885 0.559259 0.0255208 0.0777778
0 0.255208 0.513889 0.0270833 0.0685185
0 0.685156 0.862963 0.0255208 0.0648148
0 0.49375 0.625 0.028125 0.0703704
0 0.130729 0.515278 0.0270833 0.0453704
0 0.305729 0.537037 0.0260417 0.0722222
0 0.430469 0.491204 0.0244792 0.0638889
0 0.239323 0.486111 0.0286458 0.0592593
0 0.169531 0.506019 0.0265625 0.0712963
0 0.11875 0.515278 0.0270833 0.0583333
