0 0.557552 0.169444 0.0442708 0.0555556
0 0.841406 0.230556 0.0526042 0.0462963
0 0.721615 0.188426 0.0078125 0.0138889
0 0.725781 0.245833 0.0130208 0.025
0 0.458594 0.224074 0.0109375 0.0148148
0 0.521875 0.136574 0.0239583 0.0212963
0 0.667969 0.313426 0.0151042 0.0268519
0 0.802083 0.401852 0.025 0.0518519
0 0.718229 0.385648 0.0104167 0.012037
0 0.64375 0.362963 0.0125 0.0259259
0 0.405208 0.172685 0.00520833 0.0138889
0 0.652083 0.275 0.0177083 0.0148148
0 0.788281 0.215278 0.00989583 0.00833333
0 0.659896 0.185648 0.0239583 0.0231481
0 0.467969 0.21713 0.00677083 0.0138889
0 0.596615 0.350463 0.00572917 0.0138889
0 0.517708 0.231944 0.00416667 0.012037
0 0.646354 0.266204 0.00520833 0.0212963
0 0.665104 0.363426 0.015625 0.0194444
0 0.566406 0.290278 0.0182292 0.025
0 0.667448 0.143056 0.00677083 0.0175926
0 0.376042 0.340278 0.0447917 0.0805556
0 0.593229 0.325 0.00833333 0.00925926
0 0.555208 0.14213 0.00416667 0.0175926
0 0.572135 0.112037 0.0161458 0.0314815
0 0.451562 0.238426 0.0229167 0.0287037
0 0.713542 0.170833 0.003125 0.0101852
0 0.479167 0.381019 0.0135417 0.0361111
0 0.800521 0.193981 0.00729167 0.012037
0 0.502344 0.302315 0.0182292 0.062037
0 0.664583 0.188889 0.046875 0.037037
0 0.702344 0.192593 0.0140625 0.0148148
0 0.763542 0.405093 0.0208333 0.0268519
0 0.41276 0.183333 0.0213542 0.0314815
0 0.580729 0.305093 0.01875 0.0157407
0 0.743229 0.435185 0.00729167 0.012963
0 0.588281 0.14213 0.0140625 0.0268519
0 0.571615 0.296759 0.0078125 0.0194444
0 0.429427 0.237037 0.0161458 0.0314815
0 0.697917 0.3125 0.0208333 0.0231481
0 0.522396 0.287037 0.0427083 0.101852
0 0.455208 0.17963 0.0177083 0.0185185
0 0.672396 0.4 0.0125 0.0277778
0 0.771094 0.215741 0.00260417 0.0111111
0 0.615885 0.299537 0.0473958 0.0435185
0 0.40599 0.209722 0.00572917 0.0138889
0 0.667969 0.135648 0.0046875 0.0157407
0 0.52474 0.230556 0.0380208 0.0444444
0 0.652604 0.200926 0.0208333 0.0166667
0 0.654427 0.221759 0.00572917 0.00833333
0 0.405208 0.181944 0.00416667 0.00833333
0 0.613802 0.133796 0.00677083 0.0157407
0 0.75026 0.17963 0.00572917 0.00925926
0 0.710677 0.372222 0.0661458 0.0888889
0 0.639844 0.764815 0.0661458 0.0759259
0 0.685677 0.495833 0.00572917 0.0305556
0 0.646354 0.484722 0.009375 0.0527778
0 0.857813 0.244907 0.0489583 0.0564815
0 0.408854 0.245833 0.003125 0.00648148
0 0.621875 0.133796 0.00416667 0.0175926
0 0.78776 0.187037 0.00677083 0.00740741
0 0.554427 0.162037 0.0130208 0.0259259
0 0.508073 0.363426 0.0046875 0.012037
0 0.310937 0.228241 0.0333333 0.0694444
0 0.466146 0.284259 0.021875 0.0425926
0 0.583854 0.318981 0.00416667 0.0138889
0 0.679948 0.31713 0.00364583 0.012037
0 0.546354 0.140278 0.0520833 0.0694444
0 0.713542 0.172222 0.0364583 0.0648148
0 0.592708 0.297222 0.00833333 0.012963
0 0.504948 0.248148 0.0046875 0.00925926
0 0.626302 0.23287 0.0473958 0.0768519
0 0.635156 0.282407 0.0078125 0.012963
0 0.742188 0.193056 0.00416667 0.00833333
0 0.709375 0.333333 0.00625 0.012963
0 0.746354 0.334259 0.0135417 0.0259259
0 0.746354 0.387037 0.00833333 0.0111111
0 0.722396 0.431481 0.0229167 0.0314815
0 0.626302 0.141667 0.0119792 0.0333333
0 0.563542 0.243981 0.0166667 0.0212963
0 0.713802 0.216667 0.0411458 0.0407407
0 0.727344 0.447685 0.0255208 0.037963
0 0.404427 0.216667 0.0140625 0.0203704
0 0.557552 0.228704 0.0567708 0.0555556
0 0.521875 0.238889 0.00416667 0.00925926
0 0.56276 0.156481 0.00572917 0.00740741
0 0.496875 0.295833 0.0125 0.0175926
0 0.56849 0.306944 0.0182292 0.0268519
0 0.559375 0.282407 0.0114583 0.0240741
0 0.65625 0.722685 0.0583333 0.0546296
0 0.643229 0.272685 0.00520833 0.0175926
0 0.531771 0.298148 0.0104167 0.0462963
0 0.455208 0.252778 0.00729167 0.012963
0 0.525521 0.281481 0.015625 0.0259259
0 0.399219 0.267593 0.0244792 0.0592593
0 0.621094 0.346759 0.00572917 0.0101852
0 0.664844 0.355556 0.0119792 0.0148148
0 0.753906 0.157407 0.00677083 0.00740741
0 0.692187 0.304167 0.00416667 0.0138889
0 0.542448 0.149537 0.00364583 0.012037
0 0.466927 0.222685 0.0130208 0.0101852
0 0.365365 0.24213 0.0578125 0.0398148
0 0.402604 0.298148 0.0104167 0.0666667
0 0.60625 0.356944 0.0145833 0.0212963
0 0.642708 0.143056 0.00520833 0.0231481
0 0.57474 0.263426 0.0536458 0.0527778
0 0.758594 0.188889 0.00677083 0.012963
0 0.660677 0.373148 0.0421875 0.112963
0 0.758594 0.164352 0.0421875 0.0435185
0 0.758594 0.371759 0.0546875 0.0657407
0 0.626302 0.262037 0.0161458 0.0203704
0 0.697917 0.134722 0.0177083 0.025
0 0.57474 0.231019 0.0203125 0.037963
0 0.334635 0.193056 0.0161458 0.0175926
0 0.81875 0.460648 0.009375 0.0490741
0 0.596094 0.25787 0.0171875 0.00833333
0 0.738802 0.396296 0.0630208 0.05
0 0.790625 0.474537 0.00729167 0.0638889
0 0.7125 0.164815 0.00416667 0.0111111
0 0.0411458 0.699074 0.0177083 0.00925926
0 0.621615 0.3875 0.00260417 0.0101852
0 0.742969 0.339352 0.0546875 0.062037
0 0.716927 0.26713 0.00364583 0.00462963
0 0.470573 0.260648 0.0307292 0.0398148
0 0.509635 0.125926 0.0182292 0.0296296
0 0.617969 0.312963 0.0078125 0.00925926
0 0.602604 0.28287 0.021875 0.0212963
0 0.458333 0.209722 0.0145833 0.0212963
0 0.691146 0.418519 0.0385417 0.0407407
0 0.424219 0.216667 0.0328125 0.0388889
0 0.383073 0.201389 0.0380208 0.0416667
0 0.689323 0.175926 0.00885417 0.00925926
0 0.37526 0.228704 0.0390625 0.0759259
0 0.581771 0.167593 0.05 0.0425926
0 0.472135 0.218056 0.00572917 0.0175926
0 0.73776 0.185648 0.00677083 0.00462963
0 0.851302 0.238889 0.00989583 0.0333333
0 0.396615 0.238889 0.00677083 0.00740741
0 0.613281 0.311111 0.00677083 0.00925926
0 0.642448 0.303704 0.00364583 0.0111111
0 0.403125 0.186111 0.0135417 0.0277778
0 0.645052 0.518519 0.0526042 0.0518519
0 0.754948 0.206019 0.0130208 0.0157407
0 0.741927 0.187037 0.0046875 0.00925926
0 0.641146 0.437963 0.009375 0.012963
0 0.779167 0.201389 0.00520833 0.00648148
0 0.517187 0.127315 0.0135417 0.0342593
0 0.501302 0.251389 0.00364583 0.00462963
0 0.425 0.231019 0.0145833 0.0212963
0 0.634635 0.275 0.00885417 0.0166667
0 0.629687 0.353704 0.0114583 0.012963
0 0.626042 0.413889 0.0104167 0.0148148
0 0.634896 0.164815 0.0177083 0.037037
0 0.558854 0.318519 0.00416667 0.0166667
0 0.429688 0.210185 0.0114583 0.0259259
0 0.654688 0.150463 0.00729167 0.0194444
0 0.658594 0.426852 0.0119792 0.0277778
0 0.53151 0.112963 0.0140625 0.0203704
0 0.567448 0.127315 0.00677083 0.0212963
0 0.642969 0.148611 0.0119792 0.0175926
0 0.371615 0.787963 0.0171875 0.0444444
0 0.553906 0.148148 0.0151042 0.0296296
0 0.554688 0.134722 0.00520833 0.0157407
0 0.690365 0.164352 0.0140625 0.0175926
0 0.670052 0.280093 0.0453125 0.0546296
0 0.474219 0.209259 0.0359375 0.0555556
0 0.716927 0.185648 0.0046875 0.0101852
0 0.758854 0.553704 0.0395833 0.0648148
0 0.782292 0.378704 0.025 0.0425926
0 0.692187 0.166204 0.00729167 0.0138889
0 0.754948 0.443981 0.0046875 0.0546296
0 0.617708 0.296759 0.009375 0.0138889
0 0.759635 0.216667 0.0463542 0.0407407
0 0.586458 0.289815 0.025 0.0444444
0 0.721354 0.157407 0.009375 0.012963
0 0.382812 0.19537 0.0145833 0.0425926
0 0.826302 0.451852 0.0244792 0.037037
0 0.773177 0.458796 0.00677083 0.0657407
0 0.261719 0.368519 0.0109375 0.0148148
0 0.434375 0.230556 0.0177083 0.0240741
0 0.552344 0.364352 0.0380208 0.025
0 0.59974 0.300926 0.0171875 0.0185185
0 0.629687 0.296759 0.00520833 0.012037
0 0.640885 0.364352 0.0359375 0.0398148
0 0.651042 0.354167 0.00625 0.0101852
0 0.492188 0.402315 0.00208333 0.0231481
0 0.50026 0.221296 0.0130208 0.0185185
0 0.747396 0.437963 0.025 0.0333333
0 0.596094 0.327315 0.00572917 0.0138889
0 0.66849 0.278704 0.0244792 0.0222222
0 0.513021 0.22963 0.00416667 0.0111111
0 0.526302 0.392593 0.0411458 0.105556
0 0.517708 0.36713 0.0291667 0.037963
0 0.729688 0.193056 0.00625 0.012037
0 0.709115 0.432407 0.0463542 0.0685185
0 0.686719 0.380093 0.0119792 0.0342593
0 0.678385 0.369444 0.0432292 0.0888889
0 0.500521 0.245833 0.00520833 0.00648148
0 0.628646 0.418056 0.01875 0.0101852
0 0.720052 0.392593 0.0223958 0.0537037
0 0.621615 0.298148 0.00989583 0.0203704
0 0.409896 0.225 0.00833333 0.0166667
0 0.680208 0.178241 0.00729167 0.0212963
0 0.717188 0.192593 0.00416667 0.00925926
0 0.409896 0.287037 0.0208333 0.0351852
0 0.774219 0.403704 0.0286458 0.0240741
0 0.61875 0.244907 0.025 0.0435185
0 0.613542 0.140741 0.00625 0.0185185
0 0.667969 0.17037 0.0130208 0.0259259
0 0.796354 0.218056 0.01875 0.0212963
0 0.490104 0.282407 0.0197917 0.0148148
0 0.821615 0.516667 0.0244792 0.0333333
0 0.675781 0.156944 0.0151042 0.0324074
0 0.516146 0.120833 0.0270833 0.0268519
0 0.65625 0.214815 0.009375 0.037037
0 0.592448 0.127315 0.0161458 0.0287037
0 0.664323 0.273148 0.00677083 0.0296296
0 0.669271 0.299537 0.0322917 0.0416667
0 0.655729 0.251852 0.0145833 0.0166667
0 0.616927 0.385648 0.00364583 0.00833333
0 0.0453125 0.699074 0.0177083 0.0148148
0 0.729427 0.425926 0.0567708 0.0666667
0 0.861458 0.240278 0.0135417 0.0194444
0 0.450781 0.186574 0.0171875 0.0231481
0 0.558073 0.121759 0.0276042 0.0305556
0 0.527865 0.259259 0.0130208 0.0425926
0 0.442708 0.253241 0.00729167 0.0138889
0 0.629427 0.38287 0.00677083 0.0398148
0 0.624479 0.3 0.0333333 0.0222222
0 0.673437 0.35463 0.0135417 0.012963
0 0.66901 0.393056 0.0140625 0.0231481
0 0.722917 0.424074 0.009375 0.0481481
0 0.71849 0.364815 0.0078125 0.0351852
0 0.808073 0.415741 0.00989583 0.0333333
0 0.69349 0.366204 0.0171875 0.0490741
0 0.72526 0.196296 0.0338542 0.0296296
0 0.429688 0.259722 0.0385417 0.0694444
0 0.61276 0.324074 0.0223958 0.0185185
0 0.619271 0.447685 0.0114583 0.0138889
0 0.842708 0.453704 0.021875 0.037037
0 0.642187 0.266667 0.00625 0.0240741
0 0.661198 0.183796 0.00677083 0.0490741
0 0.685938 0.249074 0.0458333 0.0277778
0 0.644271 0.431481 0.0135417 0.037037
0 0.592448 0.350926 0.00572917 0.0148148
0 0.488542 0.223611 0.0145833 0.025
0 0.655208 0.143056 0.00416667 0.0212963
0 0.584896 0.349074 0.0135417 0.0277778
0 0.641146 0.327778 0.0375 0.0537037
0 0.529167 0.343056 0.0447917 0.0861111
0 0.714583 0.156481 0.00520833 0.0166667
0 0.655469 0.314352 0.00677083 0.0472222
0 0.754687 0.513889 0.0135417 0.0518519
0 0.739583 0.437963 0.00729167 0.0148148
0 0.617448 0.290278 0.0109375 0.0324074
0 0.794531 0.445833 0.0192708 0.0287037
0 0.442708 0.259259 0.00729167 0.012963
0 0.467969 0.258333 0.0161458 0.0277778
0 0.621094 0.423148 0.0328125 0.0314815
0 0.477865 0.319444 0.0171875 0.0537037
0 0.483073 0.194907 0.0192708 0.0453704
0 0.699479 0.385185 0.00520833 0.0259259
0 0.47474 0.325 0.0151042 0.0277778
0 0.755469 0.162963 0.0161458 0.0203704
0 0.596094 0.15463 0.0130208 0.012963
0 0.629948 0.118981 0.0151042 0.025
0 0.599219 0.334259 0.0203125 0.0203704
0 0.755469 0.17037 0.0203125 0.0259259
0 0.840365 0.472222 0.0390625 0.105556
0 0.53125 0.321759 0.009375 0.0509259
0 0.709896 0.344444 0.0177083 0.0166667
0 0.656771 0.416204 0.0145833 0.0861111
0 0.503646 0.238889 0.034375 0.0259259
0 0.642708 0.335185 0.009375 0.012963
0 0.697917 0.35787 0.0104167 0.012037
0 0.702344 0.365278 0.0286458 0.0398148
0 0.67474 0.353704 0.0401042 0.0462963
0 0.736198 0.439815 0.00989583 0.0259259
0 0.399219 0.222685 0.00989583 0.0490741
0 0.782552 0.40787 0.0317708 0.0361111
0 0.425 0.260185 0.0177083 0.0166667
0 0.501562 0.28287 0.0135417 0.0268519
0 0.356771 0.212963 0.0125 0.0314815
0 0.508854 0.329167 0.0145833 0.062037
0 0.30625 0.230556 0.0125 0.0222222
0 0.366146 0.200463 0.0197917 0.0509259
0 0.584115 0.365278 0.0182292 0.0231481
0 0.68099 0.372685 0.00989583 0.0194444
0 0.505469 0.281481 0.0182292 0.0388889
0 0.759115 0.436574 0.0536458 0.0990741
0 0.729688 0.185648 0.00729167 0.012037
0 0.607031 0.375463 0.00885417 0.0194444
0 0.782031 0.425 0.0213542 0.0259259
0 0.645312 0.446296 0.0447917 0.0518519
0 0.49375 0.319444 0.01875 0.05
0 0.674219 0.196296 0.0265625 0.0351852
0 0.569531 0.149074 0.0182292 0.0333333
0 0.65625 0.281481 0.0260417 0.0518519
0 0.592969 0.30463 0.0203125 0.0203704
0 0.76849 0.431481 0.0192708 0.0203704
0 0.7125 0.334259 0.00520833 0.0185185
0 0.604948 0.35 0.0223958 0.0166667
0 0.715104 0.409259 0.0291667 0.0537037
0 0.752344 0.355093 0.0171875 0.0324074
0 0.555729 0.128704 0.0125 0.0259259
0 0.390365 0.26713 0.0140625 0.0472222
0 0.378385 0.241667 0.0119792 0.0481481
0 0.365625 0.211574 0.0145833 0.0287037
0 0.250521 0.35787 0.0177083 0.0231481
0 0.647135 0.275926 0.0130208 0.0462963
0 0.671354 0.334259 0.01875 0.0222222
0 0.601562 0.140278 0.0177083 0.0324074
0 0.808333 0.493056 0.0375 0.0416667
0 0.580469 0.330556 0.0192708 0.0259259
0 0.549219 0.263426 0.0171875 0.0324074
0 0.610937 0.364352 0.00833333 0.0157407
0 0.719271 0.392593 0.0166667 0.0166667
0 0.664844 0.413889 0.00989583 0.0759259
0 0.811198 0.420833 0.00989583 0.0305556
0 0.617708 0.156019 0.0166667 0.0212963
0 0.476823 0.326389 0.0411458 0.0490741
0 0.548958 0.164352 0.021875 0.0324074
0 0.699479 0.410648 0.0125 0.0416667
0 0.652865 0.21713 0.00572917 0.0416667
0 0.489844 0.410648 0.00885417 0.025
0 0.792708 0.19213 0.0375 0.0546296
0 0.622656 0.445833 0.0567708 0.0675926
0 0.420833 0.210185 0.0145833 0.0148148
0 0.79349 0.436574 0.0119792 0.0305556
0 0.621094 0.321759 0.0328125 0.0361111
0 0.554427 0.27963 0.0203125 0.0407407
0 0.63776 0.375463 0.0421875 0.0916667
0 0.417448 0.224074 0.0161458 0.0240741
0 0.65625 0.347222 0.01875 0.0351852
0 0.708594 0.171759 0.0171875 0.0175926
0 0.740885 0.444444 0.0130208 0.0259259
0 0.471354 0.375 0.0208333 0.0277778
0 0.725 0.187963 0.0197917 0.0185185
0 0.805729 0.431481 0.05625 0.0574074
0 0.454167 0.212963 0.0427083 0.0444444
0 0.557031 0.221296 0.00677083 0.0555556
0 0.63099 0.412963 0.0182292 0.0407407
0 0.574219 0.337963 0.0369792 0.0351852
0 0.554948 0.156019 0.0234375 0.0361111
0 0.697656 0.363889 0.0151042 0.0222222
0 0.721875 0.348148 0.0177083 0.0259259
0 0.829167 0.231481 0.015625 0.0518519
0 0.416927 0.248148 0.0119792 0.0314815
0 0.641406 0.348611 0.0369792 0.0416667
0 0.642969 0.491204 0.0421875 0.0398148
0 0.37526 0.198611 0.0151042 0.0175926
0 0.77474 0.381944 0.0213542 0.0472222
0 0.533073 0.143519 0.0244792 0.0222222
0 0.68724 0.322222 0.0328125 0.0314815
0 0.677344 0.334722 0.0192708 0.0342593
0 0.790625 0.475 0.0229167 0.0240741
0 0.575781 0.378241 0.0453125 0.106481
0 0.771094 0.396296 0.0203125 0.0203704
0 0.615625 0.449074 0.0177083 0.0240741
0 0.00729167 0.690741 0.00520833 0.0166667
0 0.773438 0.380556 0.0177083 0.0222222
0 0.594271 0.373148 0.009375 0.0425926
0 0.754948 0.528704 0.0109375 0.0333333
0 0.605208 0.126389 0.0177083 0.0157407
0 0.815365 0.42037 0.0140625 0.0407407
0 0.863281 0.25 0.0151042 0.0203704
0 0.632552 0.187963 0.00572917 0.0574074
0 0.751042 0.184722 0.015625 0.0138889
0 0.710677 0.418056 0.0244792 0.025
0 0.786719 0.21713 0.0161458 0.025
0 0.447135 0.201389 0.0161458 0.0305556
0 0.642708 0.141667 0.015625 0.0314815
0 0.735156 0.230556 0.0255208 0.0185185
0 0.61224 0.381019 0.0109375 0.025
0 0.722396 0.150926 0.0114583 0.0203704
0 0.408073 0.228241 0.0338542 0.0583333
0 0.457031 0.276852 0.0421875 0.0407407
0 0.780729 0.401852 0.01875 0.037037
0 0.746615 0.449074 0.0682292 0.0574074
0 0.228646 0.936574 0.0177083 0.0194444
0 0.588281 0.299074 0.0213542 0.0222222
0 0.601302 0.126389 0.0151042 0.0305556
0 0.774479 0.186111 0.028125 0.0407407
0 0.702344 0.364352 0.0171875 0.0287037
0 0.652604 0.142593 0.015625 0.0240741
0 0.496875 0.409722 0.0114583 0.0157407
0 0.459115 0.273611 0.0130208 0.0398148
0 0.658333 0.360185 0.0208333 0.012963
0 0.394792 0.216204 0.0416667 0.037963
0 0.310156 0.233796 0.00572917 0.0398148
0 0.408333 0.199537 0.015625 0.0361111
0 0.523177 0.385648 0.0286458 0.0509259
0 0.638802 0.275 0.0192708 0.0222222
0 0.539844 0.373148 0.0401042 0.0925926
0 0.840625 0.230556 0.0114583 0.0351852
0 0.572135 0.256944 0.0161458 0.0101852
0 0.717448 0.148611 0.0244792 0.037963
0 0.628646 0.136574 0.015625 0.0175926
0 0.577865 0.151852 0.0109375 0.0222222
0 0.63776 0.281944 0.0338542 0.0361111
0 0.56901 0.255556 0.0182292 0.0259259
0 0.577865 0.403704 0.0348958 0.0333333
0 0.60625 0.334722 0.0145833 0.0138889
0 0.804948 0.2 0.0109375 0.0222222
0 0.715104 0.325926 0.0104167 0.0148148
0 0.497396 0.243981 0.0208333 0.0194444
0 0.432552 0.225 0.0359375 0.0574074
0 0.427344 0.3125 0.00885417 0.0546296
0 0.664323 0.135185 0.0161458 0.0259259
0 0.531771 0.136574 0.0177083 0.0157407
0 0.761979 0.452778 0.009375 0.0555556
0 0.813542 0.438426 0.0229167 0.0194444
0 0.594271 0.29213 0.0177083 0.0194444
0 0.796094 0.188889 0.0192708 0.0166667
0 0.592708 0.14213 0.0145833 0.0361111
0 0.52474 0.188889 0.0130208 0.0296296
0 0.522396 0.231019 0.0125 0.0287037
0 0.790365 0.179167 0.0119792 0.0268519
0 0.61875 0.170833 0.0229167 0.0175926
0 0.483073 0.253704 0.0255208 0.0314815
0 0.6875 0.315278 0.0135417 0.0157407
0 0.685677 0.133796 0.0171875 0.0324074
0 0.497396 0.365741 0.04375 0.0944444
0 0.685156 0.489352 0.00989583 0.0342593
0 0.751562 0.201389 0.0177083 0.0398148
0 0.610156 0.401852 0.0151042 0.0148148
0 0.732292 0.437963 0.025 0.0314815
0 0.49349 0.399537 0.0598958 0.0953704
0 0.567187 0.134259 0.0395833 0.0481481
0 0.665365 0.19537 0.0140625 0.0388889
0 0.632812 0.247222 0.021875 0.0333333
0 0.820312 0.514352 0.0635417 0.0398148
0 0.633594 0.148148 0.0432292 0.0518519
0 0.509896 0.273611 0.021875 0.0398148
0 0.8125 0.424074 0.0270833 0.0425926
0 0.451562 0.213889 0.015625 0.0111111
0 0.605208 0.175 0.0104167 0.0333333
0 0.676823 0.387037 0.0223958 0.0314815
0 0.6 0.411111 0.0166667 0.0518519
0 0.791927 0.225463 0.0265625 0.0324074
0 0.599219 0.143519 0.0390625 0.05
0 0.501562 0.31713 0.0114583 0.0342593
0 0.693229 0.391667 0.0197917 0.0296296
0 0.436198 0.286574 0.0286458 0.0342593
0 0.619792 0.352315 0.00520833 0.0268519
0 0.69375 0.178704 0.0125 0.0462963
0 0.736719 0.446296 0.0171875 0.0351852
0 0.634635 0.119444 0.0192708 0.037037
0 0.675781 0.321759 0.0140625 0.0324074
0 0.695573 0.164815 0.0328125 0.0462963
0 0.553906 0.179167 0.0109375 0.0638889
0 0.64375 0.492593 0.0114583 0.0351852
0 0.76849 0.178241 0.0171875 0.0175926
0 0.589844 0.381481 0.0140625 0.0314815
0 0.747917 0.408796 0.01875 0.0175926
0 0.589844 0.40787 0.0151042 0.0416667
0 0.788021 0.193056 0.01875 0.0194444
0 0.501042 0.228704 0.0208333 0.0333333
0 0.808594 0.194444 0.0140625 0.0203704
0 0.470573 0.208796 0.0161458 0.0138889
0 0.615365 0.164815 0.0109375 0.0259259
0 0.747396 0.400926 0.0166667 0.0166667
0 0.563802 0.252315 0.0223958 0.0509259
0 0.623698 0.377315 0.0244792 0.0305556
0 0.697917 0.157407 0.0177083 0.0259259
0 0.659115 0.231481 0.0317708 0.037037
0 0.273438 0.39213 0.0177083 0.0435185
0 0.607813 0.29213 0.0125 0.0324074
0 0.558073 0.319444 0.00364583 0.0314815
0 0.33776 0.19213 0.0203125 0.037963
0 0.407292 0.194907 0.0333333 0.0490741
0 0.620052 0.231481 0.0473958 0.037037
0 0.403646 0.241667 0.01875 0.0314815
0 0.485417 0.209722 0.0145833 0.0324074
0 0.47474 0.387037 0.0161458 0.0259259
0 0.346615 0.190278 0.0192708 0.0342593
0 0.554688 0.34213 0.028125 0.0268519
0 0.393229 0.241667 0.025 0.0222222
0 0.513281 0.213426 0.0140625 0.0268519
0 0.425521 0.216204 0.0166667 0.0287037
0 0.619792 0.237963 0.0125 0.0425926
0 0.614583 0.187963 0.01875 0.0314815
0 0.55026 0.12037 0.0140625 0.0333333
0 0.534635 0.112037 0.0203125 0.0462963
0 0.404427 0.230093 0.0182292 0.0268519
0 0.570312 0.366204 0.0104167 0.0342593
0 0.692969 0.149074 0.0151042 0.0277778
0 0.497917 0.357407 0.00729167 0.0703704
0 0.8375 0.225463 0.00833333 0.025
0 0.652083 0.187037 0.0125 0.0425926
0 0.489062 0.236111 0.0208333 0.0555556
0 0.358854 0.214815 0.0260417 0.0185185
0 0.555469 0.290278 0.0171875 0.0268519
0 0.691146 0.289815 0.0354167 0.0537037
0 0.569792 0.238426 0.0395833 0.037963
0 0.446875 0.213889 0.0145833 0.0203704
0 0.664323 0.157407 0.0182292 0.0222222
0 0.520312 0.400463 0.0239583 0.0231481
0 0.658073 0.336574 0.00989583 0.0231481
0 0.451042 0.267593 0.0208333 0.0425926
0 0.391406 0.277778 0.0286458 0.0166667
0 0.560938 0.365278 0.0114583 0.0509259
0 0.585156 0.126389 0.0182292 0.025
0 0.652344 0.352315 0.0109375 0.0194444
0 0.584635 0.356481 0.0203125 0.0222222
0 0.452344 0.254167 0.0182292 0.0342593
0 0.711719 0.402315 0.0557292 0.0953704
0 0.634896 0.327778 0.01875 0.0203704
0 0.748177 0.34213 0.0234375 0.0212963
0 0.540625 0.231019 0.0135417 0.0435185
0 0.576823 0.291667 0.0119792 0.0259259
0 0.694531 0.297222 0.00364583 0.0444444
0 0.66849 0.163889 0.0203125 0.0388889
0 0.582292 0.18287 0.0104167 0.0453704
0 0.600521 0.125463 0.028125 0.0490741
0 0.732292 0.1875 0.0322917 0.0268519
0 0.582031 0.292593 0.0130208 0.0259259
0 0.733594 0.174074 0.0276042 0.0351852
0 0.531771 0.351389 0.01875 0.0416667
0 0.686719 0.241667 0.0151042 0.0259259
0 0.595833 0.173148 0.00833333 0.0314815
0 0.610937 0.375 0.00625 0.0148148
0 0.653125 0.388426 0.0291667 0.0305556
0 0.56849 0.245833 0.0161458 0.0324074
0 0.751042 0.451852 0.00416667 0.0425926
0 0.673698 0.185185 0.0151042 0.0518519
0 0.771615 0.186111 0.0161458 0.0222222
0 0.473958 0.334259 0.0208333 0.0296296
0 0.388021 0.215278 0.01875 0.0231481
0 0.639583 0.298611 0.0145833 0.0231481
0 0.542448 0.281481 0.0223958 0.0296296
0 0.594792 0.401389 0.04375 0.100926
0 0.258594 0.362963 0.0276042 0.0518519
0 0.40625 0.175926 0.0145833 0.0222222
0 0.410677 0.3125 0.0109375 0.0527778
0 0.635156 0.349537 0.0161458 0.0138889
0 0.509896 0.12037 0.0239583 0.0537037
0 0.515365 0.305556 0.0203125 0.0277778
0 0.844271 0.461574 0.0104167 0.0398148
0 0.722656 0.365278 0.0161458 0.0268519
0 0.616667 0.143519 0.0270833 0.0259259
0 0.534896 0.209259 0.0114583 0.0259259
0 0.492188 0.410185 0.00625 0.012963
0 0.685417 0.170833 0.0177083 0.0305556
0 0.438542 0.2625 0.0208333 0.0287037
0 0.701823 0.179167 0.0109375 0.037963
0 0.579427 0.3625 0.0192708 0.0583333
0 0.754167 0.521759 0.00625 0.0324074
0 0.760938 0.417593 0.0229167 0.0388889
0 0.566146 0.12963 0.0177083 0.0185185
0 0.810417 0.476852 0.021875 0.0407407
0 0.548437 0.232407 0.01875 0.0296296
0 0.784635 0.485648 0.0119792 0.0342593
0 0.634896 0.383333 0.0114583 0.0388889
0 0.617448 0.40787 0.0234375 0.0212963
0 0.626042 0.413889 0.0177083 0.0277778
0 0.5875 0.119907 0.0145833 0.0194444
0 0.615104 0.136574 0.0177083 0.0194444
0 0.535417 0.19537 0.01875 0.0259259
0 0.454688 0.19537 0.0208333 0.0351852
0 0.465625 0.230556 0.0135417 0.0407407
0 0.527083 0.210185 0.0239583 0.0351852
0 0.616146 0.231944 0.0229167 0.0287037
0 0.550781 0.163426 0.0192708 0.0657407
0 0.457292 0.269907 0.028125 0.0231481
0 0.736458 0.390278 0.00729167 0.0157407
0 0.391146 0.229167 0.00833333 0.0453704
0 0.391927 0.212963 0.0151042 0.012963
0 0.63776 0.133333 0.0338542 0.0481481
0 0.571875 0.251852 0.0197917 0.0592593
0 0.695052 0.386574 0.00989583 0.0287037
0 0.789583 0.484722 0.0520833 0.087963
0 0.563021 0.231481 0.0177083 0.0481481
0 0.517708 0.213426 0.0166667 0.0361111
0 0.57474 0.372685 0.0182292 0.0268519
0 0.648438 0.179167 0.0239583 0.0342593
0 0.595052 0.254167 0.0151042 0.0287037
0 0.653385 0.380093 0.0192708 0.0287037
0 0.711458 0.165278 0.009375 0.0287037
0 0.839583 0.461111 0.0125 0.0444444
0 0.616406 0.417593 0.0171875 0.0222222
0 0.467708 0.210185 0.0166667 0.0277778
0 0.697656 0.295833 0.0244792 0.0361111
0 0.826563 0.225463 0.00833333 0.0324074
0 0.623698 0.270833 0.0130208 0.0361111
0 0.536719 0.298148 0.0109375 0.0425926
0 0.470833 0.326852 0.0145833 0.0537037
0 0.60651 0.315741 0.0119792 0.0185185
0 0.772656 0.465278 0.0473958 0.0861111
0 0.808073 0.479167 0.0484375 0.0824074
0 0.853906 0.246759 0.00885417 0.0416667
0 0.65625 0.184259 0.0145833 0.0537037
0 0.605469 0.381019 0.0192708 0.0212963
0 0.663281 0.419444 0.0432292 0.0944444
0 0.758594 0.514352 0.0442708 0.100926
0 0.644792 0.267593 0.01875 0.0203704
0 0.75625 0.379167 0.025 0.0324074
0 0.421354 0.238426 0.0145833 0.037963
0 0.56901 0.232407 0.0161458 0.0259259
0 0.825521 0.459259 0.0510417 0.0851852
0 0.792448 0.441204 0.0255208 0.0490741
0 0.669271 0.210648 0.00625 0.0342593
0 0.613281 0.446296 0.0234375 0.0759259
0 0.517708 0.22037 0.0239583 0.0203704
0 0.653906 0.493981 0.0192708 0.0490741
0 0.752604 0.416204 0.021875 0.0342593
0 0.619792 0.381019 0.00520833 0.0324074
0 0.375521 0.193519 0.0197917 0.0388889
0 0.573958 0.269907 0.00729167 0.0342593
0 0.616406 0.197222 0.0130208 0.0166667
0 0.540365 0.380556 0.0161458 0.0314815
0 0.767187 0.468981 0.0104167 0.0361111
0 0.530469 0.136574 0.0182292 0.0509259
0 0.623958 0.343981 0.00520833 0.0305556
0 0.379167 0.311574 0.05 0.0583333
0 0.759115 0.522685 0.00989583 0.037963
0 0.528906 0.254167 0.0151042 0.0175926
0 0.564323 0.136574 0.0234375 0.0157407
0 0.429948 0.225 0.0213542 0.0296296
0 0.508333 0.208333 0.0208333 0.0444444
0 0.673698 0.350463 0.0151042 0.0268519
0 0.730729 0.178241 0.0125 0.0287037
0 0.360938 0.210648 0.0125 0.037963
0 0.614062 0.119444 0.0197917 0.037037
0 0.594531 0.32037 0.0151042 0.012963
0 0.757031 0.460185 0.0182292 0.0333333
0 0.577604 0.27037 0.0208333 0.0314815
0 0.507812 0.248148 0.0104167 0.0259259
0 0.611198 0.338426 0.0119792 0.0324074
0 0.535156 0.256019 0.0119792 0.0305556
0 0.627344 0.237963 0.00989583 0.0296296
0 0.478385 0.275 0.0130208 0.0388889
0 0.591927 0.183333 0.0130208 0.0259259
0 0.634896 0.149074 0.0208333 0.0333333
0 0.540365 0.151389 0.0182292 0.0361111
0 0.574219 0.298611 0.0192708 0.025
0 0.645052 0.3 0.0046875 0.0240741
0 0.713281 0.187037 0.0171875 0.0333333
0 0.66849 0.139815 0.0171875 0.037037
0 0.545313 0.270833 0.034375 0.0305556
0 0.45599 0.233333 0.0119792 0.0388889
0 0.620833 0.314815 0.0197917 0.0222222
0 0.791667 0.208796 0.01875 0.0231481
0 0.719792 0.21713 0.0135417 0.0342593
0 0.46849 0.302778 0.0244792 0.0444444
0 0.653646 0.225463 0.0145833 0.0194444
0 0.443229 0.208796 0.0229167 0.0342593
0 0.425521 0.201389 0.0208333 0.0564815
0 0.758594 0.193056 0.0338542 0.0490741
0 0.595312 0.328704 0.0135417 0.037037
0 0.734375 0.448148 0.0270833 0.062963
0 0.646094 0.483796 0.0567708 0.0694444
0 0.541406 0.218981 0.0161458 0.0212963
0 0.692708 0.281481 0.021875 0.0333333
0 0.524219 0.256019 0.0276042 0.0342593
0 0.544271 0.225926 0.00833333 0.0351852
0 0.611458 0.285185 0.0145833 0.0314815
0 0.746615 0.35787 0.0151042 0.037963
0 0.727083 0.188426 0.0145833 0.0342593
0 0.736198 0.21713 0.0078125 0.0416667
0 0.253125 0.36713 0.00729167 0.0416667
0 0.634635 0.275463 0.0192708 0.0361111
0 0.531771 0.218981 0.009375 0.0342593
0 0.39375 0.224074 0.00729167 0.0518519
0 0.67474 0.371759 0.0213542 0.025
0 0.693229 0.162037 0.0166667 0.0314815
0 0.358594 0.200463 0.0161458 0.0324074
0 0.705208 0.209259 0.0229167 0.037037
0 0.741146 0.214352 0.0135417 0.0472222
0 0.693229 0.14213 0.021875 0.0472222
0 0.707812 0.202315 0.00729167 0.0231481
0 0.709375 0.149074 0.015625 0.0481481
0 0.689323 0.193519 0.0255208 0.0222222
0 0.76875 0.170833 0.0197917 0.0361111
0 0.629687 0.157407 0.01875 0.0388889
0 0.378906 0.215741 0.0192708 0.037037
0 0.740885 0.1875 0.0140625 0.0268519
0 0.641406 0.306944 0.0046875 0.0231481
0 0.397656 0.26713 0.0151042 0.0287037
0 0.598698 0.320833 0.00677083 0.0268519
0 0.525 0.35 0.015625 0.0518519
0 0.62474 0.246296 0.0109375 0.0425926
0 0.48724 0.300463 0.0151042 0.025
0 0.483073 0.300463 0.0109375 0.0305556
0 0.728385 0.343056 0.0244792 0.025
0 0.403906 0.199537 0.0161458 0.025
0 0.722656 0.156944 0.0192708 0.0305556
0 0.544271 0.264815 0.0166667 0.0259259
0 0.534375 0.19537 0.0229167 0.0611111
0 0.532552 0.306944 0.0182292 0.0361111
0 0.458073 0.255093 0.0213542 0.0231481
0 0.822917 0.461111 0.0145833 0.0333333
0 0.679948 0.15 0.0203125 0.0481481
0 0.632031 0.291204 0.0078125 0.0361111
0 0.482292 0.178704 0.0208333 0.0314815
0 0.485156 0.291204 0.0151042 0.0324074
0 0.739323 0.146759 0.0192708 0.0324074
0 0.705208 0.239352 0.0270833 0.0416667
0 0.746354 0.344907 0.025 0.0490741
0 0.720052 0.270833 0.0203125 0.0324074
0 0.454948 0.245833 0.0140625 0.025
0 0.635677 0.389815 0.0213542 0.0296296
0 0.367969 0.240741 0.00677083 0.0518519
0 0.639323 0.356481 0.0192708 0.0314815
0 0.618229 0.297685 0.01875 0.0398148
0 0.745052 0.386574 0.0161458 0.0305556
0 0.661198 0.416667 0.0109375 0.0648148
0 0.772396 0.469907 0.015625 0.0342593
0 0.610677 0.189815 0.00989583 0.0203704
0 0.845573 0.232407 0.0078125 0.0351852
0 0.634375 0.181019 0.009375 0.0157407
0 0.551042 0.364352 0.0177083 0.0342593
0 0.467708 0.375926 0.00729167 0.0296296
0 0.751562 0.216667 0.0114583 0.037037
0 0.371354 0.215741 0.0239583 0.0407407
0 0.570833 0.336111 0.01875 0.0296296
0 0.603385 0.27037 0.00572917 0.0333333
0 0.459115 0.283796 0.0223958 0.0657407
0 0.789062 0.486111 0.0145833 0.037037
0 0.585677 0.186574 0.0265625 0.025
0 0.720052 0.262963 0.00989583 0.0351852
0 0.722135 0.366204 0.0223958 0.0472222
0 0.689583 0.411574 0.00625 0.0435185
0 0.6 0.277778 0.0114583 0.0333333
0 0.774219 0.210185 0.0078125 0.0277778
0 0.476042 0.247222 0.025 0.0407407
0 0.635156 0.318981 0.0234375 0.0398148
0 0.778646 0.196296 0.0145833 0.0203704
0 0.761198 0.370833 0.0151042 0.0324074
0 0.407031 0.247685 0.0078125 0.0398148
0 0.715365 0.336111 0.0192708 0.0259259
0 0.521094 0.210185 0.0203125 0.0574074
0 0.674479 0.209722 0.00729167 0.0305556
0 0.721354 0.313426 0.0229167 0.0546296
0 0.683854 0.290278 0.021875 0.0398148
0 0.392448 0.210185 0.0203125 0.0425926
0 0.556771 0.231481 0.0125 0.0277778
0 0.614323 0.303241 0.0171875 0.0268519
0 0.69974 0.306481 0.00989583 0.0351852
0 0.518229 0.141667 0.025 0.0388889
0 0.777344 0.204167 0.0192708 0.0231481
0 0.738542 0.15787 0.0166667 0.0287037
0 0.572135 0.156481 0.0244792 0.0592593
0 0.521875 0.243981 0.0166667 0.0138889
0 0.497396 0.291204 0.01875 0.0361111
0 0.408594 0.223148 0.0192708 0.0333333
0 0.653906 0.35787 0.0192708 0.0231481
0 0.838802 0.231019 0.0171875 0.0194444
0 0.760156 0.185185 0.0203125 0.0351852
0 0.491667 0.412037 0.025 0.0740741
0 0.445052 0.253704 0.0151042 0.0333333
0 0.255469 0.361111 0.00677083 0.0240741
0 0.517448 0.349537 0.0223958 0.0546296
0 0.565885 0.365741 0.0130208 0.0462963
0 0.811458 0.226389 0.015625 0.0342593
0 0.732031 0.388889 0.00364583 0.0222222
0 0.846094 0.240741 0.0171875 0.0296296
0 0.755729 0.451389 0.009375 0.0472222
0 0.597656 0.148611 0.0223958 0.0342593
0 0.392969 0.267593 0.00885417 0.0277778
0 0.664062 0.165278 0.0229167 0.025
0 0.634896 0.133333 0.0239583 0.0277778
0 0.560417 0.289815 0.0239583 0.0388889
0 0.532031 0.261574 0.00572917 0.025
0 0.576563 0.27037 0.025 0.0592593
0 0.770052 0.208333 0.0192708 0.0351852
0 0.716146 0.269907 0.00729167 0.0287037
0 0.523958 0.16713 0.0104167 0.0231481
0 0.689844 0.187963 0.0119792 0.0314815
0 0.586979 0.32037 0.0135417 0.0388889
0 0.682552 0.239352 0.0130208 0.0398148
0 0.7375 0.225463 0.0145833 0.0324074
0 0.711979 0.202315 0.0125 0.0305556
0 0.682813 0.3125 0.0114583 0.0287037
0 0.833333 0.232407 0.01875 0.0259259
0 0.413281 0.21713 0.0203125 0.0342593
0 0.68151 0.178241 0.0192708 0.0287037
0 0.655729 0.140278 0.0208333 0.037963
0 0.733333 0.394907 0.0145833 0.0324074
0 0.61849 0.225463 0.0265625 0.0601852
0 0.66901 0.188426 0.0140625 0.037963
0 0.857292 0.240741 0.00625 0.0240741
0 0.832031 0.225926 0.0109375 0.0185185
0 0.776563 0.425463 0.025 0.0398148
0 0.477865 0.345833 0.0203125 0.0398148
0 0.567448 0.234722 0.0234375 0.0805556
0 0.597656 0.118981 0.0182292 0.025
0 0.421354 0.200463 0.021875 0.0287037
0 0.404948 0.208333 0.0213542 0.0314815
0 0.635677 0.341667 0.0223958 0.0296296
0 0.527604 0.185648 0.0239583 0.0453704
0 0.720052 0.186574 0.0119792 0.0324074
0 0.477344 0.337037 0.0109375 0.05
0 0.589063 0.118056 0.021875 0.0361111
0 0.657812 0.262037 0.0135417 0.0388889
0 0.382812 0.321296 0.015625 0.0407407
0 0.377865 0.314815 0.00677083 0.0425926
0 0.604688 0.277778 0.0145833 0.0388889
0 0.434375 0.215741 0.0197917 0.0388889
0 0.645573 0.306944 0.0140625 0.0305556
0 0.611979 0.196296 0.0145833 0.0259259
0 0.578906 0.171759 0.00885417 0.0416667
0 0.503125 0.246759 0.0125 0.0361111
0 0.516927 0.231481 0.0161458 0.0388889
0 0.432031 0.313426 0.0130208 0.0435185
0 0.445312 0.326389 0.0135417 0.037963
0 0.451302 0.209722 0.0203125 0.0490741
0 0.432292 0.276389 0.0166667 0.037963
0 0.75599 0.193981 0.0203125 0.0305556
0 0.694792 0.411111 0.0135417 0.05
0 0.413542 0.274074 0.025 0.0518519
0 0.625521 0.247685 0.0239583 0.0694444
0 0.559375 0.3125 0.0166667 0.0324074
0 0.663281 0.289815 0.0213542 0.0444444
0 0.593229 0.17037 0.0208333 0.0425926
0 0.535677 0.223148 0.0255208 0.0222222
0 0.77474 0.21713 0.0151042 0.037963
0 0.574479 0.401389 0.015625 0.0416667
0 0.714844 0.216204 0.0130208 0.0435185
0 0.592969 0.349074 0.0234375 0.0444444
0 0.599479 0.174074 0.009375 0.0351852
0 0.536719 0.2625 0.0223958 0.0342593
0 0.577083 0.161574 0.0208333 0.0305556
0 0.624219 0.351389 0.00989583 0.0324074
0 0.695312 0.333796 0.0260417 0.037963
0 0.491667 0.276389 0.0177083 0.0361111
0 0.536198 0.218981 0.0119792 0.0231481
0 0.304948 0.239352 0.0255208 0.0453704
0 0.670573 0.21713 0.0109375 0.0324074
0 0.451302 0.30463 0.0265625 0.0555556
0 0.382292 0.314815 0.00729167 0.0407407
0 0.257552 0.36713 0.0140625 0.0361111
0 0.584375 0.171296 0.01875 0.0351852
0 0.642969 0.333796 0.0234375 0.0361111
0 0.61901 0.164352 0.0265625 0.0342593
0 0.717448 0.21713 0.0234375 0.075
0 0.69375 0.387963 0.0260417 0.0648148
0 0.526823 0.252778 0.0255208 0.0666667
0 0.500781 0.215741 0.0244792 0.0351852
0 0.496615 0.366204 0.0255208 0.0601852
0 0.536198 0.321296 0.0140625 0.0444444
0 0.40599 0.298611 0.0109375 0.0453704
0 0.351042 0.200463 0.025 0.0509259
0 0.640625 0.447685 0.025 0.0398148
0 0.475 0.196759 0.0197917 0.0509259
0 0.452083 0.225463 0.0260417 0.0342593
0 0.472396 0.214815 0.021875 0.0407407
0 0.4125 0.246296 0.0125 0.0425926
0 0.563802 0.156019 0.0234375 0.0398148
0 0.391146 0.225926 0.0166667 0.05
0 0.801302 0.194907 0.0234375 0.037963
0 0.529688 0.351852 0.0229167 0.0759259
0 0.809635 0.213889 0.0203125 0.0277778
0 0.705469 0.17963 0.0203125 0.0462963
0 0.619792 0.387963 0.0125 0.0333333
0 0.660677 0.334722 0.0234375 0.0361111
0 0.488281 0.210185 0.0223958 0.0555556
0 0.635677 0.187963 0.0182292 0.0277778
0 0.430469 0.254167 0.0234375 0.0435185
0 0.695312 0.303704 0.00729167 0.0388889
0 0.48099 0.269907 0.0203125 0.0638889
0 0.858333 0.246759 0.0114583 0.0398148
0 0.623438 0.274537 0.025 0.0398148
0 0.554948 0.297685 0.0244792 0.0398148
0 0.5875 0.182407 0.0104167 0.0388889
0 0.648698 0.387963 0.0244792 0.0592593
0 0.739062 0.162963 0.0239583 0.0537037
0 0.726042 0.17037 0.0208333 0.0462963
0 0.480469 0.233333 0.0223958 0.0481481
0 0.614062 0.136574 0.0177083 0.0435185
0 0.75625 0.156481 0.021875 0.0462963
0 0.64375 0.425 0.025 0.0592593
0 0.698958 0.350926 0.025 0.0462963
0 0.613802 0.41713 0.0234375 0.0472222
0 0.597656 0.253704 0.0255208 0.0425926
0 0.651563 0.19537 0.021875 0.0425926
0 0.789062 0.186111 0.0229167 0.037037
0 0.660156 0.313889 0.0255208 0.0481481
0 0.44375 0.328704 0.028125 0.0444444
0 0.471875 0.383333 0.0291667 0.05
0 0.593229 0.297685 0.0260417 0.0416667
0 0.622396 0.135185 0.0229167 0.0407407
0 0.710417 0.206019 0.0239583 0.0231481
0 0.392188 0.271296 0.028125 0.037037
0 0.668229 0.32037 0.0239583 0.0388889
0 0.497135 0.237963 0.0192708 0.0444444
0 0.727865 0.425463 0.0255208 0.0546296
0 0.748177 0.366204 0.0244792 0.0472222
0 0.73125 0.1875 0.01875 0.0490741
0 0.475521 0.181944 0.0270833 0.0435185
0 0.760156 0.375 0.0234375 0.0611111
0 0.550521 0.335185 0.0229167 0.0481481
0 0.68125 0.381481 0.021875 0.0537037
0 0.751562 0.178241 0.0239583 0.037963
0 0.547135 0.277315 0.0244792 0.0583333
0 0.727604 0.343519 0.0239583 0.0611111
0 0.568229 0.128241 0.0208333 0.0435185
0 0.60625 0.319444 0.0239583 0.0388889
0 0.522396 0.238426 0.0229167 0.0416667
0 0.555469 0.135648 0.0234375 0.0453704
0 0.403906 0.171759 0.0223958 0.0527778
0 0.714063 0.164352 0.021875 0.0453704
0 0.70651 0.408796 0.0265625 0.075
0 0.64349 0.269444 0.0234375 0.05
0 0.530469 0.305093 0.0265625 0.062037
0 0.572135 0.371759 0.0234375 0.0564815
0 0.559635 0.319907 0.0255208 0.0416667
0 0.55625 0.181019 0.0270833 0.0416667
0 0.555729 0.232407 0.025 0.0685185
0 0.45625 0.253241 0.0229167 0.0546296
0 0.673698 0.364352 0.0234375 0.0509259
0 0.805729 0.477315 0.0260417 0.0657407
0 0.572656 0.299074 0.0223958 0.0537037
0 0.755469 0.456944 0.0276042 0.0601852
0 0.614062 0.3125 0.025 0.0453704
0 0.759375 0.521759 0.025 0.0768519
0 0.781771 0.19537 0.0208333 0.0444444
0 0.748698 0.387963 0.0255208 0.0481481
0 0.789844 0.208796 0.0223958 0.0416667
0 0.644271 0.164352 0.028125 0.0416667
0 0.510156 0.363426 0.0244792 0.0564815
0 0.576302 0.173148 0.0255208 0.0555556
0 0.580729 0.298611 0.0239583 0.0435185
0 0.413542 0.322222 0.0229167 0.062963
0 0.422656 0.247685 0.0244792 0.0564815
0 0.838021 0.463426 0.0270833 0.0601852
0 0.459375 0.23287 0.0260417 0.0509259
0 0.751823 0.225463 0.0255208 0.0435185
0 0.358333 0.209722 0.0260417 0.0435185
0 0.610156 0.290278 0.0265625 0.0416667
0 0.610937 0.342593 0.0270833 0.0388889
0 0.771094 0.47037 0.0286458 0.0574074
0 0.517969 0.3 0.0255208 0.0648148
0 0.484896 0.298611 0.025 0.0490741
0 0.813802 0.225 0.0255208 0.0592593
0 0.610417 0.372222 0.0208333 0.0407407
0 0.517448 0.396759 0.0276042 0.0472222
0 0.538021 0.379167 0.0260417 0.0601852
0 0.647135 0.492593 0.0244792 0.062963
0 0.442969 0.255093 0.0244792 0.0472222
0 0.430729 0.315741 0.025 0.0592593
0 0.739844 0.187963 0.0223958 0.0481481
0 0.56849 0.32963 0.0265625 0.0666667
0 0.535156 0.2625 0.0276042 0.062037
0 0.652083 0.35787 0.025 0.0472222
0 0.651823 0.225 0.0255208 0.062963
0 0.68099 0.313426 0.0255208 0.0527778
0 0.396875 0.239815 0.025 0.0462963
0 0.821615 0.462037 0.0276042 0.05
0 0.254687 0.365278 0.0302083 0.025
0 0.598698 0.327778 0.0255208 0.0462963
0 0.635156 0.388889 0.0265625 0.0574074
0 0.59349 0.381019 0.0234375 0.0490741
0 0.630729 0.296759 0.025 0.0435185
0 0.69401 0.188426 0.0244792 0.0546296
0 0.489323 0.275463 0.0265625 0.0527778
0 0.54375 0.15 0.028125 0.0537037
0 0.501823 0.329167 0.0255208 0.0731481
0 0.514063 0.231481 0.025 0.0555556
0 0.54375 0.23287 0.025 0.0546296
0 0.564323 0.366204 0.0255208 0.0675926
0 0.534896 0.321759 0.0260417 0.0638889
0 0.463021 0.313889 0.0239583 0.0611111
0 0.715104 0.336111 0.0239583 0.0481481
0 0.710938 0.202315 0.025 0.0564815
0 0.656771 0.261574 0.0291667 0.0509259
0 0.71849 0.188426 0.0255208 0.0527778
0 0.609375 0.195833 0.0270833 0.0546296
0 0.573438 0.397685 0.025 0.0712963
0 0.635677 0.188889 0.0276042 0.0462963
0 0.64375 0.305093 0.0260417 0.0453704
0 0.734635 0.224074 0.0255208 0.0537037
0 0.788802 0.485648 0.0276042 0.062037
0 0.669271 0.196759 0.0260417 0.0638889
0 0.502344 0.247222 0.0244792 0.0537037
0 0.405729 0.301389 0.0270833 0.0583333
0 0.602344 0.276852 0.0265625 0.0555556
0 0.838802 0.238889 0.0265625 0.0537037
0 0.667969 0.217593 0.0276042 0.0518519
0 0.371875 0.24213 0.0270833 0.0490741
0 0.535417 0.218519 0.0260417 0.0481481
0 0.855208 0.247685 0.0291667 0.0398148
0 0.476302 0.34537 0.0244792 0.0740741
0 0.830469 0.224537 0.0286458 0.0472222
0 0.593229 0.410648 0.0260417 0.075
0 0.713021 0.271759 0.0270833 0.0601852
0 0.680729 0.240278 0.0270833 0.0564815
0 0.409635 0.247685 0.0255208 0.0509259
0 0.585417 0.322222 0.0270833 0.0537037
0 0.73099 0.389815 0.0265625 0.0518519
0 0.522135 0.165741 0.0265625 0.0537037
0 0.43125 0.285185 0.025 0.0574074
0 0.598437 0.173148 0.0260417 0.062963
0 0.695052 0.412037 0.0244792 0.0703704
0 0.376823 0.315741 0.0276042 0.0407407
0 0.773177 0.216667 0.0265625 0.0574074
0 0.692708 0.306944 0.028125 0.0453704
0 0.61849 0.388889 0.0286458 0.0425926
0 0.623177 0.350926 0.0265625 0.062963
0 0.585156 0.180093 0.0265625 0.062037
