0 0.355729 0.659722 0.00625 0.0324074
0 0.432292 0.340741 0.028125 0.0185185
0 0.25026 0.32963 0.0651042 0.0444444
0 0.436719 0.299537 0.0453125 0.0361111
0 0.374219 0.471296 0.0401042 0.0814815
0 0.335156 0.3125 0.00572917 0.0583333
0 0.618229 0.327778 0.0427083 0.012963
0 0.452865 0.637963 0.0380208 0.0962963
0 0.315365 0.681944 0.00989583 0.0361111
0 0.31276 0.30787 0.0536458 0.0675926
0 0.395052 0.621759 0.0213542 0.025
0 0.441406 0.694444 0.0182292 0.0351852
0 0.217969 0.269907 0.0619792 0.0824074
0 0.177083 0.464815 0.0114583 0.0444444
0 0.768229 0.366204 0.009375 0.062037
0 0.134896 0.443981 0.009375 0.0509259
0 0.407552 0.664815 0.0130208 0.0611111
0 0.39401 0.676852 0.0161458 0.0314815
0 0.461979 0.725 0.0354167 0.0314815
0 0.414844 0.318519 0.0182292 0.0222222
0 0.372396 0.696296 0.0354167 0.0388889
0 0.642187 0.360648 0.00416667 0.0175926
0 0.301823 0.484259 0.0182292 0.0148148
0 0.618229 0.509259 0.053125 0.0611111
0 0.420573 0.668056 0.0151042 0.025
0 0.303125 0.464352 0.0395833 0.0601852
0 0.778385 0.521296 0.0203125 0.0296296
0 0.603646 0.646296 0.0229167 0.0444444
0 0.638802 0.678704 0.0484375 0.125926
0 0.421354 0.707407 0.0364583 0.112963
0 0.0111979 0.237037 0.00677083 0.0407407
0 0.490885 0.463426 0.0161458 0.0342593
0 0.577344 0.388426 0.0432292 0.0138889
0 0.46276 0.674537 0.0276042 0.0138889
0 0.433854 0.701852 0.00729167 0.00925926
0 0.520833 0.3375 0.0625 0.0546296
0 0.415365 0.451389 0.0765625 0.0731481
0 0.73151 0.496759 0.00572917 0.0675926
0 0.295833 0.280093 0.00520833 0.00648148
0 0.3875 0.453704 0.065625 0.0537037
0 0.517187 0.316667 0.00520833 0.0148148
0 0.46224 0.789815 0.0161458 0.0240741
0 0.028125 0.251852 0.0197917 0.0388889
0 0.701823 0.361111 0.0546875 0.0796296
0 0.438542 0.286111 0.0583333 0.0555556
0 0.530729 0.3375 0.0364583 0.0268519
0 0.371875 0.683333 0.0135417 0.0203704
0 0.554688 0.336574 0.015625 0.0175926
0 0.483333 0.349537 0.009375 0.0453704
0 0.404427 0.455093 0.00885417 0.0212963
0 0.645052 0.353241 0.0078125 0.0361111
0 0.608333 0.339352 0.0479167 0.0657407
0 0.271615 0.568519 0.0255208 0.0407407
0 0.486719 0.305093 0.0046875 0.0361111
0 0.411198 0.438889 0.0369792 0.114815
0 0.199219 0.281944 0.0244792 0.0175926
0 0.411458 0.601389 0.0479167 0.0768519
0 0.359115 0.627778 0.00677083 0.012963
0 0.559635 0.67963 0.00885417 0.0166667
0 0.449219 0.719444 0.0265625 0.0203704
0 0.411719 0.33287 0.0484375 0.0638889
0 0.286198 0.281481 0.0578125 0.0759259
0 0.0666667 0.428241 0.0760417 0.0712963
0 0.511979 0.325463 0.0322917 0.0175926
0 0.189323 0.275463 0.0557292 0.0787037
0 0.26901 0.640741 0.0046875 0.0222222
0 0.384635 0.656482 0.0463542 0.0833333
0 0.391146 0.281944 0.03125 0.0324074
0 0.644792 0.660648 0.009375 0.0361111
0 0.361458 0.475926 0.040625 0.0240741
0 0.271094 0.32037 0.0119792 0.0425926
0 0.52526 0.312037 0.0192708 0.0148148
0 0.63125 0.497685 0.0177083 0.0287037
0 0.49974 0.335185 0.0328125 0.0185185
0 0.482031 0.731019 0.0046875 0.0101852
0 0.0234375 0.25463 0.046875 0.0537037
0 0.600781 0.637037 0.0182292 0.0277778
0 0.23099 0.268056 0.00885417 0.0361111
0 0.436719 0.638426 0.0182292 0.0268519
0 0.475781 0.688889 0.0442708 0.0907407
0 0.790625 0.383333 0.009375 0.0203704
0 0.570052 0.677778 0.0328125 0.125926
0 0.682292 0.510185 0.0697917 0.0814815
0 0.385677 0.656018 0.0151042 0.00462963
0 0.563021 0.681944 0.00625 0.0268519
0 0.253646 0.280556 0.009375 0.0462963
0 0.373177 0.468981 0.0078125 0.0212963
0 0.13724 0.256019 0.0317708 0.0268519
0 0.310677 0.690741 0.00885417 0.0333333
0 0.427344 0.335185 0.0109375 0.0185185
0 0.56901 0.662037 0.0119792 0.0537037
0 0.255469 0.669907 0.00572917 0.0157407
0 0.316667 0.479167 0.00520833 0.0175926
0 0.791406 0.364352 0.0515625 0.075
0 0.635677 0.510648 0.0140625 0.0324074
0 0.505469 0.721759 0.0161458 0.0361111
0 0.40651 0.664815 0.0463542 0.0759259
0 0.425781 0.610185 0.0411458 0.12037
0 0.504687 0.6875 0.0395833 0.087963
0 0.613802 0.487963 0.00364583 0.037037
0 0.31849 0.693056 0.0203125 0.0175926
0 0.245052 0.675926 0.0223958 0.037037
0 0.286198 0.659259 0.0140625 0.0277778
0 0.473437 0.697222 0.034375 0.012963
0 0.536198 0.648611 0.00677083 0.0342593
0 0.30651 0.499537 0.0234375 0.0212963
0 0.634115 0.289815 0.0046875 0.0111111
0 0.228385 0.618056 0.0203125 0.0157407
0 0.596875 0.312963 0.05 0.0592593
0 0.407292 0.453241 0.00520833 0.0472222
0 0.295833 0.47963 0.0479167 0.0574074
0 0.0395833 0.2625 0.01875 0.037963
0 0.642708 0.336574 0.0145833 0.0157407
0 0.490625 0.672685 0.0385417 0.0675926
0 0.65625 0.34213 0.009375 0.0361111
0 0.123177 0.255556 0.0234375 0.0407407
0 0.432813 0.626389 0.00625 0.0287037
0 0.476562 0.781482 0.03125 0.0185185
0 0.0940104 0.472222 0.0578125 0.0962963
0 0.629687 0.376852 0.00416667 0.0148148
0 0.344531 0.309722 0.0296875 0.0398148
0 0.670313 0.311574 0.03125 0.0212963
0 0.499479 0.284259 0.0166667 0.00925926
0 0.282813 0.703704 0.0135417 0.0481481
0 0.34349 0.465741 0.00260417 0.0388889
0 0.6 0.653704 0.0145833 0.0203704
0 0.636458 0.394907 0.0197917 0.025
0 0.351042 0.708333 0.0427083 0.114815
0 0.482031 0.775926 0.0119792 0.037037
0 0.381771 0.644907 0.0125 0.0194444
0 0.675521 0.306481 0.0416667 0.0351852
0 0.669531 0.32037 0.0182292 0.0222222
0 0.0348958 0.250926 0.0104167 0.0259259
0 0.452865 0.637963 0.00885417 0.0259259
0 0.482031 0.789352 0.0348958 0.0324074
0 0.306771 0.289815 0.00833333 0.0314815
0 0.646094 0.681019 0.0140625 0.0527778
0 0.551823 0.690741 0.0401042 0.0814815
0 0.507292 0.727315 0.00833333 0.0657407
0 0.597656 0.321759 0.0213542 0.0342593
0 0.491146 0.278241 0.00625 0.0546296
0 0.528385 0.654167 0.0317708 0.0231481
0 0.601562 0.363889 0.00625 0.0351852
0 0.725 0.283333 0.0489583 0.0518519
0 0.201562 0.0722222 0.0125 0.0148148
0 0.81224 0.340741 0.0588542 0.0777778
0 0.29974 0.468519 0.0109375 0.0111111
0 0.414583 0.281944 0.0135417 0.0509259
0 0.444792 0.680556 0.0541667 0.0907407
0 0.317708 0.7 0.01875 0.0111111
0 0.772396 0.368519 0.0572917 0.0796296
0 0.523438 0.735185 0.0395833 0.037037
0 0.726302 0.369444 0.0046875 0.0555556
0 0.508073 0.356944 0.00885417 0.0157407
0 0.309635 0.713426 0.00364583 0.0324074
0 0.235417 0.630556 0.0270833 0.0240741
0 0.10625 0.439352 0.00520833 0.0564815
0 0.203385 0.475463 0.0473958 0.087963
0 0.774479 0.360648 0.0145833 0.0416667
0 0.470313 0.683796 0.0177083 0.0138889
0 0.38724 0.452778 0.0151042 0.0407407
0 0.301823 0.5 0.0234375 0.0111111
0 0.60651 0.355556 0.00885417 0.0555556
0 0.573698 0.368981 0.00989583 0.0509259
0 0.351823 0.662037 0.0411458 0.0925926
0 0.539844 0.331944 0.0578125 0.0564815
0 0.25651 0.285185 0.0619792 0.0759259
0 0.531771 0.349074 0.028125 0.0203704
0 0.415104 0.601389 0.0177083 0.0435185
0 0.257812 0.572685 0.0375 0.0398148
0 0.39974 0.341204 0.00364583 0.012037
0 0.444792 0.336111 0.00625 0.0166667
0 0.502344 0.691667 0.0348958 0.0148148
0 0.31224 0.703241 0.0557292 0.106481
0 0.215625 0.2625 0.00416667 0.0416667
0 0.209375 0.322222 0.0208333 0.0351852
0 0.325521 0.505093 0.021875 0.0398148
0 0.644531 0.506944 0.0463542 0.0675926
0 0.407292 0.607407 0.0229167 0.012963
0 0.559896 0.663889 0.05 0.0722222
0 0.665885 0.335185 0.0161458 0.0166667
0 0.732031 0.381019 0.00677083 0.037963
0 0.401823 0.280556 0.0671875 0.0703704
0 0.598437 0.371296 0.00833333 0.0574074
0 0.540104 0.69213 0.0364583 0.0231481
0 0.405208 0.6375 0.0114583 0.0305556
0 0.305729 0.3125 0.0135417 0.025
0 0.336198 0.477778 0.0536458 0.0555556
0 0.372656 0.690741 0.0213542 0.0240741
0 0.628385 0.313426 0.0421875 0.0935185
0 0.402604 0.672685 0.00833333 0.0805556
0 0.369271 0.687037 0.040625 0.1
0 0.257552 0.29213 0.0046875 0.0416667
0 0.436458 0.698148 0.009375 0.0222222
0 0.286719 0.714815 0.00989583 0.012963
0 0.510156 0.678241 0.0119792 0.025
0 0.557292 0.311111 0.00416667 0.0574074
0 0.207292 0.459722 0.003125 0.0527778
0 0.25026 0.296759 0.0161458 0.025
0 0.772656 0.503704 0.0411458 0.101852
0 0.436719 0.282407 0.00989583 0.0462963
0 0.359896 0.582407 0.015625 0.0185185
0 0.179688 0.29213 0.0135417 0.012037
0 0.335417 0.70463 0.0114583 0.0277778
0 0.171354 0.42037 0.00833333 0.0185185
0 0.557031 0.706019 0.0276042 0.0212963
0 0.248177 0.268056 0.0161458 0.0287037
0 0.479167 0.736111 0.01875 0.0333333
0 0.423958 0.594907 0.0166667 0.012037
0 0.274479 0.580556 0.015625 0.037037
0 0.506771 0.275 0.0322917 0.0240741
0 0.372656 0.477778 0.0151042 0.037037
0 0.107552 0.25787 0.0109375 0.0101852
0 0.220052 0.666667 0.0390625 0.0148148
0 0.317969 0.319907 0.0046875 0.0175926
0 0.406771 0.591667 0.0135417 0.0296296
0 0.615625 0.309722 0.0145833 0.0527778
0 0.46224 0.668056 0.0223958 0.0101852
0 0.563281 0.65 0.0078125 0.00740741
0 0.785156 0.374537 0.00364583 0.0490741
0 0.341667 0.313426 0.0541667 0.075
0 0.249219 0.278241 0.0119792 0.0101852
0 0.355729 0.668981 0.009375 0.0212963
0 0.473698 0.690278 0.0255208 0.0138889
0 0.659635 0.499537 0.0151042 0.0472222
0 0.356771 0.568519 0.0427083 0.0925926
0 0.285937 0.722685 0.028125 0.012037
0 0.621875 0.468056 0.04375 0.087963
0 0.223698 0.608796 0.0411458 0.0935185
0 0.540885 0.644907 0.0182292 0.037963
0 0.235677 0.265741 0.0119792 0.0314815
0 0.513802 0.331481 0.0119792 0.0462963
0 0.692187 0.355556 0.0125 0.0240741
0 0.683594 0.679167 0.0192708 0.0194444
0 0.238802 0.446296 0.0265625 0.0296296
0 0.65599 0.661111 0.0078125 0.05
0 0.311458 0.719907 0.0177083 0.0287037
0 0.407292 0.290741 0.009375 0.05
0 0.554948 0.691667 0.0151042 0.0314815
0 0.135156 0.241204 0.0265625 0.0583333
0 0.635938 0.497222 0.01875 0.0185185
0 0.232292 0.659722 0.0145833 0.012037
0 0.500521 0.357407 0.0197917 0.0388889
0 0.17474 0.458796 0.0588542 0.0694444
0 0.333073 0.478704 0.0109375 0.0685185
0 0.516406 0.668519 0.0151042 0.037037
0 0.264323 0.631481 0.00572917 0.0537037
0 0.670313 0.691204 0.0302083 0.0305556
0 0.254167 0.679167 0.0375 0.108333
0 0.445833 0.672685 0.0229167 0.0398148
0 0.685938 0.351852 0.0229167 0.0555556
0 0.138802 0.454167 0.0453125 0.0824074
0 0.43125 0.706019 0.021875 0.0435185
0 0.327083 0.275 0.0614583 0.0518519
0 0.395052 0.45463 0.00364583 0.0351852
0 0.427344 0.705556 0.0171875 0.012963
0 0.573698 0.678241 0.0526042 0.0472222
0 0.0591146 0.441667 0.0369792 0.103704
0 0.676823 0.365741 0.0161458 0.0222222
0 0.460417 0.711574 0.0229167 0.0212963
0 0.566146 0.681481 0.0239583 0.0203704
0 0.0309896 0.408796 0.0296875 0.0212963
0 0.23151 0.665741 0.0401042 0.0111111
0 0.139583 0.454167 0.0229167 0.0175926
0 0.202344 0.461574 0.0265625 0.0268519
0 0.559896 0.32963 0.0395833 0.0333333
0 0.428385 0.709722 0.00989583 0.0583333
0 0.381771 0.65463 0.0114583 0.012963
0 0.623958 0.326852 0.00625 0.0259259
0 0.19349 0.489815 0.0234375 0.0259259
0 0.0416667 0.253704 0.0541667 0.0777778
0 0.434375 0.297222 0.015625 0.0314815
0 0.595052 0.660648 0.0526042 0.0805556
0 0.397656 0.676852 0.0161458 0.0148148
0 0.271615 0.304167 0.0119792 0.0527778
0 0.414844 0.278704 0.0296875 0.0425926
0 0.141667 0.285648 0.0239583 0.025
0 0.768229 0.377315 0.0166667 0.0416667
0 0.722396 0.505093 0.053125 0.0898148
0 0.0257812 0.404167 0.0463542 0.0842593
0 0.290365 0.599074 0.0484375 0.0425926
0 0.354948 0.459722 0.0546875 0.075
0 0.509375 0.719444 0.0510417 0.0944444
0 0.203125 0.26713 0.015625 0.0324074
0 0.551823 0.698611 0.00572917 0.012037
0 0.352083 0.675463 0.0114583 0.0175926
0 0.332292 0.271296 0.0125 0.0203704
0 0.298177 0.581481 0.0078125 0.0444444
0 0.350781 0.668981 0.00677083 0.025
0 0.134375 0.278241 0.0479167 0.075
0 0.482812 0.311111 0.0270833 0.0111111
0 0.315365 0.681481 0.0213542 0.0240741
0 0.248437 0.293519 0.00416667 0.0314815
0 0.220313 0.653704 0.01875 0.0166667
0 0.0434896 0.422685 0.0234375 0.0305556
0 0.0458333 0.244444 0.00833333 0.0518519
0 0.360417 0.474537 0.0125 0.062037
0 0.128906 0.247222 0.0244792 0.0185185
0 0.327865 0.704167 0.0265625 0.0175926
0 0.415365 0.656944 0.0119792 0.0324074
0 0.30026 0.582407 0.0578125 0.062963
0 0.644271 0.675 0.025 0.012963
0 0.670052 0.683796 0.0182292 0.0194444
0 0.290625 0.712037 0.05625 0.0888889
0 0.136198 0.277778 0.0109375 0.05
0 0.0117188 0.2375 0.0223958 0.0212963
0 0.604167 0.140741 0.0135417 0.0333333
0 0.361458 0.299074 0.00729167 0.0555556
0 0.178385 0.262963 0.0223958 0.0166667
0 0.567448 0.506019 0.00989583 0.0212963
0 0.231771 0.283333 0.0239583 0.0203704
0 0.173698 0.461574 0.0348958 0.0324074
0 0.410156 0.328704 0.0119792 0.0111111
0 0.598177 0.366204 0.0526042 0.075
0 0.457552 0.467593 0.0119792 0.0462963
0 0.10625 0.453241 0.0572917 0.0787037
0 0.103385 0.262037 0.0255208 0.0277778
0 0.344531 0.471759 0.0078125 0.0398148
0 0.198437 0.0787037 0.0229167 0.0296296
0 0.161198 0.40463 0.0401042 0.1
0 0.4 0.335185 0.0229167 0.0296296
0 0.464583 0.781018 0.021875 0.0212963
0 0.498437 0.683796 0.0260417 0.0194444
0 0.174479 0.283796 0.0104167 0.0416667
0 0.636719 0.504167 0.0182292 0.012037
0 0.631771 0.335185 0.00729167 0.0240741
0 0.258073 0.454167 0.0494792 0.0583333
0 0.682292 0.314352 0.0333333 0.0231481
0 0.680729 0.307407 0.0177083 0.0148148
0 0.477344 0.3125 0.0171875 0.0342593
0 0.467708 0.777778 0.04375 0.0740741
0 0.711458 0.277778 0.0166667 0.0166667
0 0.654167 0.321759 0.009375 0.0175926
0 0.578125 0.38287 0.0135417 0.0157407
0 0.729427 0.278704 0.0182292 0.0296296
0 0.522396 0.652778 0.01875 0.0425926
0 0.188802 0.474537 0.0078125 0.025
0 0.416146 0.456944 0.009375 0.0231481
0 0.167708 0.277315 0.0145833 0.025
0 0.0434896 0.430556 0.0078125 0.0240741
0 0.6625 0.493056 0.0427083 0.0990741
0 0.761719 0.493519 0.0203125 0.0259259
0 0.3375 0.313426 0.0270833 0.025
0 0.473958 0.681944 0.01875 0.0324074
0 0.402083 0.602778 0.0177083 0.0388889
0 0.68125 0.356481 0.0197917 0.0185185
0 0.0429688 0.422685 0.0494792 0.0842593
0 0.650521 0.366667 0.00416667 0.00925926
0 0.428125 0.678704 0.009375 0.0185185
0 0.508854 0.366204 0.0114583 0.0101852
0 0.725521 0.373148 0.0479167 0.0888889
0 0.627865 0.331944 0.0286458 0.0268519
0 0.0723958 0.270833 0.00520833 0.0398148
0 0.652865 0.330093 0.0171875 0.012037
0 0.320573 0.475926 0.00989583 0.0351852
0 0.801823 0.357407 0.0265625 0.0259259
0 0.469271 0.688889 0.0125 0.0166667
0 0.463281 0.281019 0.0557292 0.0824074
0 0.364844 0.675463 0.0192708 0.012037
0 0.0231771 0.265741 0.00989583 0.0277778
0 0.186198 0.275 0.0046875 0.05
0 0.0473958 0.432407 0.0104167 0.0240741
0 0.482292 0.30463 0.021875 0.012963
0 0.696615 0.365278 0.0119792 0.0194444
0 0.410417 0.335185 0.0135417 0.00925926
0 0.339323 0.698611 0.0130208 0.0212963
0 0.511458 0.338889 0.03125 0.0203704
0 0.198698 0.274074 0.00677083 0.0111111
0 0.0979167 0.25463 0.00625 0.0314815
0 0.486719 0.725926 0.0380208 0.109259
0 0.736458 0.514815 0.0135417 0.0166667
0 0.273698 0.675463 0.0182292 0.0324074
0 0.341406 0.485648 0.0119792 0.0268519
0 0.129427 0.291204 0.0223958 0.0305556
0 0.510677 0.726852 0.0317708 0.0314815
0 0.419271 0.602315 0.0166667 0.0212963
0 0.645052 0.32963 0.0213542 0.0388889
0 0.648177 0.381481 0.00364583 0.0296296
0 0.264844 0.286574 0.0046875 0.0509259
0 0.397656 0.668981 0.0182292 0.0157407
0 0.19375 0.475 0.015625 0.0203704
0 0.489844 0.343519 0.0161458 0.0222222
0 0.790625 0.35787 0.0125 0.0268519
0 0.490885 0.311111 0.0276042 0.0203704
0 0.321094 0.488426 0.00989583 0.0231481
0 0.238021 0.625926 0.034375 0.0925926
0 0.473698 0.727778 0.0109375 0.0314815
0 0.490104 0.455556 0.00625 0.0296296
0 0.33125 0.667593 0.0375 0.012963
0 0.403646 0.336574 0.0125 0.0157407
0 0.26849 0.305556 0.0078125 0.0444444
0 0.427604 0.653704 0.0177083 0.0351852
0 0.658073 0.658796 0.0588542 0.0787037
0 0.639583 0.374537 0.0260417 0.0398148
0 0.394792 0.641204 0.0291667 0.012037
0 0.539844 0.685648 0.0244792 0.025
0 0.234896 0.456944 0.0416667 0.0861111
0 0.28151 0.289352 0.00989583 0.0157407
0 0.428646 0.328241 0.0135417 0.0305556
0 0.218229 0.28287 0.0239583 0.0398148
0 0.0411458 0.245833 0.021875 0.025
0 0.302344 0.581019 0.0119792 0.0453704
0 0.541146 0.657407 0.0104167 0.0148148
0 0.460677 0.719907 0.0171875 0.0157407
0 0.417969 0.357407 0.0182292 0.037037
0 0.682292 0.528704 0.025 0.0240741
0 0.17474 0.299537 0.0171875 0.0157407
0 0.411198 0.448611 0.00677083 0.0509259
0 0.152604 0.460185 0.00625 0.0240741
0 0.420312 0.656482 0.0260417 0.0185185
0 0.419531 0.593982 0.0161458 0.0231481
0 0.410937 0.681944 0.0208333 0.0231481
0 0.673437 0.351389 0.0104167 0.0175926
0 0.497917 0.334259 0.0197917 0.0296296
0 0.531771 0.597222 0.0270833 0.0148148
0 0.305729 0.481019 0.00833333 0.0175926
0 0.216927 0.361574 0.0276042 0.0342593
0 0.422656 0.627778 0.00364583 0.0277778
0 0.136198 0.460648 0.0119792 0.0157407
0 0.754167 0.483333 0.05625 0.0888889
0 0.644792 0.35787 0.0145833 0.0435185
0 0.327604 0.278704 0.0104167 0.037037
0 0.33724 0.318056 0.0078125 0.0453704
0 0.19375 0.48287 0.0125 0.0157407
0 0.526302 0.579167 0.0359375 0.106481
0 0.0226563 0.259722 0.0046875 0.0268519
0 0.624219 0.656018 0.0453125 0.108333
0 0.231771 0.274074 0.0114583 0.0166667
0 0.449219 0.646296 0.0171875 0.0314815
0 0.419792 0.675463 0.009375 0.0398148
0 0.260677 0.468056 0.0140625 0.0324074
0 0.527865 0.638889 0.0119792 0.0185185
0 0.785156 0.372222 0.0234375 0.0166667
0 0.377865 0.475926 0.0276042 0.0240741
0 0.507552 0.34213 0.0130208 0.0453704
0 0.619531 0.320833 0.0161458 0.0101852
0 0.0114583 0.244907 0.0229167 0.062037
0 0.348958 0.722685 0.0197917 0.0435185
0 0.503125 0.258796 0.00625 0.0527778
0 0.202344 0.276389 0.0140625 0.0138889
0 0.470052 0.285648 0.0119792 0.0305556
0 0.352604 0.708796 0.0125 0.0324074
0 0.453125 0.677778 0.0104167 0.0314815
0 0.527604 0.340741 0.0177083 0.0388889
0 0.623698 0.663889 0.0130208 0.0518519
0 0.41849 0.35 0.0078125 0.012963
0 0.477865 0.722685 0.0046875 0.0361111
0 0.664844 0.685648 0.0171875 0.0138889
0 0.489844 0.451389 0.0348958 0.0861111
0 0.25599 0.675463 0.0078125 0.025
0 0.547656 0.498148 0.0234375 0.0759259
0 0.215365 0.354167 0.0223958 0.0175926
0 0.521354 0.72037 0.0177083 0.0314815
0 0.627865 0.317593 0.00572917 0.0518519
0 0.423438 0.35787 0.021875 0.0138889
0 0.273958 0.302778 0.028125 0.0240741
0 0.259635 0.638889 0.00572917 0.0388889
0 0.453125 0.654167 0.021875 0.0101852
0 0.760156 0.378241 0.0161458 0.0157407
0 0.33151 0.503241 0.00989583 0.0194444
0 0.461719 0.281481 0.0130208 0.0666667
0 0.471875 0.781482 0.015625 0.0277778
0 0.189583 0.481019 0.00625 0.0157407
0 0.258854 0.461111 0.00520833 0.0166667
0 0.619531 0.471296 0.0078125 0.0277778
0 0.236198 0.446296 0.00989583 0.0481481
0 0.505208 0.274537 0.0125 0.0601852
0 0.327083 0.493056 0.003125 0.0157407
0 0.773177 0.510648 0.00572917 0.0175926
0 0.322656 0.321759 0.0140625 0.0194444
0 0.0408854 0.411574 0.0151042 0.0305556
0 0.33151 0.495833 0.0078125 0.0138889
0 0.677865 0.302315 0.0505208 0.075
0 0.423177 0.702778 0.00989583 0.0148148
0 0.441146 0.638426 0.003125 0.0342593
0 0.223177 0.275463 0.0140625 0.0175926
0 0.0078125 0.252778 0.015625 0.0185185
0 0.30625 0.472222 0.0114583 0.0240741
0 0.346094 0.323148 0.0119792 0.0203704
0 0.294792 0.285648 0.021875 0.0268519
0 0.516667 0.261111 0.0270833 0.0166667
0 0.101302 0.251852 0.0598958 0.0740741
0 0.247917 0.263426 0.0291667 0.037963
0 0.127083 0.246759 0.0520833 0.075
0 0.596354 0.326389 0.0166667 0.0175926
0 0.0708333 0.271296 0.053125 0.062963
0 0.49401 0.456019 0.00989583 0.0231481
0 0.53151 0.342593 0.0203125 0.0148148
0 0.639583 0.675 0.0135417 0.0314815
0 0.68151 0.363426 0.0203125 0.0157407
0 0.235156 0.622222 0.00885417 0.0222222
0 0.407292 0.600926 0.0104167 0.012963
0 0.465365 0.276852 0.00364583 0.0481481
0 0.267969 0.575 0.0494792 0.0703704
0 0.776823 0.511111 0.0119792 0.0148148
0 0.673958 0.676852 0.015625 0.0296296
0 0.460156 0.298611 0.0078125 0.0435185
0 0.716927 0.282407 0.0255208 0.0148148
0 0.422656 0.35 0.0140625 0.0148148
0 0.439583 0.342593 0.00833333 0.0166667
0 0.294792 0.474074 0.0135417 0.0166667
0 0.692448 0.363426 0.00989583 0.0231481
0 0.00625 0.247685 0.00729167 0.0138889
0 0.304167 0.285185 0.00729167 0.0148148
0 0.336458 0.27963 0.0125 0.0240741
0 0.482552 0.785185 0.0182292 0.05
0 0.36901 0.460648 0.0338542 0.025
0 0.226823 0.606481 0.0265625 0.0351852
0 0.222917 0.615278 0.015625 0.0287037
0 0.05625 0.432407 0.0135417 0.0314815
0 0.101823 0.463426 0.0182292 0.0324074
0 0.344271 0.659722 0.0260417 0.0175926
0 0.516146 0.254167 0.0114583 0.025
0 0.436458 0.647685 0.00833333 0.0212963
0 0.127604 0.444907 0.0114583 0.0324074
0 0.558073 0.638889 0.0171875 0.0351852
0 0.629167 0.380093 0.0114583 0.0231481
0 0.760156 0.370833 0.0161458 0.0175926
0 0.364844 0.668056 0.0171875 0.0194444
0 0.264583 0.634722 0.05 0.0861111
0 0.161979 0.268519 0.00729167 0.0407407
0 0.670833 0.352315 0.0145833 0.0361111
0 0.452865 0.7125 0.0171875 0.0453704
0 0.388802 0.468056 0.0130208 0.0546296
0 0.472135 0.789352 0.0265625 0.0268519
0 0.135417 0.451852 0.009375 0.0166667
0 0.441406 0.708796 0.0078125 0.0157407
0 0.211979 0.312963 0.00625 0.0240741
0 0.776302 0.505093 0.0078125 0.0212963
0 0.461458 0.326852 0.0135417 0.0407407
0 0.327604 0.696759 0.021875 0.0138889
0 0.227604 0.656944 0.0104167 0.0194444
0 0.782812 0.380556 0.00625 0.037037
0 0.174479 0.456019 0.00625 0.0324074
0 0.332812 0.660185 0.0104167 0.0166667
0 0.604688 0.380093 0.0135417 0.0694444
0 0.298438 0.721296 0.040625 0.0407407
0 0.239583 0.623611 0.015625 0.025
0 0.156771 0.454167 0.00833333 0.0305556
0 0.16849 0.29213 0.0213542 0.0342593
0 0.523177 0.645833 0.00677083 0.0157407
0 0.390104 0.634259 0.00416667 0.0111111
0 0.507031 0.27037 0.0140625 0.0185185
0 0.383333 0.698611 0.0166667 0.0342593
0 0.485677 0.679167 0.00677083 0.0398148
0 0.2875 0.668056 0.0104167 0.0175926
0 0.560417 0.322685 0.00625 0.0361111
0 0.415104 0.329167 0.0197917 0.0138889
0 0.514323 0.685648 0.0244792 0.0212963
0 0.739583 0.489815 0.00625 0.0574074
0 0.240625 0.660185 0.00520833 0.0314815
0 0.175781 0.260185 0.0223958 0.0351852
0 0.35651 0.459722 0.00677083 0.0527778
0 0.157552 0.277315 0.00572917 0.0342593
0 0.519271 0.350463 0.0177083 0.025
0 0.445833 0.290741 0.00729167 0.0351852
0 0.235156 0.474074 0.0119792 0.0333333
0 0.307552 0.330093 0.0171875 0.0175926
0 0.452865 0.684722 0.0234375 0.025
0 0.453125 0.646296 0.0125 0.012963
0 0.669531 0.313426 0.0223958 0.0416667
0 0.55625 0.699074 0.0145833 0.012963
0 0.394271 0.634722 0.0197917 0.0194444
0 0.366927 0.308796 0.0171875 0.0324074
0 0.252604 0.294907 0.00729167 0.012037
0 0.540625 0.32963 0.00729167 0.037037
0 0.382031 0.70787 0.00885417 0.0212963
0 0.222917 0.28287 0.0177083 0.0212963
0 0.615885 0.521759 0.0276042 0.0268519
0 0.540625 0.490741 0.046875 0.087037
0 0.315365 0.721759 0.0151042 0.0194444
0 0.314063 0.714352 0.00729167 0.0342593
0 0.673958 0.356019 0.0208333 0.0157407
0 0.386458 0.460648 0.0395833 0.0342593
0 0.370313 0.456481 0.00833333 0.0259259
0 0.377865 0.46713 0.0244792 0.0231481
0 0.365625 0.455556 0.00520833 0.0203704
0 0.553385 0.649537 0.0046875 0.0324074
0 0.676823 0.520833 0.0223958 0.0342593
0 0.360156 0.573148 0.0161458 0.0277778
0 0.525 0.639815 0.0135417 0.0351852
0 0.536458 0.656018 0.0145833 0.0231481
0 0.0432292 0.255093 0.00625 0.0509259
0 0.285156 0.297685 0.0213542 0.0175926
0 0.528125 0.588426 0.0208333 0.0175926
0 0.240625 0.455093 0.01875 0.0324074
0 0.123177 0.453241 0.0078125 0.0194444
0 0.538021 0.662037 0.0239583 0.0259259
0 0.386719 0.706481 0.0255208 0.0314815
0 0.314844 0.695833 0.0119792 0.0194444
0 0.416406 0.293519 0.0151042 0.0222222
0 0.615365 0.358333 0.0078125 0.0351852
0 0.25599 0.295833 0.0119792 0.0490741
0 0.521354 0.318981 0.01875 0.0194444
0 0.366406 0.459259 0.0161458 0.0296296
0 0.0276042 0.259259 0.009375 0.0203704
0 0.50625 0.32037 0.0197917 0.0351852
0 0.0565104 0.2625 0.0078125 0.0435185
0 0.527865 0.646296 0.0140625 0.012963
0 0.385677 0.334722 0.00885417 0.025
0 0.347917 0.46713 0.00416667 0.037963
0 0.558854 0.327315 0.009375 0.0898148
0 0.485677 0.736111 0.00677083 0.0425926
0 0.560677 0.68287 0.0151042 0.0509259
0 0.353385 0.712963 0.0244792 0.0259259
0 0.4125 0.461111 0.0239583 0.0333333
0 0.127344 0.453704 0.0140625 0.0203704
0 0.633854 0.293981 0.0114583 0.0287037
0 0.282552 0.662037 0.00572917 0.0296296
0 0.13151 0.249537 0.0140625 0.0342593
0 0.440365 0.65463 0.0234375 0.0222222
0 0.309635 0.283796 0.0109375 0.0324074
0 0.644271 0.668056 0.01875 0.0268519
0 0.269271 0.573611 0.0135417 0.0305556
0 0.228125 0.663426 0.0177083 0.0175926
0 0.457292 0.328704 0.00729167 0.0296296
0 0.640885 0.366204 0.00364583 0.0268519
0 0.411458 0.284722 0.00520833 0.0416667
0 0.35651 0.312963 0.0192708 0.037037
0 0.115625 0.426389 0.0104167 0.0416667
0 0.13099 0.281481 0.00677083 0.0296296
0 0.77474 0.378704 0.0192708 0.0222222
0 0.302865 0.321759 0.00572917 0.0175926
0 0.102604 0.256019 0.0114583 0.0212963
0 0.610417 0.511574 0.00416667 0.0305556
0 0.351562 0.3125 0.015625 0.0287037
0 0.503125 0.26713 0.0125 0.0212963
0 0.0273438 0.266667 0.0130208 0.0148148
0 0.0416667 0.437037 0.0229167 0.0388889
0 0.263542 0.460185 0.0114583 0.0259259
0 0.340365 0.65 0.0078125 0.0185185
0 0.320573 0.481944 0.00677083 0.0194444
0 0.621354 0.481481 0.0145833 0.0462963
0 0.0403646 0.253704 0.00989583 0.0333333
0 0.144792 0.447222 0.003125 0.0240741
0 0.272396 0.313889 0.0135417 0.0203704
0 0.722396 0.380556 0.00520833 0.0444444
0 0.448958 0.721296 0.015625 0.0481481
0 0.298438 0.589352 0.015625 0.0435185
0 0.740104 0.373148 0.0104167 0.0333333
0 0.207552 0.475926 0.0286458 0.0388889
0 0.344531 0.652778 0.0109375 0.0203704
0 0.649479 0.319907 0.00625 0.0305556
0 0.210677 0.269907 0.00989583 0.0305556
0 0.157292 0.459722 0.0177083 0.0212963
0 0.490625 0.304167 0.015625 0.0157407
0 0.60651 0.372685 0.0130208 0.037963
0 0.619531 0.497222 0.0140625 0.0351852
0 0.677344 0.505556 0.0223958 0.0314815
0 0.186979 0.288889 0.0229167 0.0259259
0 0.482552 0.679167 0.00364583 0.0268519
0 0.185937 0.460648 0.0145833 0.037963
0 0.340104 0.705093 0.0177083 0.0175926
0 0.615365 0.317593 0.0182292 0.0240741
0 0.310156 0.290278 0.0171875 0.0175926
0 0.614583 0.512963 0.0104167 0.0259259
0 0.348698 0.475 0.00885417 0.0277778
0 0.628385 0.325463 0.0203125 0.0231481
0 0.478385 0.729167 0.00989583 0.0287037
0 0.23099 0.472222 0.00989583 0.0462963
0 0.619792 0.662963 0.00520833 0.0351852
0 0.665365 0.662037 0.0130208 0.0314815
0 0.748958 0.364815 0.025 0.0333333
0 0.25 0.336111 0.0166667 0.0222222
0 0.30026 0.291667 0.0140625 0.0240741
0 0.315104 0.480093 0.00625 0.0324074
0 0.536458 0.33287 0.00729167 0.0305556
0 0.444531 0.340741 0.0151042 0.0222222
0 0.679948 0.30787 0.0213542 0.0546296
0 0.269271 0.681019 0.015625 0.0231481
0 0.611979 0.364352 0.0135417 0.0435185
0 0.677865 0.669907 0.00989583 0.0268519
0 0.603385 0.67037 0.0234375 0.0259259
0 0.411458 0.455556 0.0125 0.0333333
0 0.403906 0.344444 0.0265625 0.0240741
0 0.636979 0.334722 0.0166667 0.0268519
0 0.0286458 0.409259 0.009375 0.0444444
0 0.245833 0.660648 0.009375 0.0305556
0 0.241146 0.66713 0.0135417 0.0305556
0 0.652865 0.506944 0.00989583 0.0305556
0 0.0242187 0.4125 0.00989583 0.0490741
0 0.386198 0.339815 0.0151042 0.0203704
0 0.520312 0.3125 0.009375 0.0138889
0 0.327604 0.666204 0.0145833 0.0175926
0 0.735677 0.372685 0.0109375 0.0398148
0 0.458594 0.335648 0.0140625 0.0342593
0 0.419792 0.652778 0.0208333 0.0462963
0 0.56224 0.505093 0.0151042 0.0324074
0 0.636458 0.286111 0.015625 0.0203704
0 0.18125 0.462037 0.00833333 0.037037
0 0.4375 0.290741 0.009375 0.0240741
0 0.260938 0.291667 0.003125 0.0351852
0 0.653906 0.389352 0.0234375 0.0361111
0 0.590625 0.321759 0.00625 0.0324074
0 0.174219 0.291204 0.0182292 0.025
0 0.16901 0.491667 0.0130208 0.0388889
0 0.467448 0.780556 0.0223958 0.0574074
0 0.264583 0.639815 0.0125 0.0314815
0 0.282552 0.711574 0.0109375 0.025
0 0.0450521 0.265278 0.00989583 0.025
0 0.0106771 0.246296 0.0130208 0.0314815
0 0.216927 0.318056 0.0151042 0.025
0 0.54974 0.333796 0.0213542 0.0305556
0 0.39375 0.290741 0.0114583 0.0351852
0 0.773698 0.373148 0.0119792 0.0222222
0 0.0492188 0.267593 0.0151042 0.0240741
0 0.428385 0.632407 0.0171875 0.0259259
0 0.30625 0.321759 0.00729167 0.0157407
0 0.465365 0.306019 0.0161458 0.0231481
0 0.357031 0.46713 0.0151042 0.0324074
0 0.459375 0.668056 0.015625 0.0564815
0 0.253646 0.288889 0.00416667 0.0148148
0 0.665365 0.506019 0.0223958 0.0342593
0 0.218229 0.67037 0.025 0.0462963
0 0.422135 0.669444 0.0078125 0.0166667
0 0.494792 0.280556 0.0145833 0.0222222
0 0.268229 0.312037 0.0125 0.0222222
0 0.399219 0.456019 0.0078125 0.0305556
0 0.186198 0.283796 0.0130208 0.0268519
0 0.33724 0.708333 0.0203125 0.0296296
0 0.43724 0.706481 0.0130208 0.0240741
0 0.490104 0.736574 0.0114583 0.0472222
0 0.0731771 0.277778 0.0161458 0.0314815
0 0.645312 0.372222 0.0125 0.0240741
0 0.549219 0.328241 0.0078125 0.0398148
0 0.65 0.326852 0.0145833 0.0240741
0 0.411198 0.292593 0.0161458 0.0314815
0 0.163021 0.411574 0.0239583 0.025
0 0.328125 0.659259 0.00729167 0.0259259
0 0.740104 0.496759 0.0125 0.0268519
0 0.540885 0.333796 0.0192708 0.0268519
0 0.0489583 0.261574 0.00729167 0.0453704
0 0.632812 0.370833 0.00833333 0.0324074
0 0.619531 0.671296 0.0140625 0.0277778
0 0.5125 0.253704 0.0145833 0.037037
0 0.627083 0.655093 0.0125 0.037963
0 0.591667 0.325926 0.0166667 0.0296296
0 0.244271 0.268056 0.009375 0.0398148
0 0.756771 0.486111 0.0125 0.0425926
0 0.4875 0.350463 0.01875 0.0212963
0 0.0611979 0.262963 0.0151042 0.0462963
0 0.653385 0.514815 0.0213542 0.0314815
0 0.440365 0.647222 0.00885417 0.0277778
0 0.207031 0.469907 0.0078125 0.0398148
0 0.744792 0.497222 0.0114583 0.0296296
0 0.169792 0.456481 0.00520833 0.0388889
0 0.660677 0.663426 0.00989583 0.0305556
0 0.474479 0.7875 0.0208333 0.0657407
0 0.215625 0.269444 0.0177083 0.0351852
0 0.282813 0.66713 0.0145833 0.0305556
0 0.558594 0.655093 0.0171875 0.025
0 0.623698 0.476852 0.00989583 0.0240741
0 0.246615 0.335648 0.0151042 0.0342593
0 0.245052 0.275 0.0161458 0.0296296
0 0.294531 0.714815 0.0151042 0.0462963
0 0.283073 0.718518 0.0151042 0.0222222
0 0.603125 0.317593 0.0166667 0.0277778
0 0.615365 0.497685 0.0109375 0.0305556
0 0.336719 0.48287 0.0151042 0.037963
0 0.660417 0.334722 0.0114583 0.0324074
0 0.427344 0.626852 0.0078125 0.0333333
0 0.332292 0.27963 0.0166667 0.0333333
0 0.336719 0.477315 0.00572917 0.0342593
0 0.424219 0.676852 0.0151042 0.0259259
0 0.373698 0.688889 0.0203125 0.0685185
0 0.203125 0.0675926 0.01875 0.0555556
0 0.653385 0.381944 0.0140625 0.0361111
0 0.2125 0.35 0.0208333 0.0462963
0 0.432813 0.291204 0.00729167 0.0305556
0 0.14974 0.452778 0.0182292 0.0259259
0 0.648958 0.508333 0.0104167 0.037037
0 0.217969 0.653241 0.0234375 0.0435185
0 0.398438 0.284259 0.0104167 0.0462963
0 0.290104 0.601852 0.0239583 0.0425926
0 0.249219 0.329167 0.0046875 0.0194444
0 0.107292 0.447685 0.015625 0.0435185
0 0.73151 0.505093 0.0119792 0.0416667
0 0.215885 0.311111 0.00885417 0.0296296
0 0.633333 0.378241 0.0208333 0.0287037
0 0.43776 0.699074 0.0119792 0.0685185
0 0.165625 0.4125 0.00625 0.037963
0 0.573698 0.378704 0.0161458 0.0314815
0 0.248437 0.291204 0.0208333 0.0601852
0 0.340885 0.314815 0.00572917 0.0351852
0 0.610417 0.35787 0.00833333 0.0361111
0 0.722135 0.275926 0.0255208 0.0333333
0 0.202865 0.469907 0.0046875 0.0361111
0 0.00833333 0.255556 0.0166667 0.0296296
0 0.602604 0.372222 0.0114583 0.0333333
0 0.161979 0.274537 0.0177083 0.037963
0 0.749219 0.358333 0.00885417 0.0351852
0 0.557552 0.319907 0.00989583 0.0453704
0 0.245052 0.32963 0.00364583 0.0222222
0 0.169792 0.459722 0.0166667 0.0305556
0 0.503906 0.356019 0.00572917 0.0305556
0 0.744792 0.357407 0.00833333 0.037037
0 0.727083 0.378704 0.0145833 0.0425926
0 0.504427 0.363889 0.00989583 0.0240741
0 0.260938 0.299074 0.015625 0.0333333
0 0.665625 0.684259 0.0177083 0.0555556
0 0.817708 0.350463 0.0260417 0.037963
0 0.352083 0.666667 0.0208333 0.0666667
0 0.619271 0.476389 0.0135417 0.0268519
0 0.449479 0.299074 0.01875 0.037037
0 0.541667 0.49213 0.0260417 0.0472222
0 0.51276 0.719444 0.0203125 0.0592593
0 0.715625 0.276389 0.0270833 0.0472222
0 0.44974 0.29213 0.0078125 0.0361111
0 0.611198 0.513889 0.0244792 0.05
0 0.0466146 0.428704 0.0192708 0.0592593
0 0.299219 0.285185 0.00677083 0.0222222
0 0.46875 0.690741 0.0239583 0.0537037
0 0.149219 0.446296 0.00885417 0.0314815
0 0.38125 0.651389 0.0208333 0.0694444
0 0.411719 0.68287 0.0213542 0.0657407
0 0.341146 0.320833 0.0177083 0.0324074
0 0.461458 0.718518 0.0208333 0.062963
0 0.645052 0.365278 0.0046875 0.0231481
0 0.511458 0.332407 0.01875 0.0685185
0 0.558333 0.648611 0.009375 0.0305556
0 0.498958 0.683796 0.0229167 0.0638889
0 0.43099 0.332407 0.0203125 0.0518519
0 0.453125 0.683796 0.021875 0.0842593
0 0.263542 0.464352 0.0270833 0.0472222
0 0.541146 0.684722 0.0197917 0.0546296
0 0.635677 0.502315 0.0203125 0.0601852
0 0.419531 0.593056 0.0182292 0.0787037
0 0.189323 0.48287 0.0255208 0.0546296
0 0.255729 0.673611 0.0239583 0.0638889
0 0.483073 0.684722 0.0130208 0.0324074
0 0.314844 0.722222 0.0234375 0.0851852
0 0.100781 0.468981 0.0244792 0.0546296
0 0.202083 0.272685 0.021875 0.0583333
0 0.398438 0.668056 0.0208333 0.0675926
0 0.69401 0.364815 0.0244792 0.062963
0 0.353125 0.713889 0.021875 0.0703704
0 0.460417 0.305093 0.028125 0.0768519
0 0.235677 0.274537 0.0223958 0.0435185
0 0.485938 0.349537 0.0270833 0.0416667
0 0.222917 0.274074 0.0239583 0.0703704
0 0.322135 0.319444 0.0276042 0.062963
0 0.792448 0.357407 0.0255208 0.0314815
0 0.68099 0.363426 0.0234375 0.0490741
0 0.423958 0.70463 0.0229167 0.0648148
0 0.135417 0.450926 0.0239583 0.0685185
0 0.532031 0.338889 0.0223958 0.0592593
0 0.482031 0.304167 0.0213542 0.0694444
0 0.33151 0.497222 0.0234375 0.062963
0 0.301823 0.589352 0.0255208 0.0824074
0 0.452344 0.476852 0.0203125 0.0462963
0 0.595573 0.661111 0.0223958 0.0462963
0 0.598698 0.150926 0.0213542 0.0537037
0 0.0591146 0.432407 0.0255208 0.0425926
0 0.414323 0.325463 0.0244792 0.0509259
0 0.386458 0.462037 0.0229167 0.0722222
0 0.645312 0.66713 0.0229167 0.0527778
0 0.230208 0.478704 0.0291667 0.0444444
0 0.239323 0.623611 0.0255208 0.0472222
0 0.348437 0.475926 0.025 0.0592593
0 0.30625 0.477315 0.021875 0.0527778
0 0.524479 0.727315 0.021875 0.0527778
0 0.424479 0.675463 0.0260417 0.0564815
0 0.0398437 0.410185 0.0276042 0.0537037
0 0.122396 0.452315 0.025 0.0601852
0 0.221875 0.618056 0.0270833 0.0546296
0 0.040625 0.253241 0.025 0.0712963
0 0.760417 0.37037 0.0229167 0.0481481
0 0.327344 0.698611 0.0234375 0.0657407
0 0.422656 0.35 0.0213542 0.0481481
0 0.0726563 0.277778 0.0255208 0.0592593
0 0.314323 0.690741 0.0244792 0.0481481
0 0.501823 0.268056 0.0244792 0.0712963
0 0.233854 0.456019 0.028125 0.0472222
0 0.386979 0.707407 0.021875 0.0685185
0 0.556771 0.696759 0.0208333 0.0583333
0 0.519792 0.348611 0.021875 0.0638889
0 0.365365 0.668056 0.0234375 0.0546296
0 0.735156 0.373148 0.0286458 0.0611111
0 0.267969 0.581944 0.0276042 0.0472222
0 0.805469 0.356944 0.0276042 0.0453704
0 0.776302 0.506944 0.0244792 0.0305556
0 0.284375 0.290741 0.0260417 0.0518519
0 0.0278646 0.26713 0.0244792 0.0527778
0 0.451823 0.644444 0.0213542 0.062963
0 0.40625 0.600463 0.0229167 0.0712963
0 0.570312 0.67037 0.0239583 0.0685185
0 0.29349 0.47037 0.0255208 0.0555556
0 0.535677 0.655093 0.0234375 0.0657407
0 0.672917 0.356944 0.0229167 0.0601852
0 0.226823 0.661574 0.0255208 0.0601852
0 0.614583 0.499537 0.0229167 0.0546296
0 0.53125 0.585648 0.0208333 0.0601852
0 0.377083 0.468056 0.0239583 0.0509259
0 0.457292 0.336574 0.0239583 0.0601852
0 0.627083 0.655556 0.0260417 0.0555556
0 0.239323 0.669444 0.0276042 0.0666667
0 0.13099 0.255556 0.0276042 0.0518519
0 0.49349 0.453704 0.0192708 0.0592593
0 0.51875 0.313889 0.0239583 0.0703704
0 0.68151 0.513889 0.0276042 0.0592593
0 0.614583 0.32037 0.025 0.062963
0 0.527344 0.64537 0.0213542 0.0592593
0 0.315104 0.4875 0.0270833 0.0342593
0 0.627344 0.326389 0.0255208 0.0564815
0 0.602604 0.668056 0.025 0.0675926
0 0.385938 0.342593 0.0270833 0.0611111
0 0.397656 0.286111 0.0296875 0.062963
0 0.490104 0.303704 0.025 0.062963
0 0.15625 0.460185 0.0270833 0.062963
0 0.678646 0.675 0.0260417 0.0574074
0 0.635417 0.285185 0.0229167 0.0518519
0 0.100781 0.253704 0.0244792 0.0555556
0 0.478646 0.728704 0.025 0.0722222
0 0.0270833 0.4125 0.028125 0.0453704
0 0.309115 0.291204 0.0286458 0.0527778
0 0.636458 0.334722 0.0239583 0.0731481
0 0.665104 0.506481 0.028125 0.0648148
0 0.0614583 0.262963 0.028125 0.0611111
0 0.773438 0.371296 0.0260417 0.0648148
0 0.44349 0.34213 0.0276042 0.0490741
0 0.342969 0.653704 0.0255208 0.0592593
0 0.26901 0.684259 0.0255208 0.0537037
0 0.515625 0.677315 0.0229167 0.0657407
0 0.360156 0.574074 0.0244792 0.0518519
0 0.18151 0.463426 0.0296875 0.0546296
0 0.610677 0.360185 0.0265625 0.0574074
0 0.169792 0.500926 0.028125 0.0425926
0 0.35651 0.468056 0.0265625 0.0675926
0 0.659896 0.662963 0.025 0.0481481
0 0.281771 0.714352 0.025 0.0657407
0 0.56224 0.506481 0.0244792 0.0685185
0 0.755729 0.487037 0.0260417 0.0648148
0 0.410417 0.453704 0.025 0.0648148
0 0.394271 0.632407 0.0270833 0.0555556
0 0.0497396 0.261111 0.0276042 0.0648148
0 0.260417 0.300463 0.0291667 0.0768519
0 0.73125 0.506481 0.028125 0.05
0 0.36875 0.453704 0.025 0.0611111
0 0.340885 0.706481 0.0234375 0.0574074
0 0.401823 0.342593 0.0265625 0.0611111
0 0.263542 0.640741 0.028125 0.0462963
0 0.0122396 0.248611 0.0244792 0.0305556
0 0.267969 0.313889 0.0276042 0.05
0 0.491146 0.735648 0.0229167 0.0601852
0 0.295312 0.715741 0.025 0.0666667
0 0.49375 0.282407 0.025 0.0592593
0 0.71849 0.514352 0.0255208 0.0490741
0 0.439583 0.645833 0.0260417 0.0601852
0 0.74375 0.498148 0.0270833 0.0462963
0 0.214583 0.267593 0.028125 0.0685185
0 0.360156 0.306944 0.0286458 0.0712963
0 0.185156 0.28287 0.0276042 0.0564815
0 0.335938 0.477778 0.0270833 0.0759259
0 0.172396 0.291667 0.0270833 0.062963
0 0.319531 0.483796 0.0213542 0.062037
0 0.602083 0.374537 0.0270833 0.062037
0 0.115885 0.43287 0.0255208 0.0564815
0 0.648698 0.506481 0.0265625 0.0462963
0 0.619531 0.669907 0.0255208 0.0638889
0 0.649219 0.328704 0.0265625 0.0722222
0 0.134896 0.284722 0.028125 0.0472222
0 0.602344 0.321296 0.0276042 0.0537037
0 0.105469 0.448148 0.0265625 0.0648148
0 0.726042 0.38287 0.028125 0.0527778
0 0.540625 0.335185 0.0260417 0.062963
0 0.28099 0.669444 0.0276042 0.0555556
0 0.465365 0.284259 0.0265625 0.0759259
0 0.426562 0.626389 0.0260417 0.0675926
0 0.61901 0.477778 0.0255208 0.0592593
0 0.652344 0.380556 0.0296875 0.0759259
0 0.408854 0.293056 0.0291667 0.0583333
0 0.631771 0.380093 0.0270833 0.0601852
0 0.511198 0.255093 0.0255208 0.0787037
0 0.784635 0.381019 0.0296875 0.0398148
0 0.242448 0.275926 0.0286458 0.0592593
0 0.436719 0.706481 0.0234375 0.0722222
0 0.33099 0.277315 0.0276042 0.0861111
0 0.590104 0.324074 0.0270833 0.0666667
0 0.660677 0.337037 0.0265625 0.0555556
0 0.160938 0.277778 0.028125 0.0574074
0 0.398177 0.456019 0.0255208 0.0527778
0 0.326562 0.663426 0.0260417 0.0583333
0 0.305729 0.322685 0.0270833 0.0546296
0 0.55625 0.322222 0.0260417 0.0759259
0 0.214583 0.314815 0.0270833 0.0555556
0 0.168229 0.456481 0.028125 0.062963
0 0.432031 0.29213 0.0255208 0.0657407
0 0.165625 0.4125 0.028125 0.0490741
0 0.572396 0.381944 0.0270833 0.0564815
0 0.339063 0.322222 0.0302083 0.0666667
0 0.742969 0.359722 0.0286458 0.0601852
0 0.200781 0.471296 0.0296875 0.0574074
0 0.244271 0.328704 0.0270833 0.0685185
0 0.502344 0.359722 0.0276042 0.0675926
0 0.448438 0.291204 0.0291667 0.0731481
0 0.48125 0.683333 0.0270833 0.0648148
0 0.148177 0.448611 0.0296875 0.0601852
0 0.644271 0.366204 0.028125 0.0675926
0 0.557031 0.648611 0.0286458 0.0601852
0 0.297917 0.285185 0.028125 0.0574074
