0 0.533284 0.491776 0.0118343 0.0111842
0 0.616864 0.638487 0.0170118 0.0138158
0 0.720969 0.593092 0.0321746 0.0164474
0 0.699889 0.748684 0.0225592 0.0105263
0 0.749815 0.800329 0.0188609 0.0625
0 0.674741 0.766776 0.0247781 0.0309211
0 0.582286 0.682237 0.0114645 0.0328947
0 0.759061 0.741447 0.0425296 0.0289474
0 0.712093 0.810197 0.0262574 0.0269737
0 0.740754 0.777303 0.0244083 0.0111842
0 0.523669 0.326316 0.00887574 0.0223684
0 0.541235 0.665132 0.00480769 0.0105263
0 0.650518 0.592105 0.0281065 0.0197368
0 0.964497 0.493421 0.0221893 0.0210526
0 0.601886 0.576974 0.00628698 0.0407895
0 0.745932 0.718092 0.012574 0.0164474
0 0.671413 0.638816 0.0159024 0.0184211
0 0.440828 0.223026 0.0177515 0.0236842
0 0.6875 0.602961 0.00961538 0.0138158
0 0.70858 0.66875 0.0199704 0.0256579
0 0.779771 0.758224 0.0218195 0.0256579
0 0.802885 0.728618 0.00813609 0.0453947
0 0.699704 0.735526 0.00887574 0.0289474
0 0.387574 0.157895 0.0118343 0.00921053
0 0.816013 0.805263 0.0144231 0.0315789
0 0.686945 0.662829 0.00406805 0.0256579
0 0.592825 0.7125 0.0207101 0.0355263
0 0.587648 0.604276 0.0288462 0.0256579
0 0.708765 0.749671 0.0210799 0.0190789
0 0.412167 0.204276 0.00702663 0.0177632
0 0.607803 0.697697 0.016642 0.0230263
0 0.588757 0.644079 0.0184911 0.0315789
0 0.708395 0.699671 0.00628698 0.00855263
0 0.568787 0.579934 0.0192308 0.0388158
0 0.553809 0.629934 0.0225592 0.0230263
0 0.698595 0.78125 0.0140533 0.0335526
0 0.77108 0.714474 0.0118343 0.0302632
0 0.742049 0.765789 0.026997 0.0210526
0 0.47855 0.336513 0.0207101 0.0269737
0 0.417345 0.216118 0.0144231 0.0282895
0 0.624815 0.682895 0.0107249 0.0210526
0 0.586538 0.572039 0.0155325 0.0322368
0 0.648854 0.646053 0.0107249 0.0223684
0 0.720414 0.607566 0.0236686 0.0243421
0 0.557323 0.7 0.012574 0.0144737
0 0.684911 0.608553 0.0155325 0.0328947
0 0.632766 0.7125 0.00961538 0.0407895
0 0.649778 0.586513 0.0199704 0.0125
0 0.484283 0.523026 0.0203402 0.0342105
0 0.799186 0.745066 0.0155325 0.0282895
0 0.725592 0.696382 0.0258876 0.0177632
0 0.60318 0.689474 0.0155325 0.0223684
0 0.649963 0.728618 0.00998521 0.0217105
0 0.464127 0.233882 0.0266272 0.0480263
0 0.683987 0.789145 0.0129438 0.0256579
0 0.679179 0.773026 0.026997 0.0171053
0 0.681213 0.782566 0.0133136 0.0151316
0 0.666605 0.787171 0.0262574 0.0177632
0 0.487056 0.315132 0.00517751 0.00789474
0 0.4902 0.335197 0.00258876 0.0125
0 0.579512 0.660526 0.0155325 0.0289474
0 0.717271 0.7125 0.0232988 0.0289474
0 0.517197 0.618421 0.0136834 0.0184211
0 0.770525 0.769079 0.0351331 0.0171053
0 0.706176 0.595724 0.0232988 0.0335526
0 0.461538 0.263816 0.00369822 0.0171053
0 0.625 0.714474 0.00961538 0.00921053
0 0.732988 0.778618 0.0140533 0.0190789
0 0.74926 0.794079 0.012574 0.0210526
0 0.313055 0.0315789 0.00702663 0.0197368
0 0.52182 0.607566 0.0133136 0.0375
0 0.444342 0.327961 0.0210799 0.0480263
0 0.526627 0.519737 0.00961538 0.0276316
0 0.691753 0.540461 0.0107249 0.0651316
0 0.679364 0.578289 0.0258876 0.0131579
0 0.629068 0.781908 0.00813609 0.0125
0 0.675111 0.615789 0.0240385 0.0236842
0 0.609098 0.74375 0.0192308 0.0243421
0 0.696376 0.629934 0.0192308 0.0151316
0 0.70895 0.644079 0.0066568 0.0302632
0 0.79216 0.732895 0.0207101 0.0223684
0 0.575444 0.545395 0.00813609 0.0473684
0 0.745747 0.778289 0.0173817 0.0289474
0 0.58321 0.763158 0.0192308 0.0276316
0 0.804364 0.740132 0.0192308 0.0197368
0 0.779956 0.795066 0.0273669 0.0282895
0 0.441568 0.249671 0.0110947 0.0125
0 0.598743 0.463158 0.0258876 0.0394737
0 0.540496 0.595724 0.00258876 0.0177632
0 0.651812 0.59375 0.0173817 0.0440789
0 0.795858 0.777961 0.0325444 0.0256579
0 0.66679 0.728618 0.00739645 0.0125
0 0.820821 0.817105 0.0196006 0.0157895
0 0.436021 0.280592 0.00961538 0.0348684
0 0.658469 0.570066 0.0159024 0.0177632
0 0.725777 0.564803 0.00776627 0.0322368
0 0.632581 0.758553 0.00702663 0.00789474
0 0.522929 0.644408 0.0162722 0.0164474
0 0.578772 0.596711 0.00591716 0.00921053
0 0.799186 0.786513 0.0192308 0.0164474
0 0.349852 0.121711 0.00369822 0.0355263
0 0.829327 0.830263 0.00924556 0.0263158
0 0.657729 0.722368 0.0122041 0.0105263
0 0.629068 0.625 0.010355 0.0197368
0 0.607803 0.794408 0.00406805 0.0203947
0 0.703957 0.788487 0.0181213 0.00855263
0 0.595784 0.608224 0.0162722 0.0256579
0 0.576923 0.630592 0.0170118 0.0361842
0 0.727626 0.609539 0.00998521 0.0493421
0 0.620562 0.735855 0.00739645 0.0151316
0 0.691753 0.809539 0.00998521 0.00986842
0 0.435836 0.240461 0.00628698 0.0309211
0 0.483728 0.266118 0.022929 0.0388158
0 0.811575 0.770724 0.016642 0.0414474
0 0.726701 0.705263 0.0170118 0.0486842
0 0.774778 0.712829 0.0147929 0.0164474
0 0.778846 0.749342 0.0118343 0.0197368
0 0.383506 0.158224 0.0066568 0.0164474
0 0.742049 0.817763 0.029216 0.0197368
0 0.586908 0.549342 0.00295858 0.0131579
0 0.575074 0.578289 0.0207101 0.0131579
0 0.841716 0.785855 0.00961538 0.0190789
0 0.609098 0.652632 0.022929 0.0210526
0 0.783469 0.757895 0.0232988 0.0118421
0 0.620192 0.765789 0.0170118 0.0118421
0 0.641272 0.563816 0.00369822 0.025
0 0.723003 0.790461 0.00295858 0.0177632
0 0.724482 0.690132 0.0221893 0.0105263
0 0.754623 0.692434 0.00628698 0.0111842
0 0.730214 0.572039 0.0210799 0.0190789
0 0.520895 0.5125 0.00628698 0.0407895
0 0.657175 0.764803 0.00961538 0.0203947
0 0.54068 0.623026 0.0236686 0.0144737
0 0.711723 0.734868 0.0144231 0.00921053
0 0.737426 0.742105 0.0266272 0.0184211
0 0.756472 0.734539 0.0203402 0.0519737
0 0.58321 0.661842 0.0207101 0.0171053
0 0.820821 0.830592 0.0122041 0.0256579
0 0.658839 0.773355 0.0232988 0.0296053
0 0.65699 0.705921 0.0181213 0.0355263
0 0.522744 0.522368 0.0129438 0.0460526
0 0.571006 0.542763 0.00813609 0.0157895
0 0.516642 0.410197 0.0110947 0.0348684
0 0.483358 0.489474 0.00591716 0.0263158
0 0.561575 0.66875 0.0329142 0.0256579
0 0.512389 0.438158 0.00258876 0.0223684
0 0.670488 0.572697 0.0184911 0.0125
0 0.682692 0.534868 0.0140533 0.0276316
0 0.632951 0.672697 0.016642 0.0256579
0 0.691198 0.732895 0.0066568 0.0171053
0 0.766827 0.71875 0.0255178 0.0282895
0 0.796043 0.751974 0.00406805 0.00657895
0 0.708395 0.773026 0.0196006 0.0171053
0 0.824889 0.777632 0.0203402 0.0157895
0 0.529956 0.496053 0.0177515 0.0289474
0 0.619083 0.708553 0.0066568 0.0144737
0 0.566198 0.684539 0.0177515 0.0203947
0 0.824889 0.769737 0.0173817 0.0197368
0 0.728735 0.661513 0.0321746 0.0177632
0 0.649593 0.653947 0.0225592 0.0171053
0 0.672522 0.579276 0.0136834 0.0480263
0 0.712833 0.727303 0.0181213 0.0309211
0 0.737056 0.733224 0.0155325 0.0151316
0 0.833025 0.792763 0.0203402 0.0236842
0 0.644601 0.766118 0.00887574 0.0269737
0 0.593935 0.765132 0.0170118 0.0644737
0 0.75037 0.717763 0.0118343 0.0184211
0 0.500185 0.526974 0.0188609 0.025
0 0.528846 0.332895 0.0199704 0.0184211
0 0.504068 0.517763 0.0162722 0.0236842
0 0.720414 0.825 0.0184911 0.0118421
0 0.511649 0.347039 0.00924556 0.0243421
0 0.731324 0.817763 0.0196006 0.0118421
0 0.657914 0.750658 0.0192308 0.0105263
0 0.83284 0.825 0.00443787 0.0144737
0 0.816383 0.770395 0.00628698 0.0171053
0 0.583025 0.653947 0.0107249 0.0171053
0 0.8027 0.817105 0.029216 0.0157895
0 0.762019 0.774342 0.00998521 0.0144737
0 0.786982 0.729276 0.0162722 0.0427632
0 0.695081 0.624342 0.0151627 0.0105263
0 0.535688 0.403947 0.0203402 0.0394737
0 0.559357 0.452961 0.0159024 0.0256579
0 0.824704 0.829934 0.0140533 0.0138158
0 0.783469 0.781579 0.00998521 0.0605263
0 0.569896 0.574013 0.00961538 0.00855263
0 0.804364 0.735526 0.012574 0.0118421
0 0.774778 0.795066 0.0199704 0.0190789
0 0.641827 0.600329 0.00406805 0.0164474
0 0.741864 0.787829 0.0133136 0.0125
0 0.524963 0.660526 0.0159024 0.0263158
0 0.574519 0.749342 0.0181213 0.0210526
0 0.391087 0.176974 0.00924556 0.0276316
0 0.345784 0.0769737 0.00443787 0.0210526
0 0.590976 0.697697 0.010355 0.0480263
0 0.720784 0.758553 0.0066568 0.0118421
0 0.641827 0.697039 0.0136834 0.0230263
0 0.664201 0.571711 0.0170118 0.0447368
0 0.515348 0.587829 0.0033284 0.0151316
0 0.696006 0.773026 0.0162722 0.0210526
0 0.556953 0.437829 0.0155325 0.0598684
0 0.608913 0.803289 0.00628698 0.0328947
0 0.549371 0.591776 0.00998521 0.0203947
0 0.775148 0.778947 0.0207101 0.0184211
0 0.678809 0.690461 0.0033284 0.0164474
0 0.586723 0.566776 0.00776627 0.0322368
0 0.691938 0.603618 0.0140533 0.0125
0 0.566568 0.593092 0.0162722 0.0190789
0 0.636464 0.789474 0.00591716 0.0171053
0 0.615754 0.825329 0.00887574 0.0269737
0 0.470599 0.282566 0.00554734 0.0282895
0 0.608358 0.713487 0.022929 0.0190789
0 0.736501 0.810855 0.0225592 0.0269737
0 0.501109 0.354605 0.0155325 0.0315789
0 0.837463 0.784211 0.0136834 0.0289474
0 0.398669 0.175329 0.00961538 0.0282895
0 0.701368 0.652632 0.016642 0.0473684
0 0.627034 0.593092 0.0122041 0.0322368
0 0.630917 0.546053 0.012574 0.0302632
0 0.775148 0.737829 0.00369822 0.0177632
0 0.890348 0.814145 0.0262574 0.0230263
0 0.354845 0.126645 0.0107249 0.0361842
0 0.539386 0.356908 0.0173817 0.0375
0 0.507951 0.619408 0.0159024 0.0269737
0 0.609283 0.682237 0.0210799 0.0276316
0 0.329327 0.0773026 0.00554734 0.0335526
0 0.433062 0.230592 0.00961538 0.0203947
0 0.456916 0.248684 0.0247781 0.0447368
0 0.393676 0.195395 0.00258876 0.0210526
0 0.473373 0.275658 0.00517751 0.0210526
0 0.577108 0.534539 0.00554734 0.0506579
0 0.532914 0.439145 0.00443787 0.0177632
0 0.70747 0.6875 0.0133136 0.0223684
0 0.833025 0.830592 0.0129438 0.0151316
0 0.708395 0.589474 0.00480769 0.0184211
0 0.704142 0.658882 0.0162722 0.0190789
0 0.632951 0.638487 0.026997 0.0203947
0 0.418084 0.256908 0.000369822 0.0111842
0 0.595599 0.661513 0.0144231 0.0203947
0 0.821376 0.836842 0.0199704 0.0289474
0 0.629438 0.735526 0.0236686 0.0144737
0 0.594305 0.819737 0.0147929 0.0171053
0 0.683987 0.622697 0.0225592 0.0269737
0 0.436575 0.225658 0.00628698 0.0184211
0 0.523854 0.596711 0.00554734 0.0223684
0 0.620562 0.834211 0.0177515 0.0236842
0 0.641272 0.683553 0.0155325 0.0131579
0 0.701923 0.722039 0.0177515 0.0335526
0 0.81176 0.778947 0.0066568 0.025
0 0.371117 0.145066 0.00554734 0.0190789
0 0.378698 0.185526 0.00887574 0.0328947
0 0.639978 0.672697 0.0144231 0.0375
0 0.707655 0.615132 0.0122041 0.0434211
0 0.503328 0.352303 0.00443787 0.0164474
0 0.475592 0.327961 0.00961538 0.0177632
0 0.762574 0.713816 0.00295858 0.0263158
0 0.633136 0.765132 0.0170118 0.0105263
0 0.457101 0.291776 0.00369822 0.0190789
0 0.774593 0.773026 0.00924556 0.0118421
0 0.653661 0.563487 0.0033284 0.0190789
0 0.720969 0.784868 0.0262574 0.0276316
0 0.621487 0.687829 0.0188609 0.0177632
0 0.808987 0.736842 0.0033284 0.0171053
0 0.75 0.802303 0.0177515 0.0138158
0 0.640717 0.640132 0.00850592 0.0157895
0 0.62426 0.707566 0.00739645 0.0138158
0 0.710429 0.707566 0.00591716 0.0230263
0 0.700444 0.561513 0.022929 0.0230263
0 0.604845 0.593421 0.0196006 0.0276316
0 0.576183 0.529605 0.0199704 0.0368421
0 0.566938 0.552303 0.00887574 0.0125
0 0.644231 0.705263 0.0162722 0.0407895
0 0.472633 0.303289 0.0281065 0.0394737
0 0.490754 0.513487 0.0066568 0.0230263
0 0.495747 0.380263 0.00776627 0.0210526
0 0.690643 0.654276 0.00406805 0.0190789
0 0.736686 0.778947 0.0110947 0.0118421
0 0.497966 0.551974 0.00998521 0.0184211
0 0.699889 0.788487 0.0181213 0.0151316
0 0.607803 0.677961 0.0144231 0.0164474
0 0.454142 0.326974 0.0199704 0.0223684
0 0.528846 0.616776 0.0221893 0.0230263
0 0.607618 0.765461 0.00739645 0.0125
0 0.678254 0.766118 0.0184911 0.00986842
0 0.70747 0.833882 0.00813609 0.0125
0 0.733173 0.823684 0.0196006 0.0184211
0 0.60503 0.772368 0.012574 0.0171053
0 0.757951 0.712171 0.0129438 0.0190789
0 0.612796 0.787829 0.00591716 0.0282895
0 0.520525 0.480592 0.0107249 0.0256579
0 0.679179 0.571711 0.0136834 0.0184211
0 0.703957 0.623684 0.00554734 0.0105263
0 0.614645 0.834211 0.0170118 0.0434211
0 0.842086 0.792763 0.0177515 0.0236842
0 0.621117 0.577961 0.0181213 0.0217105
0 0.716346 0.728289 0.0199704 0.0184211
0 0.599852 0.588816 0.00517751 0.0184211
0 0.546413 0.452632 0.0225592 0.025
0 0.644601 0.591776 0.0170118 0.0296053
0 0.529401 0.349342 0.0136834 0.0210526
0 0.617788 0.652961 0.0196006 0.0493421
0 0.782914 0.788158 0.0170118 0.0157895
0 0.472078 0.332237 0.016642 0.0394737
0 0.661612 0.766118 0.0110947 0.0217105
0 0.628883 0.676316 0.00480769 0.0223684
0 0.512574 0.392434 0.022929 0.0269737
0 0.644231 0.745724 0.00517751 0.00592105
0 0.699149 0.740789 0.0196006 0.00657895
0 0.541975 0.631908 0.0188609 0.0335526
0 0.808247 0.770066 0.0114645 0.0125
0 0.511464 0.610855 0.00739645 0.0269737
0 0.549926 0.6 0.0155325 0.0171053
0 0.554179 0.660855 0.026997 0.0217105
0 0.699334 0.570395 0.0147929 0.0342105
0 0.607803 0.737829 0.00702663 0.0111842
0 0.686575 0.799671 0.00406805 0.0125
0 0.507581 0.349013 0.00258876 0.0282895
0 0.571191 0.640461 0.0129438 0.0177632
0 0.479105 0.374013 0.00702663 0.0203947
0 0.438979 0.255921 0.010355 0.0236842
0 0.533469 0.668421 0.016642 0.0236842
0 0.582286 0.602632 0.0144231 0.0184211
0 0.651442 0.629276 0.0144231 0.0519737
0 0.408284 0.209868 0.00961538 0.0236842
0 0.424371 0.285197 0.0136834 0.0401316
0 0.674001 0.683224 0.00998521 0.0269737
0 0.378513 0.19375 0.0173817 0.0282895
0 0.703217 0.803289 0.00924556 0.00789474
0 0.585614 0.762829 0.0225592 0.0572368
0 0.722633 0.751974 0.0244083 0.0381579
0 0.507396 0.380263 0.012574 0.0118421
0 0.74963 0.683224 0.00147929 0.0256579
0 0.711538 0.639145 0.00517751 0.0111842
0 0.496302 0.3125 0.0110947 0.025
0 0.763683 0.748355 0.0207101 0.0585526
0 0.715976 0.763816 0.0199704 0.0486842
0 0.316938 0.0592105 0.0266272 0.0315789
0 0.608173 0.704605 0.0218195 0.0236842
0 0.695266 0.756908 0.0118343 0.0151316
0 0.512759 0.357566 0.00998521 0.0111842
0 0.325259 0.0648026 0.0173817 0.0361842
0 0.519601 0.573026 0.00517751 0.0210526
0 0.595044 0.808224 0.012574 0.0388158
0 0.745932 0.725329 0.0162722 0.0203947
0 0.558617 0.608224 0.0196006 0.0190789
0 0.541235 0.601974 0.00850592 0.0131579
0 0.524593 0.386513 0.00554734 0.0217105
0 0.404586 0.18125 0.0273669 0.0230263
0 0.346524 0.110526 0.022929 0.0421053
0 0.683432 0.714474 0.010355 0.0171053
0 0.420673 0.2625 0.00850592 0.0289474
0 0.400148 0.23125 0.00517751 0.00723684
0 0.670118 0.719408 0.00221893 0.00723684
0 0.453217 0.267763 0.00406805 0.025
0 0.759061 0.796053 0.0277367 0.0342105
0 0.686206 0.782237 0.00924556 0.0118421
0 0.8125 0.736184 0.00961538 0.0144737
0 0.748891 0.771382 0.00739645 0.0164474
0 0.70747 0.807566 0.0221893 0.0164474
0 0.621302 0.713158 0.0066568 0.0131579
0 0.612241 0.802632 0.0159024 0.0184211
0 0.666975 0.673026 0.0181213 0.0236842
0 0.591531 0.66875 0.0159024 0.0309211
0 0.673632 0.735855 0.00554734 0.0164474
0 0.512204 0.525987 0.0199704 0.0217105
0 0.599482 0.620395 0.0110947 0.0210526
0 0.820266 0.810197 0.00813609 0.0151316
0 0.667899 0.671053 0.00961538 0.0539474
0 0.733543 0.711842 0.0136834 0.0171053
0 0.72929 0.616447 0.012574 0.0131579
0 0.75074 0.696711 0.0155325 0.0263158
0 0.758506 0.779934 0.0266272 0.0217105
0 0.554179 0.448026 0.00258876 0.0118421
0 0.574519 0.524342 0.00702663 0.0131579
0 0.481324 0.302303 0.0129438 0.0572368
0 0.757027 0.750329 0.0184911 0.0256579
0 0.546598 0.697697 0.0110947 0.0243421
0 0.607803 0.645395 0.0136834 0.0157895
0 0.649223 0.523355 0.00998521 0.0243421
0 0.537722 0.446382 0.0177515 0.0230263
0 0.646265 0.608224 0.0173817 0.0164474
0 0.378328 0.15 0.0066568 0.0131579
0 0.448595 0.322039 0.0118343 0.0282895
0 0.462833 0.334211 0.0159024 0.0223684
0 0.488535 0.517763 0.00739645 0.0394737
0 0.578772 0.523684 0.00739645 0.0144737
0 0.487241 0.482895 0.00628698 0.0302632
0 0.807877 0.818092 0.00776627 0.0151316
0 0.772744 0.802961 0.0232988 0.0559211
0 0.589867 0.322039 0.00739645 0.0348684
0 0.467086 0.362171 0.0066568 0.0427632
0 0.587648 0.712171 0.0184911 0.0230263
0 0.729105 0.653947 0.0129438 0.0157895
0 0.495192 0.334868 0.00221893 0.0131579
0 0.566013 0.628947 0.0151627 0.025
0 0.528107 0.663158 0.0066568 0.0210526
0 0.379068 0.155263 0.0140533 0.0184211
0 0.519786 0.558553 0.00998521 0.0118421
0 0.449519 0.276645 0.00480769 0.0177632
0 0.729475 0.748026 0.0107249 0.0197368
0 0.595969 0.639474 0.0144231 0.0171053
0 0.707655 0.742763 0.00628698 0.0144737
0 0.654771 0.527303 0.0114645 0.0243421
0 0.725037 0.616118 0.00998521 0.0138158
0 0.67733 0.705921 0.0196006 0.0407895
0 0.528476 0.528947 0.0133136 0.0157895
0 0.598927 0.630263 0.0232988 0.0355263
0 0.665865 0.778947 0.0196006 0.0263158
0 0.737426 0.653289 0.00221893 0.0223684
0 0.644046 0.722039 0.00702663 0.00986842
0 0.508506 0.625987 0.022929 0.0282895
0 0.600407 0.744079 0.0173817 0.025
0 0.620562 0.571711 0.00887574 0.0210526
0 0.687315 0.617105 0.0136834 0.0210526
0 0.682877 0.616118 0.0114645 0.0203947
0 0.523114 0.507237 0.00480769 0.0184211
0 0.816198 0.750987 0.0066568 0.0164474
0 0.762019 0.789474 0.00554734 0.0171053
0 0.782729 0.749013 0.00924556 0.0164474
0 0.368158 0.148355 0.0144231 0.0546053
0 0.652367 0.676645 0.0207101 0.0361842
0 0.47855 0.261184 0.0133136 0.0342105
0 0.606509 0.742105 0.0251479 0.0539474
0 0.645895 0.751645 0.0129438 0.0111842
0 0.453217 0.275329 0.00998521 0.0243421
0 0.537167 0.437829 0.00628698 0.0151316
0 0.432138 0.293092 0.00184911 0.0256579
0 0.734652 0.7625 0.0210799 0.0447368
0 0.625555 0.786184 0.0181213 0.0263158
0 0.428809 0.230263 0.0136834 0.0276316
0 0.664941 0.629934 0.010355 0.0480263
0 0.579512 0.55 0.0184911 0.0486842
0 0.603735 0.765789 0.00850592 0.0118421
0 0.522004 0.326974 0.016642 0.0526316
0 0.527737 0.342763 0.00739645 0.0144737
0 0.68787 0.740789 0.0140533 0.0171053
0 0.438609 0.227632 0.0207101 0.0618421
0 0.671967 0.614145 0.010355 0.0375
0 0.620562 0.743421 0.010355 0.0144737
0 0.462463 0.298026 0.016642 0.0210526
0 0.728365 0.786184 0.00776627 0.0157895
0 0.537537 0.675987 0.00554734 0.0125
0 0.644786 0.775 0.0159024 0.0210526
0 0.729105 0.566118 0.00924556 0.0151316
0 0.719305 0.771711 0.00887574 0.0578947
0 0.704142 0.676316 0.0221893 0.0263158
0 0.533654 0.577961 0.00591716 0.0388158
0 0.590791 0.327303 0.0144231 0.0309211
0 0.695266 0.713487 0.00517751 0.0125
0 0.53051 0.371382 0.0188609 0.0375
0 0.708395 0.623355 0.00776627 0.0125
0 0.586908 0.559211 0.00591716 0.0144737
0 0.682877 0.706908 0.00628698 0.0203947
0 0.60392 0.616118 0.0066568 0.0164474
0 0.583395 0.794408 0.00850592 0.0322368
0 0.5625 0.585855 0.0066568 0.0164474
0 0.390902 0.204605 0.00591716 0.0197368
0 0.595044 0.574342 0.0118343 0.025
0 0.583025 0.693092 0.00924556 0.0111842
0 0.462093 0.328618 0.00924556 0.0177632
0 0.720969 0.648026 0.0240385 0.0276316
0 0.372966 0.159868 0.0203402 0.0342105
0 0.488166 0.534539 0.010355 0.0243421
0 0.88591 0.818421 0.00480769 0.025
0 0.818232 0.747368 0.0210799 0.0736842
0 0.518676 0.387829 0.0196006 0.0296053
0 0.64571 0.660855 0.0177515 0.0256579
0 0.657729 0.668092 0.0299556 0.0230263
0 0.578402 0.692763 0.0066568 0.0105263
0 0.637019 0.796382 0.0159024 0.0151316
0 0.686575 0.733224 0.00480769 0.0151316
0 0.516272 0.446382 0.0170118 0.0203947
0 0.523114 0.34375 0.00776627 0.0203947
0 0.661982 0.638487 0.00517751 0.0203947
0 0.454697 0.236184 0.0114645 0.0302632
0 0.691383 0.661842 0.00998521 0.0144737
0 0.633506 0.574013 0.00443787 0.0125
0 0.529031 0.327632 0.00998521 0.0157895
0 0.467456 0.266118 0.0133136 0.0375
0 0.54105 0.394408 0.00369822 0.0348684
0 0.421598 0.223684 0.0214497 0.0342105
0 0.511834 0.408553 0.0110947 0.0184211
0 0.528107 0.595724 0.00813609 0.0217105
0 0.629068 0.682566 0.0118343 0.0164474
0 0.757396 0.773684 0.0133136 0.0118421
0 0.688055 0.540789 0.0188609 0.0302632
0 0.628698 0.810197 0.0147929 0.0177632
0 0.703957 0.577632 0.0225592 0.0223684
0 0.580621 0.740461 0.0184911 0.0453947
0 0.612426 0.629934 0.010355 0.0203947
0 0.524038 0.475987 0.0118343 0.0203947
0 0.438055 0.299671 0.016642 0.0361842
0 0.492419 0.51875 0.016642 0.0282895
0 0.687315 0.535526 0.00776627 0.0197368
0 0.658469 0.563158 0.00554734 0.0184211
0 0.788277 0.713158 0.0122041 0.0210526
0 0.566013 0.587171 0.00776627 0.0177632
0 0.503698 0.549013 0.0184911 0.0309211
0 0.582286 0.713158 0.0188609 0.05
0 0.522559 0.661184 0.0258876 0.05
0 0.583765 0.804276 0.0173817 0.0203947
0 0.682877 0.690789 0.0107249 0.0157895
0 0.816938 0.755921 0.0177515 0.0184211
0 0.663277 0.608553 0.0151627 0.0236842
0 0.604105 0.624342 0.0144231 0.0236842
0 0.47855 0.342105 0.00221893 0.0184211
0 0.741309 0.758882 0.0196006 0.0190789
0 0.472818 0.300987 0.00480769 0.0164474
0 0.43787 0.230921 0.0170118 0.0236842
0 0.571006 0.623355 0.012574 0.0190789
0 0.492234 0.385855 0.0199704 0.0282895
0 0.716901 0.615461 0.0173817 0.0190789
0 0.691568 0.572039 0.00739645 0.0151316
0 0.495747 0.344079 0.0159024 0.0263158
0 0.616124 0.744737 0.00443787 0.0105263
0 0.428624 0.223026 0.00887574 0.0197368
0 0.586723 0.7375 0.00406805 0.0131579
0 0.573964 0.574013 0.00961538 0.0138158
0 0.407729 0.239803 0.00628698 0.0203947
0 0.650888 0.528289 0.0133136 0.0421053
0 0.799926 0.811184 0.00443787 0.0157895
0 0.791235 0.780592 0.0159024 0.0164474
0 0.716346 0.757566 0.00961538 0.0125
0 0.528846 0.490132 0.0118343 0.0197368
0 0.308432 0.0365132 0.00813609 0.0217105
0 0.545303 0.445724 0.0173817 0.0164474
0 0.620747 0.680263 0.0107249 0.0184211
0 0.557877 0.600658 0.00628698 0.0184211
0 0.537352 0.375987 0.00443787 0.0282895
0 0.512759 0.327961 0.0151627 0.0256579
0 0.52034 0.638487 0.0110947 0.0138158
0 0.601701 0.689474 0.0177515 0.0460526
0 0.653661 0.522039 0.00776627 0.0151316
0 0.461908 0.236184 0.00147929 0.0236842
0 0.749445 0.779276 0.0188609 0.0151316
0 0.410133 0.231908 0.00295858 0.0151316
0 0.612056 0.738158 0.00813609 0.0131579
0 0.670673 0.726974 0.0114645 0.0171053
0 0.686391 0.650658 0.0177515 0.0394737
0 0.524778 0.653289 0.0214497 0.0210526
0 0.553439 0.653289 0.0247781 0.0184211
0 0.724852 0.795395 0.010355 0.0157895
0 0.482433 0.366447 0.00258876 0.0210526
0 0.599297 0.735526 0.016642 0.0118421
0 0.565089 0.681908 0.0236686 0.0493421
0 0.737611 0.786184 0.0144231 0.0171053
0 0.674926 0.609211 0.00813609 0.0210526
0 0.524408 0.556908 0.0184911 0.0230263
0 0.442308 0.313158 0.0162722 0.0328947
0 0.81213 0.814803 0.010355 0.0190789
0 0.340976 0.100987 0.012574 0.0151316
0 0.645895 0.599671 0.00628698 0.0190789
0 0.625 0.601316 0.0110947 0.0236842
0 0.616124 0.63125 0.00887574 0.0138158
0 0.546043 0.6375 0.016642 0.0223684
0 0.512759 0.616776 0.0122041 0.0375
0 0.590607 0.573684 0.012574 0.0210526
0 0.640717 0.630921 0.00406805 0.0184211
0 0.698964 0.802632 0.0066568 0.0157895
0 0.386465 0.177961 0.00295858 0.0177632
0 0.555843 0.697039 0.0244083 0.0598684
0 0.766272 0.787829 0.0110947 0.0190789
0 0.515902 0.320724 0.00961538 0.0217105
0 0.528107 0.542763 0.0177515 0.0328947
0 0.403107 0.174013 0.010355 0.0243421
0 0.689349 0.595395 0.0170118 0.0460526
0 0.713203 0.594079 0.016642 0.0236842
0 0.630362 0.637171 0.0151627 0.0375
0 0.387574 0.184539 0.0110947 0.0243421
0 0.70747 0.765132 0.0214497 0.0118421
0 0.815274 0.840132 0.0218195 0.0513158
0 0.801036 0.816447 0.0118343 0.0289474
0 0.571006 0.549342 0.0140533 0.0184211
0 0.714867 0.684539 0.022929 0.0401316
0 0.51091 0.322697 0.00998521 0.0164474
0 0.39645 0.155263 0.00147929 0.0315789
0 0.512019 0.379934 0.0196006 0.0177632
0 0.566198 0.722697 0.0147929 0.0296053
0 0.591901 0.705921 0.00924556 0.0210526
0 0.424556 0.262829 0.00887574 0.0190789
0 0.491494 0.378618 0.0133136 0.0256579
0 0.362611 0.136842 0.0151627 0.0368421
0 0.640533 0.728618 0.0236686 0.0296053
0 0.346524 0.1125 0.00739645 0.0302632
0 0.566383 0.716118 0.00850592 0.0361842
0 0.641827 0.690132 0.016642 0.0210526
0 0.62426 0.613158 0.00221893 0.0342105
0 0.681768 0.696053 0.0196006 0.0407895
0 0.587833 0.742763 0.0122041 0.0236842
0 0.566568 0.639145 0.0140533 0.0282895
0 0.674926 0.743092 0.0147929 0.0217105
0 0.691753 0.534868 0.0136834 0.0223684
0 0.717271 0.564474 0.0033284 0.0197368
0 0.691938 0.578618 0.0162722 0.0177632
0 0.683247 0.652961 0.0136834 0.0203947
0 0.482988 0.373026 0.0147929 0.025
0 0.689904 0.722697 0.0196006 0.0427632
0 0.398854 0.15 0.00258876 0.0223684
0 0.33247 0.0703947 0.00295858 0.0223684
0 0.411428 0.211184 0.00258876 0.0223684
0 0.604475 0.589145 0.00850592 0.0177632
0 0.720784 0.781908 0.00591716 0.0125
0 0.64534 0.726316 0.0177515 0.0144737
0 0.657544 0.743421 0.00961538 0.0131579
0 0.541605 0.674342 0.00998521 0.0131579
0 0.716531 0.825 0.0173817 0.0315789
0 0.624445 0.78125 0.00924556 0.0138158
0 0.715422 0.707237 0.0107249 0.0171053
0 0.424556 0.208882 0.0066568 0.0190789
0 0.6777 0.758224 0.0129438 0.0388158
0 0.66605 0.667763 0.010355 0.0157895
0 0.671043 0.692105 0.00924556 0.0236842
0 0.462093 0.289803 0.00406805 0.0177632
0 0.711908 0.742434 0.00961538 0.0151316
0 0.526627 0.496711 0.0192308 0.05
0 0.691568 0.757237 0.0155325 0.0394737
0 0.653661 0.787829 0.016642 0.0203947
0 0.524038 0.529605 0.012574 0.0223684
0 0.721339 0.564145 0.0114645 0.0230263
0 0.525148 0.638487 0.0207101 0.0190789
0 0.536243 0.574013 0.00517751 0.0151316
0 0.803439 0.808553 0.00702663 0.0144737
0 0.512759 0.444737 0.00702663 0.025
0 0.64534 0.556579 0.00221893 0.0210526
0 0.654401 0.728618 0.0136834 0.0138158
0 0.616494 0.786513 0.012574 0.0217105
0 0.599852 0.795395 0.0147929 0.0592105
0 0.79068 0.751974 0.00295858 0.0118421
0 0.533839 0.443092 0.00702663 0.0217105
0 0.391272 0.219737 0.00369822 0.0157895
0 0.578772 0.791776 0.00443787 0.0309211
0 0.508136 0.416118 0.0140533 0.0282895
0 0.545673 0.691776 0.00702663 0.0138158
0 0.520895 0.409539 0.0203402 0.0243421
0 0.589867 0.607237 0.0199704 0.05
0 0.508136 0.357895 0.00591716 0.0144737
0 0.525703 0.393092 0.0144231 0.0230263
0 0.700629 0.808553 0.0151627 0.0223684
0 0.766457 0.712829 0.0136834 0.0203947
0 0.520155 0.364803 0.0129438 0.0164474
0 0.584135 0.786513 0.0173817 0.0467105
0 0.653291 0.722697 0.00480769 0.0125
0 0.516642 0.438487 0.00443787 0.0243421
0 0.718195 0.593092 0.0207101 0.0611842
0 0.640902 0.774342 0.0192308 0.0394737
0 0.580067 0.803618 0.00776627 0.0217105
0 0.537537 0.385526 0.016642 0.0223684
0 0.453587 0.320395 0.0136834 0.0289474
0 0.791975 0.759211 0.00998521 0.0171053
0 0.324519 0.0578947 0.00850592 0.0407895
0 0.696006 0.720724 0.0118343 0.0177632
0 0.491864 0.490789 0.0170118 0.0302632
0 0.724852 0.741447 0.00443787 0.0184211
0 0.79142 0.727303 0.00887574 0.0138158
0 0.414756 0.201316 0.0107249 0.0763158
0 0.536797 0.468421 0.0196006 0.0276316
0 0.713018 0.645724 0.0140533 0.0230263
0 0.445821 0.307895 0.00924556 0.0236842
0 0.743343 0.800329 0.0207101 0.0493421
0 0.728735 0.742105 0.00406805 0.0210526
0 0.685096 0.563487 0.0173817 0.0453947
0 0.41605 0.209539 0.0066568 0.0203947
0 0.58247 0.780263 0.00591716 0.0236842
0 0.62426 0.808553 0.0118343 0.0184211
0 0.47855 0.299013 0.00887574 0.0203947
0 0.524963 0.452303 0.00850592 0.0177632
0 0.722448 0.689803 0.0210799 0.0598684
0 0.593565 0.45625 0.0177515 0.0348684
0 0.712093 0.5875 0.00850592 0.0171053
0 0.42807 0.279276 0.00554734 0.0256579
0 0.316383 0.0516447 0.00702663 0.0296053
0 0.336538 0.100329 0.00961538 0.0164474
0 0.471154 0.3625 0.0110947 0.0263158
0 0.423077 0.256908 0.00221893 0.0111842
0 0.561206 0.660197 0.0203402 0.0572368
0 0.599667 0.800658 0.00998521 0.0342105
0 0.816383 0.778618 0.0129438 0.0190789
0 0.886834 0.825658 0.0133136 0.0315789
0 0.524778 0.571711 0.0133136 0.0171053
0 0.495377 0.306579 0.00406805 0.0131579
0 0.591901 0.639474 0.00998521 0.025
0 0.516827 0.594408 0.016642 0.0296053
0 0.462463 0.244408 0.00554734 0.0230263
0 0.307692 0.0286184 0.00369822 0.0256579
0 0.737796 0.660197 0.0066568 0.0243421
0 0.682877 0.64375 0.00628698 0.0282895
0 0.57378 0.747368 0.0232988 0.0631579
0 0.632581 0.630921 0.00628698 0.0210526
0 0.538092 0.579934 0.0140533 0.0269737
0 0.453957 0.232566 0.00628698 0.0203947
0 0.445081 0.253947 0.0136834 0.025
0 0.575629 0.600987 0.00850592 0.0230263
0 0.4375 0.247039 0.00887574 0.0203947
0 0.632027 0.720066 0.0192308 0.0519737
0 0.412352 0.238816 0.00739645 0.0197368
0 0.704882 0.697368 0.0118343 0.025
0 0.708765 0.840789 0.0203402 0.0236842
0 0.525148 0.513487 0.0184911 0.0256579
0 0.628328 0.632895 0.000739645 0.0276316
0 0.39682 0.238158 0.00887574 0.0276316
0 0.556213 0.63125 0.022929 0.0585526
0 0.574334 0.594079 0.00443787 0.0157895
0 0.400703 0.155921 0.0107249 0.0355263
0 0.482064 0.335526 0.00184911 0.0171053
0 0.630177 0.578947 0.012574 0.0328947
0 0.670858 0.609539 0.00443787 0.0177632
0 0.533469 0.660855 0.0122041 0.0164474
0 0.483913 0.535197 0.0129438 0.0361842
0 0.581176 0.622697 0.0225592 0.0440789
0 0.491864 0.341776 0.00369822 0.0190789
0 0.470414 0.354934 0.00369822 0.0243421
0 0.482988 0.313487 0.00295858 0.0151316
0 0.392936 0.195066 0.0181213 0.0559211
0 0.787167 0.707237 0.00480769 0.0157895
0 0.558247 0.447039 0.00406805 0.0164474
0 0.703587 0.689474 0.00480769 0.0184211
0 0.407729 0.202303 0.0033284 0.0177632
0 0.674186 0.748684 0.0236686 0.0473684
0 0.410873 0.25625 0.00443787 0.0203947
0 0.603735 0.801645 0.0136834 0.0243421
0 0.345044 0.107566 0.00147929 0.0151316
0 0.466161 0.261513 0.00702663 0.0151316
0 0.779031 0.734868 0.00924556 0.0157895
0 0.687685 0.807237 0.00702663 0.0197368
0 0.642012 0.521711 0.0184911 0.025
0 0.54179 0.400987 0.010355 0.0217105
0 0.582655 0.733882 0.00258876 0.0177632
0 0.482249 0.528618 0.00887574 0.0243421
0 0.504808 0.311513 0.010355 0.0269737
0 0.741864 0.660855 0.0133136 0.0282895
0 0.441013 0.306908 0.00702663 0.0177632
0 0.66642 0.638158 0.010355 0.0223684
0 0.470784 0.326645 0.00813609 0.0256579
0 0.449704 0.270395 0.0184911 0.0289474
0 0.333395 0.0773026 0.0144231 0.0269737
0 0.362241 0.127632 0.00184911 0.0197368
0 0.340422 0.0776316 0.00998521 0.0276316
0 0.54068 0.667763 0.0184911 0.0657895
0 0.475222 0.259868 0.0214497 0.0565789
0 0.725777 0.659868 0.0122041 0.0289474
0 0.57267 0.623355 0.0203402 0.0625
0 0.39645 0.202632 0.00961538 0.0236842
0 0.349112 0.107237 0.00221893 0.0157895
0 0.620192 0.823026 0.00813609 0.0263158
0 0.473188 0.274013 0.0144231 0.0559211
0 0.428809 0.284211 0.0129438 0.0276316
0 0.64608 0.563158 0.00517751 0.0197368
0 0.636464 0.544079 0.0140533 0.0302632
0 0.597448 0.593092 0.0232988 0.0401316
0 0.580991 0.600329 0.0221893 0.0493421
0 0.412537 0.2625 0.00850592 0.0236842
0 0.756102 0.750987 0.0247781 0.0453947
0 0.583025 0.556908 0.00480769 0.0230263
0 0.394601 0.23125 0.0066568 0.0203947
0 0.741309 0.653947 0.00406805 0.0223684
0 0.482988 0.341118 0.00591716 0.0256579
0 0.618528 0.764474 0.0210799 0.0644737
0 0.524223 0.445066 0.0033284 0.0190789
0 0.749815 0.689474 0.00702663 0.0263158
0 0.35355 0.120395 0.00369822 0.0197368
0 0.677885 0.653947 0.0221893 0.05
0 0.702663 0.785855 0.0244083 0.0585526
0 0.694712 0.624671 0.0225592 0.0703947
0 0.562685 0.534868 0.00702663 0.0236842
0 0.401812 0.177961 0.0284763 0.0506579
0 0.579142 0.544408 0.00517751 0.0203947
0 0.628143 0.623026 0.0210799 0.0381579
0 0.735022 0.814803 0.026997 0.0532895
0 0.717271 0.558553 0.0122041 0.0513158
0 0.366679 0.14375 0.00480769 0.0256579
0 0.499815 0.348684 0.00554734 0.0223684
0 0.793269 0.724671 0.0192308 0.0848684
0 0.475037 0.281908 0.00776627 0.0243421
0 0.48983 0.518421 0.0240385 0.0618421
0 0.625555 0.624013 0.00850592 0.0269737
0 0.502404 0.550658 0.0240385 0.0578947
0 0.607064 0.675658 0.0225592 0.0684211
0 0.685836 0.616118 0.0218195 0.0572368
0 0.490939 0.336513 0.0181213 0.0598684
0 0.519231 0.408882 0.0266272 0.0546053
0 0.772559 0.720066 0.0184911 0.0651316
0 0.628328 0.734211 0.0244083 0.0552632
0 0.39608 0.217434 0.00739645 0.0217105
0 0.62426 0.682895 0.0266272 0.0368421
0 0.827663 0.833882 0.0155325 0.0532895
0 0.623521 0.600987 0.0251479 0.0651316
0 0.619638 0.712171 0.0255178 0.0611842
0 0.523484 0.482566 0.0255178 0.0519737
0 0.698595 0.564474 0.0207101 0.0657895
0 0.645155 0.659539 0.0255178 0.0585526
0 0.629068 0.572697 0.00369822 0.0190789
0 0.528291 0.596382 0.0262574 0.0480263
0 0.527367 0.342434 0.0207101 0.0598684
0 0.754438 0.713816 0.0177515 0.0671053
0 0.528107 0.617105 0.0244083 0.0539474
0 0.668454 0.779276 0.0218195 0.0664474
0 0.824704 0.775329 0.0221893 0.0730263
0 0.607064 0.703947 0.0210799 0.0605263
0 0.549186 0.597039 0.0207101 0.0559211
0 0.524038 0.364474 0.0266272 0.0526316
0 0.660133 0.608553 0.0236686 0.0539474
0 0.526812 0.527961 0.0240385 0.0730263
0 0.523669 0.638487 0.0251479 0.0611842
0 0.618898 0.579276 0.0218195 0.0611842
0 0.501664 0.528289 0.0225592 0.0513158
0 0.651627 0.520066 0.0214497 0.0690789
0 0.830621 0.794079 0.0214497 0.0578947
0 0.436945 0.291776 0.00406805 0.0282895
0 0.459504 0.335197 0.0255178 0.0559211
0 0.669749 0.574013 0.0214497 0.0690789
0 0.506102 0.416447 0.0247781 0.0578947
0 0.795488 0.780263 0.0236686 0.0671053
0 0.535318 0.469408 0.0240385 0.0611842
0 0.699334 0.742434 0.0244083 0.0585526
0 0.384246 0.157566 0.0199704 0.0638158
0 0.714867 0.706579 0.0258876 0.0592105
0 0.702663 0.669079 0.0258876 0.0552632
0 0.685836 0.778947 0.0240385 0.0592105
0 0.51128 0.379934 0.0262574 0.0690789
0 0.42622 0.223355 0.0232988 0.0585526
0 0.677885 0.573026 0.0192308 0.0605263
0 0.802515 0.735526 0.0199704 0.0657895
0 0.78162 0.757566 0.0203402 0.0717105
0 0.67733 0.764145 0.0232988 0.0611842
0 0.592825 0.455263 0.0273669 0.0605263
0 0.706731 0.809868 0.022929 0.0605263
0 0.822855 0.831908 0.0221893 0.0730263
0 0.509615 0.320395 0.0236686 0.0631579
0 0.589312 0.636842 0.0262574 0.05
0 0.727256 0.79375 0.0225592 0.0769737
0 0.523299 0.392105 0.0273669 0.0526316
0 0.57193 0.521382 0.0240385 0.0625
0 0.739645 0.756908 0.022929 0.0769737
0 0.506657 0.624013 0.0244083 0.0664474
0 0.443232 0.253947 0.0262574 0.05
0 0.64497 0.749342 0.0258876 0.0644737
0 0.702848 0.580263 0.0196006 0.0710526
0 0.543269 0.446711 0.0244083 0.0671053
0 0.51054 0.527961 0.0232988 0.0506579
0 0.714867 0.616776 0.0236686 0.0651316
0 0.807138 0.772039 0.0232988 0.0651316
0 0.714312 0.824013 0.0262574 0.0572368
0 0.451183 0.320066 0.0258876 0.0664474
0 0.536243 0.437829 0.0236686 0.0743421
0 0.581176 0.661513 0.0210799 0.0611842
0 0.602626 0.622368 0.0247781 0.0657895
0 0.523669 0.571711 0.0258876 0.0578947
0 0.410688 0.23125 0.0262574 0.0519737
0 0.707286 0.764803 0.0262574 0.0625
0 0.744823 0.728289 0.0221893 0.0592105
0 0.839497 0.794737 0.0192308 0.0802632
0 0.645155 0.727961 0.0262574 0.0493421
0 0.632396 0.764803 0.0221893 0.0651316
0 0.5527 0.654605 0.0232988 0.0526316
0 0.628883 0.677632 0.0203402 0.0789474
0 0.514793 0.593421 0.0281065 0.05
0 0.598743 0.734539 0.0258876 0.0717105
0 0.640163 0.689803 0.0266272 0.0572368
0 0.782359 0.788158 0.0203402 0.0710526
0 0.690274 0.535526 0.0262574 0.0736842
0 0.480399 0.529605 0.0273669 0.0605263
0 0.59375 0.66875 0.0210799 0.0611842
0 0.773299 0.773026 0.0184911 0.0578947
0 0.831361 0.832237 0.0184911 0.0802632
0 0.334504 0.0990132 0.0277367 0.0664474
0 0.710614 0.645066 0.0255178 0.0611842
0 0.607433 0.646382 0.0225592 0.0598684
0 0.59412 0.573026 0.0232988 0.0710526
0 0.732064 0.713816 0.0232988 0.0671053
0 0.535503 0.38125 0.0221893 0.0664474
0 0.707286 0.839474 0.0277367 0.0605263
0 0.397374 0.156908 0.026997 0.0598684
0 0.535318 0.572697 0.0247781 0.0677632
0 0.690459 0.661184 0.022929 0.0697368
0 0.819712 0.809539 0.0218195 0.0769737
0 0.65625 0.564145 0.0247781 0.0703947
0 0.698225 0.802303 0.0244083 0.0677632
0 0.564904 0.551974 0.0232988 0.0618421
0 0.376849 0.150658 0.0221893 0.0618421
0 0.620007 0.683553 0.0247781 0.0644737
0 0.564719 0.6375 0.0251479 0.0684211
0 0.376849 0.195395 0.0214497 0.0657895
0 0.63517 0.544079 0.0255178 0.0684211
0 0.589867 0.705592 0.022929 0.0638158
0 0.756472 0.772697 0.0210799 0.0730263
0 0.602441 0.586513 0.0236686 0.0638158
0 0.539756 0.601645 0.0247781 0.0651316
0 0.657359 0.670066 0.0247781 0.0585526
0 0.668639 0.608553 0.0251479 0.0671053
0 0.694896 0.765789 0.0258876 0.0710526
0 0.706731 0.623355 0.0236686 0.0651316
0 0.576553 0.801974 0.0244083 0.075
0 0.501294 0.311184 0.0277367 0.0565789
0 0.687315 0.736513 0.0255178 0.0769737
0 0.593195 0.819079 0.0221893 0.0552632
0 0.640163 0.640132 0.022929 0.0736842
0 0.588757 0.323684 0.0281065 0.05
0 0.531805 0.660526 0.0266272 0.0631579
0 0.577848 0.692105 0.0255178 0.0565789
0 0.557138 0.603618 0.0247781 0.0611842
0 0.339497 0.0759868 0.0221893 0.0651316
0 0.443417 0.305263 0.0281065 0.0671053
0 0.564349 0.586184 0.0251479 0.0657895
0 0.727071 0.617105 0.0221893 0.0671053
0 0.661427 0.764803 0.0240385 0.0690789
0 0.573225 0.601316 0.0258876 0.0631579
0 0.702108 0.691776 0.0262574 0.0638158
0 0.736871 0.7875 0.0247781 0.0644737
0 0.711354 0.742763 0.0262574 0.0618421
0 0.544009 0.639145 0.0251479 0.0638158
0 0.681953 0.706579 0.0258876 0.0710526
0 0.522929 0.513487 0.0288462 0.0401316
0 0.644046 0.601316 0.0240385 0.0644737
0 0.652737 0.7875 0.0244083 0.0592105
0 0.60355 0.766447 0.0251479 0.0684211
0 0.74926 0.779934 0.0236686 0.0730263
0 0.652737 0.721053 0.0266272 0.0763158
0 0.689534 0.579276 0.0225592 0.0730263
0 0.885725 0.825 0.0266272 0.0381579
0 0.488535 0.490461 0.0258876 0.0651316
0 0.666235 0.670395 0.0255178 0.0710526
0 0.639608 0.520066 0.0277367 0.0532895
0 0.566198 0.713487 0.0244083 0.0703947
0 0.582286 0.781908 0.0240385 0.0756579
0 0.723927 0.654605 0.0240385 0.0671053
0 0.694157 0.719408 0.0258876 0.0690789
0 0.615385 0.631908 0.0236686 0.0677632
0 0.669933 0.727632 0.0247781 0.0644737
0 0.799001 0.810197 0.0225592 0.0796053
0 0.489645 0.38125 0.0258876 0.0703947
0 0.644601 0.773355 0.0236686 0.0651316
0 0.435096 0.245724 0.0262574 0.0638158
0 0.6152 0.787171 0.026997 0.0598684
0 0.636095 0.795724 0.0236686 0.0664474
0 0.624075 0.810197 0.0255178 0.0585526
0 0.815274 0.779934 0.0255178 0.0730263
0 0.727811 0.564474 0.0207101 0.0815789
0 0.665126 0.638487 0.0262574 0.0638158
0 0.330806 0.0703947 0.026997 0.0644737
0 0.685281 0.809868 0.0266272 0.0605263
0 0.586908 0.735855 0.0251479 0.0743421
0 0.810836 0.735197 0.0196006 0.0782895
0 0.585059 0.556908 0.0207101 0.0690789
0 0.447485 0.277303 0.0266272 0.0572368
0 0.632027 0.632895 0.0273669 0.0684211
0 0.38517 0.181579 0.0277367 0.0526316
0 0.615385 0.74375 0.022929 0.0651316
0 0.764978 0.713158 0.0240385 0.0684211
0 0.811021 0.817434 0.0221893 0.0690789
0 0.71949 0.780592 0.0255178 0.0717105
0 0.514608 0.440461 0.0262574 0.0730263
0 0.313609 0.0555921 0.0281065 0.0611842
0 0.715422 0.564803 0.0232988 0.0743421
0 0.669564 0.691776 0.0240385 0.0611842
0 0.682877 0.648684 0.0262574 0.0763158
0 0.657175 0.743421 0.0251479 0.075
0 0.506102 0.357895 0.0247781 0.0671053
0 0.492419 0.303947 0.0277367 0.0592105
0 0.460984 0.290789 0.026997 0.0684211
0 0.305473 0.0338816 0.0258876 0.0625
0 0.710984 0.586513 0.0210799 0.0796053
0 0.573225 0.573355 0.0244083 0.0703947
0 0.46838 0.358553 0.026997 0.0631579
0 0.543824 0.691118 0.0247781 0.0717105
0 0.480584 0.373355 0.0262574 0.0717105
0 0.473188 0.282566 0.0277367 0.0677632
0 0.414571 0.209211 0.0251479 0.0776316
0 0.46875 0.328618 0.026997 0.0703947
0 0.538831 0.402961 0.0251479 0.0690789
0 0.4277 0.277961 0.0255178 0.0743421
0 0.623706 0.780263 0.0255178 0.0697368
0 0.727441 0.743421 0.0251479 0.0723684
0 0.763868 0.788158 0.0262574 0.0684211
0 0.452663 0.231908 0.0251479 0.0782895
0 0.463757 0.261184 0.0251479 0.0736842
0 0.79105 0.751645 0.0251479 0.0848684
0 0.643676 0.564803 0.026997 0.0743421
0 0.480954 0.336513 0.0284763 0.0611842
0 0.623151 0.623684 0.0281065 0.0671053
0 0.602996 0.803289 0.026997 0.0578947
0 0.777552 0.735197 0.0247781 0.0782895
0 0.619823 0.825 0.0273669 0.05
0 0.740015 0.653947 0.0273669 0.0723684
0 0.747781 0.691776 0.0273669 0.0625
0 0.480399 0.312171 0.0273669 0.0664474
0 0.555473 0.447697 0.0273669 0.0625
0 0.559911 0.536184 0.0273669 0.0684211
0 0.410133 0.255592 0.0281065 0.0782895
0 0.422522 0.254934 0.0284763 0.0743421
0 0.351701 0.122368 0.0281065 0.0618421
0 0.522929 0.447697 0.0273669 0.0585526
0 0.406065 0.202632 0.0258876 0.0776316
0 0.36372 0.14375 0.0284763 0.0690789
0 0.34338 0.107566 0.0262574 0.0756579
0 0.497596 0.350987 0.029216 0.0677632
0 0.627404 0.572368 0.0284763 0.0697368
0 0.393676 0.216447 0.026997 0.0723684
0 0.576553 0.54375 0.0266272 0.0822368
0 0.785688 0.706908 0.0262574 0.0677632
0 0.435836 0.291447 0.0277367 0.0736842
