0 0.303911 0.52563 0.0146199 0.0211075
0 0.0542763 0.626508 0.0168129 0.0227522
0 0.475969 0.521656 0.00456871 0.0109649
0 0.304642 0.525082 0.00877193 0.0435855
0 0.469207 0.719709 0.0067617 0.0282346
0 0.380117 0.646519 0.00292398 0.0167215
0 0.405976 0.573328 0.0140716 0.020011
0 0.448648 0.712034 0.0230263 0.00520833
0 0.365497 0.557292 0.0146199 0.0252193
0 0.409174 0.62267 0.00182749 0.0183662
0 0.321455 0.677632 0.00292398 0.0126096
0 0.369061 0.581414 0.0107822 0.0246711
0 0.313231 0.596217 0.00438596 0.0120614
0 0.467928 0.689556 0.00237573 0.0150768
0 0.458059 0.5429 0.0308845 0.0589364
0 0.405519 0.583196 0.0471491 0.0518092
0 0.393549 0.732319 0.0067617 0.0331689
0 0.457511 0.700795 0.0133406 0.0150768
0 0.334613 0.522204 0.00986842 0.0317982
0 0.382127 0.604715 0.0179094 0.00986842
0 0.389072 0.563322 0.00767544 0.0427632
0 0.50064 0.578399 0.00274123 0.0120614
0 0.337354 0.554413 0.0175439 0.00575658
0 0.378929 0.554962 0.0111477 0.0254934
0 0.505026 0.579359 0.00201023 0.0150768
0 0.322094 0.592928 0.00895468 0.0471491
0 0.457328 0.703262 0.00749269 0.0441338
0 0.357456 0.669271 0.0416667 0.0419408
0 0.415387 0.611568 0.0109649 0.00986842
0 0.422606 0.717516 0.00347222 0.017818
0 0.441612 0.686404 0.034905 0.0685307
0 0.021473 0.587993 0.00529971 0.033443
0 0.420687 0.728618 0.0171784 0.0186404
0 0.503838 0.654057 0.0138889 0.0148026
0 0.460618 0.736842 0.0462354 0.0126096
0 0.513615 0.658991 0.00347222 0.0153509
0 0.420322 0.82977 0.00255848 0.0115132
0 0.473501 0.51864 0.00767544 0.0367325
0 0.51928 0.661184 0.00237573 0.0202851
0 0.00575658 0.580729 0.00749269 0.011239
0 0.344572 0.625822 0.0158991 0.0131579
0 0.288651 0.615406 0.0063962 0.0526316
0 0.362664 0.562363 0.0466009 0.0402961
0 0.313048 0.60307 0.00182749 0.00986842
0 0.366228 0.493969 0.00584795 0.0444079
0 0.301901 0.685307 0.0109649 0.0235746
0 0.382675 0.633772 0.0142544 0.0285088
0 0.368512 0.546327 0.0111477 0.0126096
0 0.324744 0.511376 0.0149854 0.0145285
0 0.342928 0.584704 0.00785819 0.0361842
0 0.455227 0.642133 0.0113304 0.00794956
0 0.532255 0.648849 0.0100512 0.00219298
0 0.424433 0.674205 0.0407529 0.0331689
0 0.0118787 0.646245 0.0171784 0.0123355
0 0.414931 0.565378 0.00822368 0.0167215
0 0.427449 0.535225 0.0127924 0.0161732
0 0.0411184 0.585938 0.0127924 0.0287829
0 0.421692 0.721765 0.00383772 0.0279605
0 0.384046 0.542352 0.00274123 0.017818
0 0.48008 0.625548 0.00986842 0.00383772
0 0.0198282 0.59937 0.0389254 0.0276864
0 0.541941 0.605674 0.0067617 0.0205592
0 0.366776 0.573054 0.0157164 0.0243969
0 0.887975 0.0426261 0.0131579 0.0117873
0 0.352705 0.573328 0.0120614 0.0167215
0 0.865132 0.244655 0.0241228 0.0106908
0 0.0138889 0.585389 0.0277778 0.137884
0 0.00621345 0.57182 0.00877193 0.0120614
0 0.41886 0.604167 0.00840643 0.0148026
0 0.521564 0.578125 0.0168129 0.0263158
0 0.334704 0.69915 0.0239401 0.0276864
0 0.459795 0.737527 0.0475146 0.0688048
0 0.0237573 0.623355 0.0168129 0.0235746
0 0.00584795 0.573602 0.0116959 0.0167215
0 0.318439 0.70614 0.0345395 0.0219298
0 0.412098 0.703262 0.0387427 0.0836075
0 0.0056652 0.585663 0.00584795 0.0227522
0 0.350512 0.489995 0.063962 0.042489
0 0.409083 0.627741 0.00347222 0.0169956
0 0.471583 0.740269 0.00310673 0.0183662
0 0.341557 0.561129 0.000730994 0.0175439
0 0.299616 0.618421 0.0166301 0.0537281
0 0.354258 0.596902 0.0221126 0.0183662
0 0.487573 0.735883 0.00767544 0.0150768
0 0.512701 0.656798 0.0202851 0.00712719
0 0.0100512 0.586623 0.0201023 0.00986842
0 0.396656 0.603618 0.0104167 0.0137061
0 0.340643 0.638843 0.00475146 0.042489
0 0.444262 0.742188 0.0116959 0.0238487
0 0.0291484 0.551124 0.0104167 0.0233004
0 0.35837 0.595258 0.0226608 0.0304276
0 0.0159905 0.714912 0.0155336 0.00548246
0 0.39026 0.604304 0.0191886 0.0304276
0 0.488487 0.544545 0.0442251 0.0540022
0 0.473045 0.566201 0.0498904 0.0381031
0 0.462902 0.527686 0.00438596 0.0142544
0 0.461897 0.553728 0.0166301 0.0246711
0 0.00338085 0.641721 0.00383772 0.0202851
0 0.0103253 0.674753 0.0206506 0.0183662
0 0.347039 0.642681 0.00767544 0.0693531
0 0.374269 0.517818 0.0372807 0.0657895
0 0.389529 0.507264 0.0374634 0.0699013
0 0.281433 0.547012 0.0113304 0.00685307
0 0.866776 0.0238487 0.0197368 0.00986842
0 0.383406 0.547012 0.00328947 0.0150768
0 0.40625 0.563322 0.059576 0.0537281
0 0.356268 0.566886 0.00968567 0.0104167
0 0.438231 0.671053 0.00255848 0.0213816
0 0.31981 0.627604 0.0105994 0.0233004
0 0.0677083 0.626508 0.0239401 0.011239
0 0.317343 0.638158 0.00493421 0.0120614
0 0.479349 0.61938 0.0387427 0.0715461
0 0.261422 0.599918 0.0144371 0.0216557
0 0.340461 0.593339 0.0321637 0.0243969
0 0.308205 0.539062 0.0535453 0.0326206
0 0.859832 0.0127467 0.0157164 0.0123355
0 0.394006 0.729304 0.0208333 0.0463268
0 0.0689876 0.624726 0.0188231 0.0274123
0 0.348593 0.529879 0.00712719 0.0109649
0 0.451846 0.866639 0.0122442 0.00794956
0 0.00127924 0.57744 0.00255848 0.017818
0 0.357091 0.572917 0.0138889 0.0115132
0 0.0545504 0.609786 0.0403874 0.112116
0 0.0265899 0.631716 0.034905 0.146107
0 0.423794 0.618421 0.0413012 0.0701754
0 0.366319 0.641859 0.0191886 0.0315241
0 0.486842 0.559348 0.0153509 0.0145285
0 0.295048 0.530702 0.0210161 0.0296053
0 0.496985 0.745203 0.00749269 0.00246711
0 0.456323 0.51727 0.0230263 0.0197368
0 0.427632 0.663925 0.0131579 0.0169956
0 0.27394 0.653509 0.0222953 0.0235746
0 0.00667032 0.706414 0.0133406 0.00822368
0 0.47871 0.672697 0.0414839 0.0745614
0 0.308845 0.594298 0.0449561 0.0389254
0 0.510599 0.61102 0.0157164 0.0126096
0 0.418311 0.623355 0.0142544 0.0186404
0 0.3464 0.624041 0.0422149 0.0918311
0 0.307566 0.632812 0.0361842 0.0786732
0 0.379203 0.635554 0.0142544 0.0161732
0 0.274762 0.603207 0.0166301 0.0359101
0 0.510782 0.663651 0.0179094 0.0131579
0 0.345943 0.542489 0.0358187 0.0597588
0 0.461531 0.64926 0.036367 0.0677083
0 0.417124 0.715598 0.00529971 0.0183662
0 0.332511 0.555236 0.0126096 0.0150768
0 0.460435 0.667215 0.0330775 0.0263158
0 0.34576 0.566886 0.0168129 0.0153509
0 0.361111 0.688871 0.00986842 0.029057
0 0.458242 0.719298 0.0184576 0.0120614
0 0.53527 0.682429 0.0475146 0.0578399
0 0.306469 0.52426 0.0555556 0.0342654
0 0.0392909 0.633498 0.0416667 0.118421
0 0.477522 0.569353 0.0310673 0.0115132
0 0.416849 0.720532 0.00365497 0.0189145
0 0.77723 0.0211075 0.0168129 0.0317982
0 0.465552 0.517544 0.0118787 0.0104167
0 0.0298794 0.617188 0.0597588 0.0638706
0 0.35508 0.645422 0.00328947 0.0189145
0 0.434667 0.73602 0.0641447 0.0641447
0 0.344298 0.54153 0.0160819 0.0189145
0 0.4714 0.74438 0.00201023 0.0139803
0 0.441977 0.589227 0.0564693 0.0298794
0 0.320175 0.673794 0.0135234 0.0378289
0 0.462719 0.522478 0.00328947 0.0158991
0 0.270742 0.604304 0.0173611 0.0139803
0 0.0231177 0.586212 0.0148026 0.0550987
0 0.0130665 0.70148 0.0188231 0.029057
0 0.479898 0.743284 0.00840643 0.00191886
0 0.498812 0.682155 0.0188231 0.0326206
0 0.280976 0.554962 0.0144371 0.051261
0 0.478344 0.563871 0.0118787 0.0104167
0 0.0129751 0.717105 0.0259503 0.0449561
0 0.285545 0.656661 0.0191886 0.013432
0 0.405336 0.553591 0.00621345 0.015625
0 0.386056 0.724644 0.00712719 0.0172697
0 0.401224 0.725055 0.0060307 0.0460526
0 0.519189 0.610883 0.0113304 0.0457785
0 0.365497 0.553728 0.0201023 0.00986842
0 0.32246 0.564693 0.0542763 0.0301535
0 0.503746 0.57415 0.00383772 0.0337171
0 0.327942 0.603755 0.0345395 0.0841557
0 0.272113 0.574287 0.0222953 0.0323465
0 0.470852 0.723684 0.00310673 0.0180921
0 0.422971 0.543448 0.0137061 0.0139803
0 0.314327 0.666804 0.0127924 0.0211075
0 0.494243 0.643092 0.0206506 0.0137061
0 0.510417 0.847588 0.0113304 0.0361842
0 0.538469 0.643092 0.035636 0.0553728
0 0.00584795 0.714638 0.00548246 0.0126096
0 0.339547 0.702851 0.0372807 0.0899123
0 0.307383 0.612664 0.0464181 0.0422149
0 0.474141 0.572368 0.0188231 0.0246711
0 0.314602 0.672834 0.0184576 0.0205592
0 0.505757 0.725055 0.0111477 0.0148026
0 0.541393 0.657072 0.0158991 0.0350877
0 0.318988 0.701343 0.00895468 0.017818
0 0.456871 0.520696 0.0416667 0.0529057
0 0.462628 0.746299 0.0056652 0.0167215
0 0.453216 0.742599 0.0197368 0.029057
0 0.482913 0.690515 0.0173611 0.0317982
0 0.463359 0.712308 0.0067617 0.00630482
0 0.862208 0.243558 0.0230263 0.0211075
0 0.479806 0.749178 0.0199196 0.00712719
0 0.462262 0.740406 0.00749269 0.0191886
0 0.438231 0.330866 0.0168129 0.0246711
0 0.473958 0.555099 0.0115132 0.0438596
0 0.469846 0.561678 0.0120614 0.0367325
0 0.324561 0.684073 0.0222953 0.0276864
0 0.424342 0.673931 0.0164474 0.0233004
0 0.296327 0.685718 0.0162646 0.0260417
0 0.378655 0.518914 0.0186404 0.00986842
0 0.445267 0.757675 0.0381944 0.0131579
0 0.396382 0.621573 0.00438596 0.0172697
0 0.0236659 0.5858 0.035636 0.120614
0 0.0330775 0.630757 0.0135234 0.058114
0 0.468933 0.729167 0.0186404 0.0219298
0 0.417855 0.692297 0.0630482 0.0518092
0 0.504934 0.644737 0.0500731 0.0471491
0 0.5392 0.597451 0.0392909 0.0677083
0 0.503838 0.720121 0.0482456 0.0542763
0 0.457237 0.524808 0.0252193 0.011239
0 0.444719 0.560307 0.0374634 0.0619518
0 0.394737 0.647752 0.0208333 0.0285088
0 0.50064 0.694216 0.0696272 0.0452303
0 0.460709 0.531661 0.0208333 0.0161732
0 0.394828 0.689145 0.00785819 0.0482456
0 0.323648 0.517133 0.0190058 0.0227522
0 0.39629 0.726837 0.0506213 0.0501645
0 0.419042 0.610334 0.0135234 0.013432
0 0.44417 0.716831 0.026864 0.0219298
0 0.520011 0.583333 0.0528143 0.0630482
0 0.284265 0.607593 0.0067617 0.0348136
0 0.353344 0.588953 0.0487939 0.0353618
0 0.464821 0.655291 0.0308845 0.0183662
0 0.423702 0.668311 0.026133 0.0186404
0 0.437774 0.589501 0.0195541 0.0205592
0 0.369152 0.63665 0.0551901 0.0523575
0 0.459613 0.735334 0.00986842 0.0561952
0 0.445175 0.739035 0.0230263 0.0361842
0 0.487116 0.632538 0.035636 0.0183662
0 0.39492 0.661047 0.0402047 0.0139803
0 0.429459 0.832922 0.0105994 0.0205592
0 0.0288743 0.631305 0.00950292 0.060307
0 0.277869 0.652961 0.0590278 0.0493421
0 0.515808 0.617325 0.0506213 0.0542763
0 0.487756 0.739035 0.00328947 0.0202851
0 0.406067 0.550027 0.0109649 0.0128838
0 0.0330775 0.629112 0.0241228 0.0197368
0 0.0349963 0.640351 0.0652412 0.0663377
0 0.328582 0.51727 0.0489766 0.0504386
0 0.357091 0.642955 0.0124269 0.0243969
0 0.443531 0.595121 0.0328947 0.0224781
0 0.439053 0.55551 0.0060307 0.0337171
0 0.277412 0.565789 0.0592105 0.0345395
0 0.352705 0.544545 0.0409357 0.0320724
0 0.508315 0.58443 0.0122442 0.0219298
0 0.414931 0.571135 0.0155336 0.0227522
0 0.472131 0.53125 0.0272295 0.0274123
0 0.00612208 0.580729 0.0122442 0.0095943
0 0.423428 0.630208 0.0310673 0.0378289
0 0.396016 0.627193 0.00365497 0.0126096
0 0.410819 0.663514 0.0486111 0.0397478
0 0.355263 0.690927 0.0570175 0.0386513
0 0.51992 0.609923 0.0175439 0.026864
0 0.410545 0.692571 0.0067617 0.0375548
0 0.423337 0.610883 0.0122442 0.0381031
0 0.351243 0.687911 0.00402047 0.0194627
0 0.367964 0.524123 0.0162646 0.0115132
0 0.471765 0.748629 0.0188231 0.0301535
0 0.857456 0.0187774 0.0230263 0.00849781
0 0.44417 0.704496 0.0151681 0.0169956
0 0.340917 0.58676 0.0151681 0.0222039
0 0.0706323 0.620888 0.0805921 0.0762061
0 0.394737 0.704084 0.0456871 0.0666118
0 0.466648 0.747396 0.031981 0.0167215
0 0.465369 0.74301 0.025402 0.00904605
0 0.437409 0.699836 0.00749269 0.00767544
0 0.369883 0.557292 0.00694444 0.033443
0 0.423428 0.724918 0.0281433 0.0238487
0 0.338999 0.692845 0.057383 0.0523575
0 0.436312 0.704496 0.0360015 0.0115132
0 0.403417 0.721217 0.0224781 0.0263158
0 0.439876 0.743147 0.00475146 0.0257675
0 0.308936 0.70148 0.0060307 0.026864
0 0.287007 0.615269 0.0681652 0.0545504
0 0.418494 0.572231 0.0201023 0.0353618
0 0.419865 0.694353 0.0107822 0.00877193
0 0.39894 0.538651 0.0138889 0.0109649
0 0.289382 0.556058 0.0162646 0.0238487
0 0.447643 0.523849 0.0213816 0.0241228
0 0.51928 0.657072 0.0177266 0.0137061
0 0.00977705 0.708333 0.0060307 0.00877193
0 0.384229 0.729304 0.0169956 0.0227522
0 0.0405702 0.599232 0.0391082 0.0120614
0 0.335069 0.689008 0.00347222 0.0309759
0 0.407255 0.624589 0.00895468 0.0254934
0 0.479258 0.684622 0.00822368 0.0265899
0 0.465369 0.693531 0.0202851 0.0263158
0 0.474141 0.554413 0.0155336 0.0211075
0 0.394554 0.537829 0.0102339 0.0153509
0 0.479441 0.530976 0.0199196 0.0213816
0 0.348867 0.636239 0.00657895 0.0285088
0 0.029057 0.594161 0.058114 0.0561952
0 0.390077 0.617462 0.0378289 0.020011
0 0.0238487 0.550027 0.0476974 0.0545504
0 0.413834 0.543723 0.0502558 0.0600329
0 0.0579313 0.62733 0.0131579 0.015625
0 0.461806 0.729441 0.0179094 0.0120614
0 0.351791 0.542078 0.0127924 0.0550987
0 0.431652 0.55455 0.0336257 0.0224781
0 0.424982 0.717791 0.00895468 0.0128838
0 0.460344 0.569079 0.0328947 0.0202851
0 0.00484284 0.639666 0.0063962 0.011239
0 0.442343 0.755894 0.00822368 0.0167215
0 0.306012 0.532072 0.0232091 0.0120614
0 0.492873 0.746848 0.0120614 0.0353618
0 0.456049 0.563322 0.0140716 0.0202851
0 0.339821 0.688459 0.00493421 0.0298794
0 0.0648757 0.633361 0.0307018 0.0233004
0 0.00758406 0.668311 0.0151681 0.0148026
0 0.475238 0.519326 0.0169956 0.0161732
0 0.0060307 0.661458 0.00475146 0.0307018
0 0.498447 0.649671 0.0210161 0.0246711
0 0.469755 0.715461 0.00493421 0.00712719
0 0.443805 0.54852 0.00858918 0.0515351
0 0.364126 0.660362 0.00895468 0.0383772
0 0.406341 0.662829 0.00493421 0.0301535
0 0.312135 0.69545 0.0529971 0.0690789
0 0.506944 0.572917 0.00255848 0.0328947
0 0.39428 0.692297 0.0232091 0.020011
0 0.53591 0.649945 0.0140716 0.0202851
0 0.473227 0.719709 0.00201023 0.00904605
0 0.398209 0.704359 0.0325292 0.0194627
0 0.431378 0.54852 0.0250365 0.0148026
0 0.466923 0.686952 0.0190058 0.0137061
0 0.00420322 0.642544 0.00840643 0.0339912
0 0.477887 0.517681 0.00292398 0.0189145
0 0.520102 0.66324 0.0208333 0.00904605
0 0.414565 0.686266 0.00310673 0.0353618
0 0.283169 0.662144 0.027595 0.0326206
0 0.366594 0.668174 0.00694444 0.0309759
0 0.285088 0.61938 0.0339912 0.0254934
0 0.416393 0.662144 0.0060307 0.0233004
0 0.515077 0.850329 0.0104167 0.0246711
0 0.495157 0.563459 0.00529971 0.0276864
0 0.0408443 0.592654 0.033443 0.0202851
0 0.460526 0.661458 0.0193713 0.0142544
0 0.427906 0.542489 0.0235746 0.0208333
0 0.398118 0.541118 0.0221126 0.0208333
0 0.360654 0.580318 0.0169956 0.033443
0 0.318074 0.696683 0.0228436 0.0693531
0 0.469481 0.743421 0.0113304 0.0191886
0 0.0188231 0.594435 0.0190058 0.0265899
0 0.272478 0.568668 0.00475146 0.0320724
0 0.401499 0.575384 0.0138889 0.0279605
0 0.382493 0.647752 0.0292398 0.0158991
0 0.423611 0.61705 0.0233918 0.0230263
0 0.291027 0.553043 0.0221126 0.0474232
0 0.444627 0.709978 0.0171784 0.00932018
0 0.501279 0.724918 0.00694444 0.0123355
0 0.518183 0.581826 0.00712719 0.0386513
0 0.452851 0.712582 0.00146199 0.0276864
0 0.51398 0.582511 0.00858918 0.0350877
0 0.280976 0.656798 0.0166301 0.0197368
0 0.404423 0.50795 0.0237573 0.0153509
0 0.326663 0.595806 0.0129751 0.0243969
0 0.429459 0.729852 0.0226608 0.0249452
0 0.382219 0.642544 0.0140716 0.0153509
0 0.340095 0.55688 0.00840643 0.0381031
0 0.419225 0.825795 0.0116959 0.0145285
0 0.457145 0.730811 0.0111477 0.0235746
0 0.860928 0.0157621 0.0259503 0.011239
0 0.440881 0.675302 0.03125 0.0150768
0 0.296875 0.581277 0.0118787 0.0249452
0 0.391813 0.659128 0.0193713 0.0243969
0 0.49598 0.69778 0.0215643 0.0260417
0 0.427266 0.735883 0.00548246 0.0271382
0 0.31515 0.707237 0.00858918 0.0142544
0 0.445267 0.750274 0.00785819 0.0158991
0 0.356817 0.694079 0.0151681 0.0285088
0 0.306287 0.53125 0.0193713 0.0509868
0 0.368969 0.518092 0.0186404 0.0180921
0 0.395285 0.655016 0.0127924 0.0189145
0 0.377741 0.641859 0.0142544 0.0211075
0 0.34777 0.586623 0.00621345 0.0405702
0 0.387061 0.549753 0.0211988 0.0233004
0 0.51928 0.587308 0.0202851 0.0282346
0 0.47076 0.726562 0.00109649 0.0139803
0 0.385874 0.610883 0.0122442 0.0183662
0 0.31314 0.702166 0.00785819 0.0211075
0 0.396564 0.575795 0.00877193 0.0359101
0 0.355446 0.688322 0.00913743 0.0235746
0 0.0187317 0.551535 0.00968567 0.0158991
0 0.407164 0.556469 0.0222953 0.0180921
0 0.49068 0.73835 0.00182749 0.015625
0 0.487482 0.743421 0.00201023 0.0137061
0 0.502558 0.732182 0.0171784 0.0180921
0 0.39894 0.698465 0.00840643 0.026864
0 0.457785 0.735609 0.0190058 0.0194627
0 0.47341 0.525219 0.00383772 0.0175439
0 0.531067 0.657346 0.0120614 0.0202851
0 0.504934 0.58347 0.0109649 0.0331689
0 0.440789 0.66886 0.0182749 0.0202851
0 0.301535 0.613487 0.00584795 0.0274123
0 0.319901 0.641584 0.0206506 0.017818
0 0.410819 0.624863 0.0116959 0.0309759
0 0.37098 0.551809 0.0219298 0.0175439
0 0.0113304 0.714364 0.0135234 0.0109649
0 0.524031 0.620203 0.00858918 0.0194627
0 0.354167 0.650356 0.0175439 0.0243969
0 0.390716 0.653646 0.0124269 0.0233004
0 0.365588 0.63199 0.00529971 0.0265899
0 0.431743 0.730811 0.00383772 0.0339912
0 0.482639 0.685307 0.0109649 0.0197368
0 0.31981 0.634731 0.0157164 0.0233004
0 0.356177 0.494792 0.00840643 0.0296053
0 0.398666 0.623629 0.00932018 0.0186404
0 0.478527 0.631442 0.0173611 0.0145285
0 0.324379 0.67352 0.00767544 0.0317982
0 0.386696 0.543723 0.00804094 0.0293311
0 0.412189 0.668174 0.0133406 0.0260417
0 0.284631 0.614035 0.0202851 0.0257675
0 0.403235 0.732182 0.00968567 0.0219298
0 0.433205 0.703125 0.0177266 0.0158991
0 0.481634 0.550576 0.0221126 0.0189145
0 0.470303 0.691749 0.0243056 0.0145285
0 0.3983 0.73273 0.00895468 0.0224781
0 0.499635 0.568394 0.0182749 0.0227522
0 0.485015 0.549205 0.0102339 0.0282346
0 0.27723 0.569627 0.00986842 0.0208333
0 0.352705 0.587171 0.00877193 0.0263158
0 0.432566 0.662007 0.0175439 0.0197368
0 0.269189 0.612253 0.0182749 0.0315241
0 0.359923 0.49438 0.0107822 0.0293311
0 0.324105 0.677906 0.0166301 0.0202851
0 0.365954 0.637473 0.00822368 0.020011
0 0.392818 0.535773 0.0228436 0.0150768
0 0.473958 0.742599 0.0056652 0.0142544
0 0.344755 0.638706 0.0060307 0.0307018
0 0.483827 0.628975 0.0202851 0.0627741
0 0.474963 0.72574 0.00584795 0.0216557
0 0.477431 0.523849 0.00932018 0.0153509
0 0.475329 0.746985 0.00877193 0.0219298
0 0.494883 0.693942 0.00913743 0.0167215
0 0.465369 0.743558 0.0191886 0.0408443
0 0.530976 0.681469 0.0177266 0.026864
0 0.498904 0.562637 0.00438596 0.0315241
0 0.469938 0.688322 0.0107822 0.0219298
0 0.34439 0.557155 0.0060307 0.0282346
0 0.278509 0.574836 0.0160819 0.0285088
0 0.341192 0.668174 0.0146199 0.0359101
0 0.53189 0.607456 0.0126096 0.0257675
0 0.507584 0.580455 0.0063962 0.020011
0 0.344755 0.643914 0.0151681 0.0252193
0 0.335618 0.694764 0.00712719 0.0227522
0 0.431926 0.735471 0.0107822 0.0307018
0 0.514711 0.661732 0.0158991 0.0224781
0 0.429185 0.663103 0.0199196 0.033443
0 0.417946 0.830866 0.0193713 0.0158991
0 0.0605811 0.630345 0.0239401 0.0485197
0 0.394645 0.696272 0.0060307 0.0263158
0 0.373721 0.557018 0.00475146 0.0285088
0 0.411367 0.66324 0.00584795 0.0211075
0 0.306835 0.620066 0.0135234 0.0296053
0 0.53655 0.606497 0.00548246 0.0211075
0 0.464912 0.523712 0.0102339 0.0249452
0 0.419773 0.715461 0.0109649 0.0241228
0 0.315698 0.6017 0.00529971 0.0169956
0 0.0186404 0.593065 0.0270468 0.0600329
0 0.399671 0.62966 0.0219298 0.0257675
0 0.0233918 0.550713 0.0131579 0.0219298
0 0.537189 0.611157 0.0118787 0.0243969
0 0.28527 0.556332 0.00657895 0.0287829
0 0.393549 0.563734 0.0115132 0.0370066
0 0.370431 0.669545 0.0182749 0.0222039
0 0.42352 0.825795 0.0137061 0.020011
0 0.311038 0.60074 0.00255848 0.020011
0 0.440881 0.749589 0.0063962 0.0222039
0 0.328125 0.524808 0.0206506 0.020011
0 0.520742 0.623904 0.0166301 0.0246711
0 0.385782 0.493147 0.00804094 0.033443
0 0.37436 0.561952 0.0140716 0.026864
0 0.499178 0.692434 0.00712719 0.0224781
0 0.00593933 0.581277 0.0118787 0.0254934
0 0.340461 0.694353 0.0120614 0.0274123
0 0.281433 0.656113 0.0164474 0.0556469
0 0.457602 0.716146 0.0131579 0.0287829
0 0.0183662 0.555373 0.0213816 0.0345395
0 0.00776681 0.643914 0.0155336 0.0213816
0 0.503655 0.72574 0.0233918 0.0540022
0 0.350238 0.586212 0.0217471 0.0293311
0 0.369152 0.662418 0.00913743 0.0243969
0 0.415205 0.690104 0.0105994 0.0265899
0 0.342014 0.55551 0.0206506 0.0150768
0 0.440881 0.592242 0.0224781 0.0408443
0 0.519371 0.619106 0.00877193 0.0249452
0 0.0389254 0.593065 0.0204678 0.0622259
0 0.340826 0.6679 0.0281433 0.0463268
0 0.503198 0.579496 0.00420322 0.0175439
0 0.491502 0.74068 0.00383772 0.0202851
0 0.298977 0.5858 0.0255848 0.0416667
0 0.411276 0.511239 0.025402 0.0553728
0 0.457694 0.711486 0.00493421 0.0249452
0 0.355263 0.688322 0.0241228 0.0504386
0 0.270194 0.611568 0.0243056 0.0542763
0 0.399488 0.580592 0.0244883 0.0438596
0 0.320541 0.567708 0.0230263 0.0323465
0 0.517178 0.587445 0.0201023 0.0696272
0 0.461349 0.660773 0.0224781 0.0479715
0 0.331506 0.518092 0.0222953 0.0296053
0 0.35773 0.493832 0.026133 0.0233004
0 0.313231 0.701343 0.0222953 0.0435855
0 0.329404 0.593339 0.0264985 0.0435855
0 0.365406 0.581277 0.0221126 0.0545504
0 0.406067 0.553865 0.0226608 0.042489
0 0.513158 0.853481 0.0244883 0.0370066
0 0.422606 0.616776 0.0224781 0.0498904
0 0.00794956 0.668586 0.0158991 0.0427632
0 0.0107822 0.710663 0.0215643 0.0189145
0 0.43083 0.548794 0.0246711 0.0498904
0 0.459978 0.561266 0.0233918 0.0419408
0 0.406615 0.511513 0.0255848 0.0301535
0 0.44417 0.554962 0.0221126 0.0260417
0 0.482091 0.630894 0.0197368 0.0309759
0 0.0318896 0.637884 0.028326 0.0444079
0 0.276773 0.569353 0.0250365 0.0586623
0 0.531433 0.680921 0.0226608 0.0526316
0 0.284631 0.614035 0.0257675 0.0526316
0 0.443622 0.710663 0.0239401 0.0660636
0 0.360654 0.495203 0.0243056 0.0501645
0 0.373081 0.518229 0.0243056 0.0408443
0 0.45678 0.729989 0.0250365 0.0438596
0 0.472679 0.561952 0.026133 0.0389254
0 0.401499 0.73136 0.0226608 0.0712719
0 0.414839 0.543723 0.0274123 0.0375548
0 0.00941155 0.642407 0.0188231 0.0419408
0 0.0286001 0.61102 0.0250365 0.0411184
0 0.480811 0.684211 0.0263158 0.0515351
0 0.440515 0.668174 0.0257675 0.0463268
0 0.286184 0.5625 0.0219298 0.0400219
0 0.381396 0.642544 0.0233918 0.0476974
0 0.498629 0.560718 0.028326 0.0507127
0 0.473958 0.742599 0.0239401 0.0570175
0 0.410453 0.625411 0.0237573 0.0342654
0 0.306926 0.617736 0.0239401 0.0386513
0 0.48474 0.550576 0.0264985 0.0348136
0 0.345212 0.636787 0.0270468 0.0487939
0 0.452668 0.519463 0.0237573 0.0361842
0 0.385143 0.613076 0.0243056 0.0457785
0 0.349232 0.537144 0.0241228 0.0370066
0 0.411001 0.661321 0.0244883 0.0627741
0 0.356725 0.648575 0.0226608 0.0559211
0 0.39428 0.653646 0.0250365 0.0561952
0 0.370066 0.662829 0.0266813 0.0427632
0 0.536093 0.656798 0.0239401 0.0515351
0 0.392727 0.698876 0.0274123 0.0485197
0 0.502284 0.643777 0.0224781 0.0413925
0 0.319719 0.636513 0.0224781 0.0476974
0 0.4322 0.735883 0.0255848 0.0567434
0 0.385965 0.542626 0.0259503 0.0435855
0 0.322917 0.676124 0.0255848 0.0572917
0 0.431835 0.699973 0.0237573 0.0523575
0 0.315607 0.605537 0.0270468 0.033443
0 0.53591 0.60636 0.0246711 0.0471491
0 0.339364 0.694079 0.0270468 0.0515351
0 0.47341 0.722725 0.0246711 0.0507127
0 0.4767 0.525356 0.0257675 0.0485197
0 0.422332 0.831003 0.0244883 0.0342654
0 0.398392 0.630482 0.0263158 0.0498904
0 0.373812 0.562226 0.026864 0.0608553
0 0.514894 0.662555 0.025402 0.0378289
0 0.345212 0.562089 0.0248538 0.0337171
0 0.364492 0.632127 0.026864 0.0476974
0 0.0242142 0.550576 0.0228436 0.049068
0 0.419956 0.717654 0.0244883 0.0487939
0 0.499178 0.69449 0.026864 0.0567434
0 0.353527 0.592516 0.0250365 0.0583882
0 0.394463 0.561815 0.0257675 0.0534539
0 0.465095 0.524945 0.0259503 0.0378289
0 0.38496 0.493695 0.0279605 0.0405702
0 0.469115 0.688048 0.0266813 0.0608553
0 0.439236 0.748766 0.0250365 0.0534539
0 0.518092 0.618832 0.0274123 0.0419408
0 0.414656 0.692708 0.0274123 0.0460526
0 0.501736 0.580729 0.0272295 0.0496162
0 0.45678 0.711623 0.0286915 0.0575658
0 0.490863 0.742462 0.0263158 0.0567434
