0 0.817891 0.612664 0.0063962 0.0208333
0 0.841831 0.686266 0.0447734 0.0622259
0 0.820906 0.688871 0.00328947 0.0120614
0 0.565424 0.529605 0.0102339 0.0301535
0 0.288743 0.388158 0.0562866 0.0339912
0 0.815424 0.599232 0.0153509 0.00274123
0 0.604167 0.655428 0.0142544 0.0120614
0 0.346034 0.383772 0.00456871 0.0180921
0 0.450475 0.552769 0.00584795 0.0216557
0 0.323099 0.616913 0.00950292 0.0227522
0 0.313322 0.484512 0.0060307 0.0194627
0 0.231908 0.593065 0.0274123 0.00685307
0 0.362025 0.5858 0.0285088 0.0131579
0 0.888706 0.566886 0.00402047 0.0213816
0 0.295687 0.638569 0.00913743 0.0238487
0 0.421875 0.50233 0.00383772 0.0189145
0 0.887884 0.572094 0.00237573 0.0202851
0 0.222496 0.595532 0.0407529 0.0518092
0 0.594846 0.60636 0.0204678 0.0137061
0 0.383224 0.638843 0.0551901 0.0518092
0 0.146107 0.601014 0.0063962 0.0452303
0 0.557474 0.467791 0.0140716 0.0123355
0 0.362573 0.373629 0.0149854 0.00328947
0 0.26727 0.389666 0.00456871 0.0189145
0 0.220669 0.50932 0.0217471 0.0257675
0 0.574287 0.46176 0.0140716 0.015625
0 0.282895 0.541118 0.0105994 0.0197368
0 0.327851 0.641447 0.0149854 0.0158991
0 0.376736 0.365132 0.0528143 0.0339912
0 0.825841 0.546601 0.00255848 0.0191886
0 0.197643 0.473684 0.0166301 0.029057
0 0.363304 0.572231 0.00475146 0.0222039
0 0.400493 0.55318 0.0060307 0.0164474
0 0.571912 0.492325 0.0517178 0.0296053
0 0.184302 0.582374 0.0213816 0.0150768
0 0.2786 0.561815 0.0122442 0.017818
0 0.351791 0.604304 0.0102339 0.0435855
0 0.432474 0.474781 0.0140716 0.00712719
0 0.362299 0.378152 0.0462354 0.0457785
0 0.432018 0.624863 0.0201023 0.0095943
0 0.491959 0.489446 0.0193713 0.0128838
0 0.563231 0.47903 0.00292398 0.0139803
0 0.307749 0.636924 0.0533626 0.0589364
0 0.924342 0.657346 0.0230263 0.0246711
0 0.496528 0.459019 0.00255848 0.0161732
0 0.279057 0.530702 0.0190058 0.0109649
0 0.918951 0.610609 0.0619518 0.0589364
0 0.245431 0.606771 0.0431287 0.0611294
0 0.242873 0.642681 0.00986842 0.011239
0 0.48401 0.483964 0.00383772 0.0117873
0 0.82182 0.614583 0.00365497 0.0317982
0 0.529879 0.781798 0.0166301 0.035636
0 0.592379 0.569901 0.0140716 0.0137061
0 0.390899 0.626782 0.0135234 0.0249452
0 0.256944 0.483004 0.0434942 0.0564693
0 0.409174 0.485609 0.00365497 0.0189145
0 0.366594 0.603618 0.0391082 0.0274123
0 0.224507 0.592791 0.0151681 0.0265899
0 0.482822 0.373081 0.0102339 0.0235746
0 0.395651 0.383224 0.0500731 0.0285088
0 0.333425 0.611157 0.0129751 0.0194627
0 0.248264 0.565927 0.00785819 0.0183662
0 0.845303 0.547286 0.0466009 0.073739
0 0.408077 0.479304 0.0489766 0.0600329
0 0.416027 0.662007 0.00493421 0.0246711
0 0.26599 0.61705 0.0104167 0.0296053
0 0.358735 0.532346 0.0241228 0.0131579
0 0.363213 0.498766 0.00529971 0.020011
0 0.489309 0.520011 0.0506213 0.0652412
0 0.453308 0.374315 0.0191886 0.0315241
0 0.370523 0.580729 0.035636 0.0243969
0 0.601882 0.489446 0.0696272 0.0501645
0 0.468293 0.399945 0.0491594 0.0208333
0 0.304916 0.463268 0.0502558 0.03125
0 0.233644 0.639666 0.00529971 0.0106908
0 0.220486 0.638569 0.0487939 0.0370066
0 0.354349 0.388843 0.0138889 0.017818
0 0.965095 0.583196 0.0113304 0.0298794
0 0.362573 0.576754 0.00402047 0.0109649
0 0.940607 0.549616 0.0464181 0.0252193
0 0.931652 0.592928 0.0127924 0.0213816
0 0.314967 0.507675 0.0151681 0.00712719
0 0.814784 0.642818 0.0137061 0.0219298
0 0.475694 0.571409 0.00657895 0.0205592
0 0.871528 0.510143 0.00511696 0.0586623
0 0.81515 0.513843 0.0184576 0.0222039
0 0.479532 0.457374 0.0478801 0.0441338
0 0.595486 0.474095 0.00456871 0.0254934
0 0.596217 0.608553 0.0517178 0.0608553
0 0.494974 0.462171 0.0177266 0.0131579
0 0.585069 0.462034 0.0732822 0.0457785
0 0.814784 0.593476 0.0122442 0.00767544
0 0.561129 0.47574 0.00310673 0.0309759
0 0.379569 0.48506 0.00402047 0.015625
0 0.174708 0.615817 0.061038 0.0331689
0 0.437591 0.564693 0.0572003 0.0455044
0 0.23401 0.516584 0.00493421 0.0205592
0 0.442617 0.438871 0.00877193 0.0296053
0 0.432474 0.468202 0.0126096 0.0115132
0 0.49205 0.636787 0.00420322 0.0339912
0 0.550439 0.478207 0.00475146 0.020011
0 0.253564 0.599781 0.0184576 0.0235746
0 0.428271 0.544682 0.00968567 0.0164474
0 0.835892 0.529879 0.0233918 0.0405702
0 0.428454 0.391859 0.0513523 0.0364583
0 0.594755 0.655565 0.0180921 0.0101425
0 0.376919 0.472314 0.00932018 0.00986842
0 0.485015 0.6446 0.0102339 0.0167215
0 0.376553 0.493969 0.0202851 0.0202851
0 0.851334 0.692571 0.0063962 0.0413925
0 0.238213 0.468065 0.0166301 0.00630482
0 0.43686 0.557703 0.0228436 0.0128838
0 0.362756 0.528098 0.00255848 0.0128838
0 0.345395 0.444627 0.0482456 0.0712719
0 0.375914 0.540296 0.0445906 0.0597588
0 0.457511 0.587993 0.036367 0.0202851
0 0.434028 0.467379 0.00475146 0.0219298
0 0.410362 0.430099 0.0100512 0.0498904
0 0.553363 0.546738 0.0135234 0.0238487
0 0.885143 0.518914 0.0151681 0.033443
0 0.405336 0.437637 0.0113304 0.0452303
0 0.239309 0.36801 0.0524488 0.0457785
0 0.817526 0.674068 0.00822368 0.00712719
0 0.356086 0.639391 0.0513523 0.049068
0 0.5339 0.588953 0.0656067 0.0485197
0 0.968202 0.584293 0.0635965 0.0463268
0 0.517087 0.447643 0.00310673 0.0235746
0 0.836257 0.643092 0.0635965 0.0586623
0 0.219298 0.380345 0.00877193 0.0419408
0 0.935124 0.534814 0.0168129 0.0191886
0 0.261239 0.656387 0.0158991 0.0095943
0 0.299159 0.438596 0.0255848 0.029057
0 0.318165 0.515625 0.0621345 0.0422149
0 0.273575 0.394874 0.0328947 0.0117873
0 0.377193 0.613761 0.0486111 0.0339912
0 0.311678 0.507401 0.0063962 0.0279605
0 0.447094 0.474781 0.0063962 0.0411184
0 0.523026 0.504934 0.0215643 0.0350877
0 0.506122 0.59375 0.0447734 0.0378289
0 0.259868 0.365132 0.00986842 0.0131579
0 0.254477 0.44312 0.0575658 0.0348136
0 0.438322 0.535636 0.00456871 0.0235746
0 0.805647 0.69216 0.00858918 0.0285088
0 0.830318 0.647889 0.0411184 0.0287829
0 0.783534 0.672971 0.0155336 0.0197368
0 0.328399 0.578536 0.0222953 0.0249452
0 0.519645 0.775082 0.00932018 0.00849781
0 0.511605 0.488761 0.0484284 0.0400219
0 0.471034 0.633361 0.0063962 0.0189145
0 0.574561 0.553728 0.0431287 0.0208333
0 0.176809 0.609649 0.0118787 0.0213816
0 0.82045 0.572505 0.025402 0.0315241
0 0.597679 0.582785 0.0476974 0.0367325
0 0.562226 0.46875 0.00822368 0.0263158
0 0.833333 0.552083 0.00767544 0.00493421
0 0.149945 0.594709 0.0246711 0.0348136
0 0.871436 0.546601 0.0506213 0.0630482
0 0.41155 0.479304 0.0124269 0.0441338
0 0.502833 0.64364 0.0213816 0.0274123
0 0.247898 0.648438 0.0224781 0.011239
0 0.57849 0.550164 0.0232091 0.0142544
0 0.267178 0.524397 0.0153509 0.0241228
0 0.469572 0.501234 0.00822368 0.0298794
0 0.819079 0.686678 0.00475146 0.0339912
0 0.228893 0.385828 0.034174 0.0518092
0 0.826846 0.678865 0.00749269 0.0386513
0 0.894097 0.561266 0.0144371 0.0139803
0 0.459613 0.589364 0.0529971 0.0367325
0 0.202029 0.467105 0.0619518 0.0367325
0 0.921966 0.65063 0.0197368 0.0161732
0 0.264529 0.366091 0.0107822 0.0172697
0 0.308297 0.494518 0.0120614 0.0235746
0 0.423611 0.624589 0.0274123 0.0243969
0 0.276042 0.642818 0.0111477 0.0219298
0 0.448374 0.589912 0.0232091 0.0279605
0 0.779971 0.661595 0.0427632 0.0715461
0 0.394097 0.386924 0.0104167 0.0545504
0 0.274123 0.479715 0.0142544 0.0153509
0 0.927632 0.6483 0.0244883 0.0471491
0 0.822368 0.556058 0.0197368 0.0452303
0 0.403783 0.657484 0.0367325 0.0161732
0 0.299159 0.594161 0.0230263 0.0222039
0 0.262061 0.513843 0.056652 0.0452303
0 0.252558 0.387061 0.0182749 0.0120614
0 0.406798 0.459704 0.0109649 0.0148026
0 0.420504 0.5429 0.0175439 0.0117873
0 0.830318 0.635417 0.0140716 0.0301535
0 0.447094 0.507538 0.0531798 0.0616776
0 0.480629 0.366502 0.0127924 0.00657895
0 0.310033 0.574561 0.0202851 0.0197368
0 0.270285 0.38062 0.00730994 0.0128838
0 0.843567 0.554688 0.00840643 0.0413925
0 0.599324 0.499315 0.0199196 0.0271382
0 0.312226 0.565927 0.0400219 0.0594846
0 0.828673 0.68517 0.0140716 0.0402961
0 0.239766 0.593339 0.0160819 0.0128838
0 0.37701 0.373492 0.0197368 0.00794956
0 0.516996 0.563048 0.0793129 0.0498904
0 0.852979 0.537418 0.0422149 0.0271382
0 0.273849 0.57045 0.0206506 0.0186404
0 0.39364 0.454359 0.0361842 0.0742873
0 0.240771 0.470532 0.0455044 0.0501645
0 0.34174 0.61006 0.0168129 0.0227522
0 0.327211 0.466009 0.0107822 0.00822368
0 0.460983 0.629523 0.0173611 0.0271382
0 0.449287 0.497807 0.0206506 0.0202851
0 0.549799 0.516173 0.0352705 0.0367325
0 0.510599 0.491776 0.00840643 0.0455044
0 0.273757 0.386787 0.0317982 0.0148026
0 0.568531 0.527823 0.00804094 0.0233004
0 0.535819 0.506716 0.0135234 0.011239
0 0.296053 0.523712 0.0127924 0.0161732
0 0.349415 0.46176 0.0164474 0.0254934
0 0.569444 0.534265 0.0102339 0.0131579
0 0.466374 0.541255 0.0171784 0.0123355
0 0.323922 0.505345 0.0129751 0.0249452
0 0.465004 0.591146 0.0151681 0.044682
0 0.485746 0.46409 0.0175439 0.0164474
0 0.249086 0.536047 0.0153509 0.00794956
0 0.528235 0.511102 0.0148026 0.0298794
0 0.201937 0.49205 0.0182749 0.0378289
0 0.516996 0.76727 0.0157164 0.0104167
0 0.36239 0.615269 0.0215643 0.017818
0 0.324927 0.372533 0.00365497 0.0175439
0 0.385599 0.637473 0.00804094 0.0139803
0 0.492599 0.637473 0.0586623 0.0391996
0 0.760874 0.660499 0.0392909 0.0666118
0 0.299433 0.451206 0.0199196 0.0148026
0 0.260417 0.51864 0.00877193 0.0515351
0 0.96345 0.57744 0.0237573 0.0194627
0 0.525311 0.500548 0.0140716 0.0120614
0 0.323922 0.541118 0.0180921 0.0120614
0 0.523575 0.451617 0.0116959 0.020011
0 0.459978 0.594709 0.0237573 0.0194627
0 0.395285 0.379112 0.0153509 0.0153509
0 0.774214 0.672423 0.00858918 0.0285088
0 0.299982 0.491228 0.00493421 0.0213816
0 0.273757 0.378838 0.0365497 0.0202851
0 0.38231 0.587034 0.0317982 0.00849781
0 0.469024 0.583745 0.0118787 0.0205592
0 0.823099 0.515077 0.0497076 0.0274123
0 0.825292 0.583745 0.0402047 0.0671601
0 0.399214 0.495066 0.0250365 0.0180921
0 0.796784 0.690515 0.0508041 0.0635965
0 0.482273 0.371299 0.0109649 0.00466009
0 0.913743 0.496848 0.0105994 0.0435855
0 0.441612 0.439693 0.0487939 0.0389254
0 0.36705 0.479304 0.00383772 0.020011
0 0.935033 0.542626 0.0148026 0.0205592
0 0.798428 0.643914 0.00621345 0.00986842
0 0.912555 0.540707 0.0557383 0.0413925
0 0.785545 0.652686 0.0115132 0.0279605
0 0.209795 0.640762 0.0131579 0.0463268
0 0.211988 0.5196 0.0164474 0.015625
0 0.467105 0.388021 0.0116959 0.0117873
0 0.606451 0.658169 0.037098 0.064693
0 0.272844 0.637198 0.0146199 0.0123355
0 0.464912 0.398026 0.0168129 0.00657895
0 0.241594 0.645285 0.0149854 0.0158991
0 0.92352 0.643366 0.0575658 0.0372807
0 0.456963 0.378701 0.00822368 0.0474232
0 0.292855 0.444079 0.0447734 0.0509868
0 0.476334 0.367462 0.0166301 0.00794956
0 0.416758 0.659539 0.0151681 0.0263158
0 0.452029 0.367188 0.0177266 0.0106908
0 0.512244 0.448876 0.0168129 0.00849781
0 0.36239 0.574287 0.0127924 0.0142544
0 0.451754 0.510143 0.0109649 0.0317982
0 0.570175 0.550164 0.0146199 0.0175439
0 0.87235 0.508087 0.0425804 0.0704496
0 0.336257 0.650905 0.00548246 0.0172697
0 0.781798 0.657758 0.00292398 0.0216557
0 0.259686 0.618969 0.0497076 0.0476974
0 0.485654 0.650082 0.0166301 0.013432
0 0.255482 0.441338 0.0193713 0.0307018
0 0.173337 0.490543 0.0487939 0.0320724
0 0.290936 0.630482 0.00730994 0.0191886
0 0.515534 0.455592 0.0175439 0.0142544
0 0.220121 0.615543 0.0294225 0.0216557
0 0.786458 0.66557 0.0224781 0.0180921
0 0.587993 0.521656 0.0221126 0.0208333
0 0.426626 0.62034 0.0403874 0.0663377
0 0.223319 0.572231 0.0135234 0.0167215
0 0.613213 0.663514 0.0063962 0.00685307
0 0.356634 0.637473 0.0126096 0.0189145
0 0.55848 0.632538 0.0332602 0.0605811
0 0.482365 0.586486 0.0148026 0.0271382
0 0.356999 0.467654 0.0129751 0.0191886
0 0.428363 0.567297 0.0237573 0.0150768
0 0.85837 0.702988 0.0409357 0.0863487
0 0.322094 0.588405 0.0126096 0.0150768
0 0.799159 0.699836 0.0127924 0.0378289
0 0.512061 0.601425 0.0179094 0.0345395
0 0.296875 0.609923 0.0232091 0.0411184
0 0.935947 0.594024 0.0191886 0.0285088
0 0.552175 0.531524 0.0191886 0.0219298
0 0.460892 0.501782 0.0120614 0.0331689
0 0.826023 0.574287 0.0138889 0.0213816
0 0.273026 0.628838 0.0182749 0.0263158
0 0.208151 0.57182 0.0339912 0.0553728
0 0.298063 0.586212 0.00877193 0.0348136
0 0.828947 0.694216 0.0175439 0.017818
0 0.800347 0.692571 0.0224781 0.0189145
0 0.440698 0.437911 0.0199196 0.0101425
0 0.412372 0.430647 0.0129751 0.0148026
0 0.337262 0.623904 0.0202851 0.0263158
0 0.366959 0.475055 0.00913743 0.00822368
0 0.400493 0.382264 0.0122442 0.0381031
0 0.776955 0.64131 0.0144371 0.0298794
0 0.307749 0.644463 0.0230263 0.0115132
0 0.798702 0.65625 0.000913743 0.0186404
0 0.211806 0.99301 0.0190058 0.0117873
0 0.332694 0.507127 0.0184576 0.0169956
0 0.275037 0.331552 0.0529971 0.0364583
0 0.282712 0.655976 0.0237573 0.0175439
0 0.88231 0.537007 0.0131579 0.0104167
0 0.552814 0.630482 0.0201023 0.0164474
0 0.820724 0.545641 0.0157164 0.0205592
0 0.865771 0.709841 0.0137061 0.042489
0 0.541941 0.543311 0.0173611 0.0131579
0 0.267727 0.512747 0.00913743 0.0479715
0 0.928819 0.561404 0.0517178 0.0515351
0 0.848501 0.530428 0.0296053 0.0219298
0 0.797697 0.645833 0.0160819 0.0060307
0 0.450932 0.468202 0.0063962 0.0323465
0 0.457694 0.60074 0.0338085 0.042489
0 0.41621 0.554825 0.0210161 0.0197368
0 0.404057 0.650356 0.00950292 0.00575658
0 0.835983 0.505208 0.0257675 0.0213816
0 0.444719 0.438048 0.0173611 0.0213816
0 0.223319 0.601974 0.0160819 0.029057
0 0.462445 0.544408 0.0414839 0.0652412
0 0.310216 0.567297 0.0148026 0.0189145
0 0.343659 0.394326 0.0188231 0.0123355
0 0.478162 0.637884 0.00968567 0.0224781
0 0.820724 0.692708 0.00840643 0.026864
0 0.411915 0.477933 0.0131579 0.0139803
0 0.41027 0.470943 0.00877193 0.0126096
0 0.557018 0.538103 0.0270468 0.0235746
0 0.143732 0.602111 0.00749269 0.0205592
0 0.289656 0.449973 0.00986842 0.0381031
0 0.374269 0.547697 0.0182749 0.0252193
0 0.168951 0.510965 0.0206506 0.033443
0 0.274945 0.467516 0.0144371 0.0189145
0 0.829496 0.648026 0.00730994 0.0455044
0 0.30583 0.610471 0.0199196 0.0213816
0 0.91621 0.529331 0.0210161 0.0252193
0 0.183023 0.507538 0.0111477 0.011239
0 0.178088 0.488761 0.00749269 0.0180921
0 0.222862 0.637747 0.0063962 0.0359101
0 0.814784 0.509868 0.0257675 0.0416667
0 0.395468 0.524945 0.0383772 0.0345395
0 0.54788 0.515488 0.0179094 0.0117873
0 0.451937 0.371162 0.0135234 0.00712719
0 0.439419 0.449698 0.0228436 0.0139803
0 0.3072 0.607593 0.00730994 0.015625
0 0.268183 0.63062 0.00785819 0.020011
0 0.847679 0.549616 0.00493421 0.035636
0 0.939602 0.581414 0.0126096 0.0367325
0 0.827668 0.544134 0.00511696 0.0252193
0 0.211623 0.987802 0.0204678 0.00630482
0 0.907529 0.58347 0.00657895 0.0315241
0 0.441612 0.543037 0.0414839 0.0411184
0 0.786001 0.658717 0.00804094 0.00822368
0 0.307931 0.636376 0.0204678 0.0331689
0 0.381944 0.478207 0.00986842 0.0123355
0 0.218476 0.550576 0.0126096 0.0254934
0 0.405336 0.638295 0.0131579 0.0337171
0 0.973958 0.587993 0.0385599 0.0416667
0 0.840643 0.49767 0.0402047 0.0775768
0 0.303637 0.531798 0.0403874 0.0274123
0 0.57913 0.455455 0.0182749 0.00904605
0 0.55318 0.51028 0.0179094 0.0222039
0 0.821729 0.575521 0.00712719 0.0167215
0 0.176718 0.620888 0.0193713 0.0104167
0 0.254751 0.473958 0.0175439 0.0148026
0 0.197917 0.493695 0.00950292 0.0197368
0 0.407895 0.479441 0.0127924 0.00877193
0 0.21939 0.519052 0.0151681 0.0216557
0 0.594664 0.567434 0.00913743 0.0301535
0 0.60636 0.533032 0.0478801 0.0682566
0 0.864309 0.544682 0.00785819 0.0296053
0 0.815515 0.606634 0.0180921 0.00712719
0 0.823922 0.611294 0.0158991 0.0131579
0 0.145742 0.602659 0.0414839 0.0704496
0 0.311038 0.607593 0.0109649 0.0211075
0 0.34905 0.380208 0.0149854 0.0137061
0 0.392361 0.548931 0.0138889 0.015625
0 0.310764 0.492462 0.0151681 0.0117873
0 0.424616 0.535225 0.0126096 0.017818
0 0.591192 0.480811 0.00767544 0.0285088
0 0.270376 0.399671 0.0224781 0.0169956
0 0.344664 0.493421 0.0347222 0.0175439
0 0.819719 0.604167 0.03125 0.0296053
0 0.269463 0.640488 0.0264985 0.015625
0 0.30053 0.463268 0.00822368 0.0279605
0 0.315789 0.561129 0.0160819 0.0235746
0 0.829587 0.683799 0.037098 0.0912829
0 0.481999 0.508224 0.00456871 0.0323465
0 0.441246 0.653783 0.0224781 0.0158991
0 0.457145 0.58347 0.0180921 0.0183662
0 0.223958 0.610471 0.0107822 0.0208333
0 0.392361 0.449424 0.0193713 0.0128838
0 0.324927 0.658032 0.0127924 0.0106908
0 0.411641 0.597314 0.0224781 0.0169956
0 0.436404 0.542763 0.0211988 0.0115132
0 0.270376 0.507401 0.0264985 0.0378289
0 0.222131 0.543448 0.0158991 0.0282346
0 0.268823 0.562363 0.00913743 0.0205592
0 0.944993 0.588405 0.0142544 0.0167215
0 0.431835 0.372396 0.0171784 0.0117873
0 0.203765 0.507127 0.0204678 0.0137061
0 0.400768 0.65159 0.00730994 0.0498904
0 0.360928 0.38062 0.0138889 0.0463268
0 0.239675 0.586486 0.0162646 0.020011
0 0.2733 0.374041 0.0104167 0.0227522
0 0.35636 0.473821 0.0146199 0.0139803
0 0.453125 0.469298 0.0155336 0.0126096
0 0.518366 0.773163 0.0173611 0.0150768
0 0.868787 0.567434 0.0113304 0.0394737
0 0.327303 0.638021 0.0365497 0.0227522
0 0.864675 0.710115 0.0166301 0.0123355
0 0.496711 0.615954 0.0124269 0.066886
0 0.862847 0.671601 0.0572003 0.0745614
0 0.219572 0.643777 0.00712719 0.0189145
0 0.85371 0.624726 0.0542763 0.0729167
0 0.532164 0.586075 0.0135234 0.0230263
0 0.817617 0.514529 0.0160819 0.0115132
0 0.487025 0.387198 0.0105994 0.0194627
0 0.503198 0.477796 0.0184576 0.0279605
0 0.248264 0.5429 0.0104167 0.0320724
0 0.860471 0.700247 0.0118787 0.0337171
0 0.81981 0.597862 0.0153509 0.0126096
0 0.444536 0.376782 0.0184576 0.0211075
0 0.512884 0.556743 0.0177266 0.0115132
0 0.934942 0.588816 0.00950292 0.03125
0 0.515442 0.557292 0.0129751 0.0263158
0 0.84375 0.685992 0.0186404 0.0276864
0 0.202851 0.462582 0.0127924 0.0309759
0 0.414656 0.438871 0.0120614 0.0301535
0 0.440607 0.63994 0.0105994 0.0194627
0 0.511879 0.507401 0.00328947 0.026864
0 0.844755 0.667626 0.025402 0.015625
0 0.328673 0.475329 0.00347222 0.0257675
0 0.465095 0.501782 0.00986842 0.0408443
0 0.876736 0.559622 0.0104167 0.0435855
0 0.17224 0.488487 0.00383772 0.026864
0 0.174159 0.492462 0.00730994 0.0287829
0 0.249726 0.445724 0.0180921 0.00986842
0 0.840643 0.672012 0.0204678 0.0189145
0 0.503198 0.450795 0.0228436 0.0211075
0 0.480355 0.643503 0.0115132 0.0211075
0 0.251919 0.45148 0.0232091 0.0213816
0 0.485654 0.456826 0.00822368 0.0276864
0 0.390534 0.640625 0.0175439 0.0175439
0 0.822186 0.520148 0.0288743 0.0216557
0 0.890442 0.525356 0.0345395 0.0205592
0 0.822917 0.618421 0.0201023 0.0104167
0 0.851517 0.529742 0.0129751 0.0287829
0 0.598136 0.577029 0.0215643 0.0158991
0 0.85042 0.560855 0.0107822 0.0614035
0 0.503015 0.463679 0.0126096 0.0189145
0 0.296692 0.596628 0.00785819 0.0227522
0 0.577668 0.463268 0.00475146 0.0367325
0 0.49004 0.613213 0.00749269 0.0394737
0 0.807474 0.698602 0.00932018 0.0183662
0 0.481451 0.487939 0.00274123 0.0296053
0 0.369518 0.475329 0.00840643 0.0230263
0 0.293403 0.61102 0.0217471 0.0230263
0 0.917124 0.49534 0.0067617 0.00877193
0 0.373173 0.456552 0.0416667 0.0337171
0 0.371711 0.536184 0.0157164 0.0153509
0 0.597953 0.653509 0.0186404 0.0235746
0 0.19746 0.468065 0.00822368 0.0265899
0 0.428637 0.616639 0.0191886 0.0222039
0 0.323556 0.625685 0.0213816 0.020011
0 0.902047 0.491502 0.0190058 0.0307018
0 0.227887 0.504112 0.0299708 0.0197368
0 0.240771 0.467654 0.00785819 0.0400219
0 0.273575 0.379386 0.0197368 0.0148026
0 0.548246 0.509731 0.0197368 0.013432
0 0.3411 0.657072 0.0060307 0.00932018
0 0.326846 0.592791 0.0184576 0.0150768
0 0.485837 0.391996 0.0180921 0.0186404
0 0.199744 0.531524 0.0241228 0.0197368
0 0.344115 0.455044 0.0135234 0.0323465
0 0.413469 0.658032 0.00310673 0.0106908
0 0.411458 0.636513 0.0224781 0.0274123
0 0.344664 0.487527 0.0120614 0.0233004
0 0.288377 0.394737 0.0226608 0.00986842
0 0.315698 0.497259 0.00932018 0.0158991
0 0.499452 0.614172 0.0113304 0.0233004
0 0.828308 0.646107 0.0199196 0.0191886
0 0.573099 0.541667 0.0138889 0.0257675
0 0.257584 0.654194 0.0122442 0.0123355
0 0.92955 0.555373 0.0184576 0.0158991
0 0.286001 0.494518 0.00730994 0.0317982
0 0.286824 0.636924 0.0060307 0.0337171
0 0.418311 0.658032 0.0146199 0.0139803
0 0.854167 0.692708 0.0263158 0.0186404
0 0.353253 0.598273 0.0153509 0.0211075
0 0.428088 0.629523 0.0250365 0.0145285
0 0.300164 0.494106 0.0151681 0.017818
0 0.87034 0.499041 0.0206506 0.0172697
0 0.402869 0.468339 0.0202851 0.0150768
0 0.513615 0.487939 0.00493421 0.0361842
0 0.236477 0.636787 0.00730994 0.0224781
0 0.425987 0.399808 0.00840643 0.0435855
0 0.336806 0.603207 0.0179094 0.0172697
0 0.395011 0.509183 0.0158991 0.0249452
0 0.910819 0.581552 0.00694444 0.0413925
0 0.26133 0.648026 0.0146199 0.0296053
0 0.765351 0.660362 0.0201023 0.0219298
0 0.524671 0.506579 0.0149854 0.0202851
0 0.431926 0.378701 0.0199196 0.013432
0 0.369518 0.641173 0.00365497 0.0257675
0 0.45678 0.471628 0.0217471 0.0391996
0 0.420322 0.474781 0.0197368 0.0131579
0 0.435764 0.647067 0.0056652 0.0150768
0 0.845395 0.662281 0.00475146 0.0131579
0 0.222405 0.375137 0.00694444 0.015625
0 0.288012 0.561815 0.0138889 0.0249452
0 0.174251 0.582511 0.00785819 0.0246711
0 0.232548 0.644052 0.0158991 0.0326206
0 0.45742 0.450521 0.00986842 0.0342654
0 0.847131 0.625548 0.0144371 0.0296053
0 0.493238 0.569216 0.0179094 0.0238487
0 0.467197 0.452029 0.0151681 0.0235746
0 0.594115 0.473136 0.0149854 0.0230263
0 0.250548 0.579907 0.00986842 0.0386513
0 0.390168 0.52426 0.0211988 0.020011
0 0.294134 0.588679 0.00785819 0.0342654
0 0.408169 0.547971 0.0184576 0.0153509
0 0.37701 0.504386 0.0208333 0.0175439
0 0.565881 0.519874 0.0166301 0.0139803
0 0.890168 0.568394 0.0164474 0.0233004
0 0.555738 0.519874 0.0116959 0.049068
0 0.210069 0.480811 0.0206506 0.033443
0 0.537189 0.500137 0.0162646 0.0139803
0 0.925713 0.562089 0.0162646 0.0381031
0 0.378107 0.486568 0.00511696 0.0328947
0 0.820815 0.686129 0.0195541 0.03125
0 0.304185 0.525082 0.00822368 0.020011
0 0.753472 0.655702 0.0171784 0.0361842
0 0.58114 0.524808 0.00584795 0.0496162
0 0.590186 0.507264 0.0144371 0.0216557
0 0.32648 0.58676 0.0133406 0.013432
0 0.863944 0.686952 0.0133406 0.0422149
0 0.278783 0.48136 0.03125 0.0361842
0 0.348867 0.5233 0.00548246 0.0438596
0 0.568257 0.494929 0.00822368 0.0222039
0 0.881853 0.543174 0.0169956 0.0227522
0 0.878746 0.557018 0.0264985 0.0438596
0 0.878015 0.569079 0.0133406 0.0213816
0 0.761148 0.659265 0.00913743 0.0219298
0 0.496436 0.638432 0.0063962 0.0213816
0 0.265534 0.386376 0.0175439 0.0238487
0 0.456597 0.591968 0.0210161 0.0419408
0 0.306287 0.468476 0.0124269 0.0416667
0 0.897752 0.559485 0.0155336 0.0328947
0 0.215369 0.511924 0.00932018 0.0260417
0 0.593567 0.49301 0.00840643 0.0233004
0 0.26864 0.635828 0.0109649 0.00904605
0 0.587719 0.463405 0.00730994 0.0150768
0 0.821363 0.5821 0.0217471 0.0183662
0 0.352887 0.492599 0.0124269 0.0246711
0 0.499178 0.455455 0.00932018 0.0370066
0 0.438871 0.445724 0.0104167 0.0279605
0 0.27659 0.649397 0.00785819 0.0158991
0 0.390808 0.635554 0.0122442 0.0167215
0 0.502193 0.600877 0.0131579 0.0235746
0 0.560581 0.629112 0.0169956 0.0202851
0 0.363944 0.376508 0.00749269 0.0309759
0 0.819627 0.615817 0.0149854 0.020011
0 0.60307 0.658991 0.00365497 0.0257675
0 0.280885 0.64926 0.0164474 0.0211075
0 0.914839 0.539474 0.0197368 0.03125
0 0.264437 0.513843 0.00584795 0.0381031
0 0.826115 0.581963 0.035636 0.0252193
0 0.560033 0.4608 0.0158991 0.0175439
0 0.364492 0.598821 0.0177266 0.0375548
0 0.286367 0.485609 0.0160819 0.020011
0 0.82383 0.550576 0.00584795 0.0271382
0 0.227339 0.584978 0.0193713 0.0224781
0 0.511696 0.529605 0.0186404 0.0153509
0 0.561038 0.63432 0.0252193 0.0164474
0 0.38167 0.610471 0.0100512 0.0219298
0 0.497533 0.644326 0.0129751 0.0227522
0 0.315515 0.490269 0.0144371 0.0260417
0 0.250365 0.444216 0.0186404 0.0211075
0 0.391173 0.554825 0.0166301 0.0186404
0 0.840735 0.66324 0.00420322 0.0205592
0 0.373629 0.537692 0.0063962 0.0342654
0 0.462262 0.655702 0.032712 0.03125
0 0.807383 0.673246 0.00913743 0.0241228
0 0.498355 0.486568 0.0208333 0.03125
0 0.829221 0.541804 0.0133406 0.0402961
0 0.218841 0.608004 0.0137061 0.0230263
0 0.409722 0.636376 0.0186404 0.0655154
0 0.257675 0.378975 0.00694444 0.0194627
0 0.474232 0.566612 0.0157164 0.0224781
0 0.969572 0.5821 0.0155336 0.0194627
0 0.336806 0.656798 0.00657895 0.0120614
0 0.175256 0.618147 0.0226608 0.0301535
0 0.859375 0.685307 0.00932018 0.0383772
0 0.280702 0.332648 0.0164474 0.0194627
0 0.481999 0.456277 0.0063962 0.0370066
0 0.173611 0.506716 0.00804094 0.0337171
0 0.885965 0.573876 0.0193713 0.0265899
0 0.353253 0.637198 0.00621345 0.0260417
0 0.357822 0.644052 0.0138889 0.0161732
0 0.27659 0.333059 0.00822368 0.0126096
0 0.873995 0.506031 0.00749269 0.0252193
0 0.319627 0.520148 0.0116959 0.0238487
0 0.799982 0.660362 0.00420322 0.0191886
0 0.327942 0.500411 0.00785819 0.0265899
0 0.362025 0.500137 0.0102339 0.0260417
0 0.312957 0.480948 0.0133406 0.0222039
0 0.44015 0.646519 0.0140716 0.0172697
0 0.179459 0.511924 0.0142544 0.0254934
0 0.2733 0.384594 0.0188231 0.0389254
0 0.40625 0.586349 0.00840643 0.0279605
0 0.599689 0.61102 0.0067617 0.0158991
0 0.177997 0.507264 0.00840643 0.0183662
0 0.253198 0.575932 0.0063962 0.0137061
0 0.868421 0.675439 0.0215643 0.0345395
0 0.39492 0.450247 0.00804094 0.0441338
0 0.244152 0.596765 0.0109649 0.0317982
0 0.382401 0.374041 0.0228436 0.0249452
0 0.595852 0.487253 0.0243056 0.0194627
0 0.288925 0.393092 0.0237573 0.035636
0 0.832237 0.683936 0.0113304 0.0263158
0 0.346491 0.450795 0.0175439 0.0167215
0 0.365771 0.623081 0.0140716 0.0263158
0 0.822825 0.51165 0.0221126 0.0534539
0 0.831597 0.642818 0.00822368 0.0169956
0 0.547423 0.560444 0.00785819 0.0337171
0 0.435764 0.467242 0.0104167 0.0243969
0 0.396107 0.381579 0.00895468 0.0285088
0 0.510782 0.473684 0.0190058 0.035636
0 0.811678 0.666118 0.00274123 0.0257675
0 0.373538 0.451206 0.0116959 0.03125
0 0.248447 0.593065 0.0111477 0.0386513
0 0.460983 0.499178 0.0221126 0.0230263
0 0.356908 0.486431 0.00913743 0.0315241
0 0.51526 0.506853 0.0060307 0.0246711
0 0.603527 0.604167 0.00493421 0.0235746
0 0.360837 0.505482 0.0239401 0.0175439
0 0.261422 0.61938 0.0111477 0.0326206
0 0.50201 0.388569 0.0149854 0.0287829
0 0.565241 0.475329 0.00548246 0.0345395
0 0.290205 0.49438 0.00475146 0.0364583
0 0.51133 0.535773 0.0109649 0.0391996
0 0.827485 0.641447 0.00840643 0.0142544
0 0.348501 0.596765 0.0120614 0.0246711
0 0.453125 0.549342 0.0137061 0.0317982
0 0.290296 0.638158 0.00858918 0.0230263
0 0.906615 0.496162 0.00584795 0.0148026
0 0.286732 0.500822 0.0149854 0.035636
0 0.46674 0.628427 0.0109649 0.0216557
0 0.256853 0.475192 0.00712719 0.0413925
0 0.32776 0.636513 0.0217471 0.0389254
0 0.453216 0.388021 0.0226608 0.0172697
0 0.796692 0.642818 0.0158991 0.0224781
0 0.366045 0.481223 0.00767544 0.0249452
0 0.240497 0.504112 0.0135234 0.0416667
0 0.332694 0.475192 0.00347222 0.0233004
0 0.51663 0.511513 0.0135234 0.0323465
0 0.376645 0.369106 0.0105994 0.0260417
0 0.486202 0.481771 0.00420322 0.0342654
0 0.224141 0.642681 0.0166301 0.0243969
0 0.514529 0.631305 0.00858918 0.0263158
0 0.25265 0.543448 0.0228436 0.0298794
0 0.378015 0.584704 0.025402 0.0213816
0 0.486477 0.507127 0.00840643 0.0279605
0 0.554276 0.567297 0.0175439 0.0331689
0 0.369426 0.541941 0.0063962 0.0339912
0 0.572825 0.493558 0.00968567 0.0271382
0 0.81981 0.605537 0.0146199 0.0274123
0 0.803819 0.658717 0.00858918 0.0148026
0 0.4608 0.65063 0.0151681 0.0227522
0 0.478253 0.38199 0.00146199 0.0265899
0 0.366319 0.499589 0.0129751 0.0254934
0 0.341374 0.648849 0.00365497 0.0224781
0 0.42087 0.468887 0.0182749 0.015625
0 0.420687 0.505482 0.0164474 0.0241228
0 0.606451 0.530428 0.0115132 0.0405702
0 0.520559 0.636787 0.0257675 0.0246711
0 0.841648 0.667215 0.0104167 0.0219298
0 0.439876 0.379523 0.0164474 0.015625
0 0.855537 0.698876 0.0100512 0.0298794
0 0.33242 0.54153 0.0105994 0.0309759
0 0.47341 0.591146 0.0184576 0.0342654
0 0.486111 0.529605 0.0233918 0.026864
0 0.22807 0.381305 0.0146199 0.0153509
0 0.366137 0.573054 0.00968567 0.0315241
0 0.536093 0.540707 0.0162646 0.0260417
0 0.147752 0.606634 0.0122442 0.0328947
0 0.194079 0.526179 0.0102339 0.013432
0 0.31049 0.604989 0.0230263 0.0482456
0 0.344938 0.387473 0.0221126 0.0227522
0 0.377741 0.609923 0.00438596 0.0296053
0 0.299159 0.524808 0.00986842 0.0315241
0 0.375183 0.650082 0.00730994 0.0189145
0 0.489766 0.567571 0.00657895 0.0293311
0 0.21208 0.634046 0.00968567 0.0224781
0 0.497898 0.525768 0.00529971 0.0372807
0 0.408352 0.487664 0.0202851 0.0235746
0 0.26197 0.377741 0.0100512 0.0279605
0 0.586349 0.531524 0.0111477 0.026864
0 0.585709 0.505071 0.0120614 0.0309759
0 0.510143 0.563734 0.0104167 0.0320724
0 0.482639 0.381716 0.00475146 0.0309759
0 0.324561 0.374589 0.00877193 0.0364583
0 0.8697 0.547834 0.0171784 0.0331689
0 0.294773 0.606908 0.00840643 0.0208333
0 0.802175 0.693257 0.00456871 0.0202851
0 0.23538 0.517407 0.0168129 0.0194627
0 0.873355 0.561678 0.00621345 0.0345395
0 0.341009 0.485746 0.0138889 0.033443
0 0.327668 0.388295 0.00877193 0.0183662
0 0.198465 0.524945 0.0164474 0.0191886
0 0.389803 0.5858 0.0215643 0.0263158
0 0.561221 0.478481 0.0146199 0.0298794
0 0.437865 0.532072 0.0157164 0.0186404
0 0.461075 0.444079 0.00694444 0.0213816
0 0.24735 0.646519 0.0199196 0.0375548
0 0.277412 0.338542 0.0168129 0.0257675
0 0.400493 0.654194 0.00895468 0.017818
0 0.907895 0.589775 0.0131579 0.0287829
0 0.261513 0.624315 0.0211988 0.0282346
0 0.248355 0.580318 0.0208333 0.0235746
0 0.411732 0.587034 0.0186404 0.0320724
0 0.236477 0.644052 0.0142544 0.0145285
0 0.869335 0.541804 0.00657895 0.0402961
0 0.603893 0.608827 0.00895468 0.0175439
0 0.541118 0.456277 0.0215643 0.017818
0 0.474507 0.634457 0.0151681 0.0216557
0 0.198374 0.507264 0.0158991 0.0233004
0 0.395285 0.5858 0.0142544 0.0208333
0 0.456506 0.648849 0.00986842 0.0241228
0 0.175347 0.57511 0.0133406 0.0241228
0 0.598501 0.488213 0.00913743 0.0345395
0 0.17288 0.486842 0.0241228 0.0487939
0 0.299525 0.60636 0.0124269 0.0180921
0 0.433114 0.567297 0.0138889 0.0320724
0 0.487116 0.452166 0.026133 0.0348136
0 0.608004 0.658032 0.00548246 0.0216557
0 0.211349 0.576206 0.00968567 0.0257675
0 0.303088 0.469435 0.0217471 0.0243969
0 0.594115 0.478893 0.0226608 0.0186404
0 0.249635 0.574424 0.00548246 0.0227522
0 0.803088 0.653372 0.00274123 0.0167215
0 0.315058 0.520285 0.0120614 0.033443
0 0.328582 0.479852 0.00913743 0.0348136
0 0.240314 0.376508 0.0222953 0.0194627
0 0.2786 0.474781 0.0188231 0.0230263
0 0.212262 0.582648 0.0224781 0.0276864
0 0.609192 0.666255 0.0104167 0.0293311
0 0.602705 0.536321 0.0157164 0.0276864
0 0.325567 0.369106 0.0173611 0.0139803
0 0.208333 0.637336 0.00584795 0.0279605
0 0.314967 0.504386 0.0191886 0.0296053
0 0.55318 0.478207 0.0124269 0.0276864
0 0.369243 0.45011 0.0104167 0.0372807
0 0.515077 0.48739 0.0188231 0.035636
0 0.222953 0.550164 0.0222953 0.0460526
0 0.353436 0.642955 0.0135234 0.0254934
0 0.939327 0.542489 0.0215643 0.0350877
0 0.911915 0.495066 0.00511696 0.0175439
0 0.399214 0.648849 0.00456871 0.0202851
0 0.178637 0.574424 0.0056652 0.0282346
0 0.91292 0.579221 0.0228436 0.035636
0 0.303637 0.642407 0.0177266 0.0276864
0 0.848593 0.555784 0.0148026 0.0260417
0 0.32776 0.367188 0.00347222 0.0315241
0 0.294408 0.442982 0.00950292 0.0389254
0 0.370797 0.649123 0.00694444 0.0257675
0 0.58242 0.531113 0.0157164 0.0359101
0 0.332237 0.386924 0.0102339 0.0254934
0 0.828216 0.550439 0.00804094 0.0208333
0 0.824013 0.686129 0.00292398 0.0180921
0 0.56049 0.519737 0.0208333 0.0235746
0 0.498629 0.530428 0.0199196 0.0323465
0 0.453582 0.475466 0.0219298 0.0222039
0 0.778143 0.669956 0.0120614 0.0285088
0 0.302906 0.49205 0.0144371 0.0323465
0 0.785545 0.658443 0.0184576 0.0427632
0 0.827029 0.581826 0.0228436 0.0463268
0 0.362664 0.524945 0.0202851 0.0246711
0 0.353253 0.523849 0.00840643 0.0372807
0 0.968019 0.580318 0.0230263 0.0416667
0 0.258224 0.383498 0.0109649 0.0202851
0 0.537189 0.585389 0.0180921 0.0276864
0 0.207328 0.574287 0.00529971 0.0301535
0 0.323465 0.623766 0.0237573 0.0441338
0 0.812043 0.670916 0.00712719 0.0227522
0 0.378015 0.511513 0.00749269 0.03125
0 0.885691 0.54057 0.0217471 0.0350877
0 0.311221 0.624315 0.0241228 0.0402961
0 0.416849 0.655291 0.0215643 0.0452303
0 0.348867 0.385965 0.0113304 0.0383772
0 0.287189 0.49205 0.0257675 0.0202851
0 0.55318 0.537418 0.0244883 0.0441338
0 0.356725 0.585252 0.0215643 0.0389254
0 0.583516 0.467242 0.0164474 0.0309759
0 0.178819 0.579907 0.0151681 0.0309759
0 0.912829 0.499863 0.0153509 0.0243969
0 0.423428 0.468339 0.0215643 0.0315241
0 0.354349 0.529194 0.0190058 0.0348136
0 0.382493 0.511924 0.00804094 0.0320724
0 0.202942 0.469024 0.0213816 0.0449561
0 0.802906 0.697094 0.0129751 0.0252193
0 0.398666 0.382127 0.0224781 0.0274123
0 0.402595 0.555099 0.0230263 0.0400219
0 0.406159 0.473547 0.0210161 0.0348136
0 0.394645 0.553591 0.0177266 0.044682
0 0.486477 0.486979 0.0138889 0.0348136
0 0.31981 0.650493 0.0113304 0.0361842
0 0.824653 0.692023 0.00932018 0.017818
0 0.469115 0.392133 0.0208333 0.0271382
0 0.58242 0.462719 0.00328947 0.0339912
0 0.516082 0.536184 0.0219298 0.0449561
0 0.569444 0.49438 0.0226608 0.0227522
0 0.32913 0.473684 0.0186404 0.0158991
0 0.315333 0.566338 0.0195541 0.0455044
0 0.553271 0.561541 0.0257675 0.0534539
0 0.489675 0.391584 0.0224781 0.0293311
0 0.498447 0.638158 0.0246711 0.0537281
0 0.291027 0.561541 0.0180921 0.049068
0 0.443896 0.445038 0.0204678 0.0402961
0 0.451754 0.660362 0.0263158 0.0301535
0 0.224141 0.504249 0.0221126 0.0457785
0 0.873995 0.567434 0.0129751 0.0345395
0 0.481268 0.642681 0.0206506 0.0397478
0 0.177632 0.505345 0.0233918 0.0507127
0 0.377467 0.368558 0.0246711 0.0249452
0 0.819353 0.618969 0.0228436 0.035636
0 0.365497 0.624041 0.0244883 0.0397478
0 0.439967 0.386102 0.0224781 0.0238487
0 0.844207 0.531524 0.0235746 0.0487939
0 0.382219 0.486157 0.00822368 0.0364583
0 0.465186 0.505071 0.0217471 0.046875
0 0.294682 0.588268 0.0235746 0.0246711
0 0.494883 0.612527 0.0135234 0.0353618
0 0.32712 0.392681 0.0263158 0.0408443
0 0.32849 0.499452 0.0232091 0.0317982
0 0.394371 0.517544 0.0215643 0.0416667
0 0.265899 0.519874 0.0201023 0.0441338
0 0.256853 0.654742 0.0228436 0.0479715
0 0.539839 0.590049 0.0219298 0.0545504
0 0.32712 0.586075 0.0252193 0.0515351
0 0.491411 0.568394 0.0244883 0.0452303
0 0.436038 0.468202 0.0233918 0.0339912
0 0.856725 0.700521 0.0274123 0.044682
0 0.831689 0.679139 0.0197368 0.0627741
0 0.5286 0.499178 0.0199196 0.0328947
0 0.573648 0.548246 0.0208333 0.0383772
0 0.482548 0.462171 0.0243056 0.0350877
0 0.760965 0.660225 0.0186404 0.044682
0 0.86833 0.675302 0.026864 0.0688048
0 0.573648 0.493969 0.0237573 0.0493421
0 0.540662 0.499315 0.0228436 0.0337171
0 0.378198 0.612116 0.026133 0.0526316
0 0.50667 0.600329 0.0239401 0.0526316
0 0.277138 0.33676 0.0250365 0.0408443
0 0.240132 0.373355 0.0230263 0.0460526
0 0.28326 0.531661 0.0219298 0.0320724
0 0.394828 0.488213 0.0250365 0.0389254
0 0.89026 0.567708 0.0213816 0.0482456
0 0.427632 0.623629 0.0230263 0.0433114
0 0.223776 0.643092 0.0213816 0.0663377
0 0.226974 0.587308 0.0230263 0.0452303
0 0.199379 0.505482 0.0252193 0.0449561
0 0.474324 0.568394 0.0243056 0.0391996
0 0.56049 0.635691 0.0211988 0.0427632
0 0.240497 0.507127 0.0244883 0.0252193
0 0.852431 0.625685 0.0264985 0.0474232
0 0.519006 0.631716 0.0252193 0.0600329
0 0.5053 0.387061 0.0252193 0.0476974
0 0.218933 0.610197 0.0244883 0.0444079
0 0.919591 0.537692 0.0222953 0.0605811
0 0.91557 0.604852 0.0270468 0.0430373
0 0.199196 0.525219 0.0274123 0.0608553
0 0.411824 0.438459 0.0250365 0.0342654
0 0.315333 0.486705 0.0217471 0.0413925
0 0.236294 0.518366 0.0244883 0.0361842
0 0.448191 0.505345 0.0246711 0.0402961
0 0.26864 0.635143 0.0219298 0.0531798
0 0.393823 0.586486 0.0259503 0.044682
0 0.431561 0.40063 0.025402 0.0391996
0 0.48538 0.529468 0.0252193 0.0572917
0 0.389985 0.635828 0.0230263 0.0572917
0 0.215917 0.517681 0.0246711 0.0370066
0 0.332145 0.54386 0.0250365 0.0438596
0 0.840278 0.500137 0.0255848 0.0441338
0 0.411276 0.55551 0.0246711 0.0457785
0 0.562226 0.518777 0.026133 0.0496162
0 0.486933 0.506031 0.026864 0.0427632
0 0.889346 0.518229 0.025402 0.0501645
0 0.410727 0.592516 0.0246711 0.0589364
0 0.457694 0.649945 0.0246711 0.0592105
0 0.335069 0.654605 0.0221126 0.0564693
0 0.43549 0.492736 0.0248538 0.0348136
0 0.36504 0.580455 0.0250365 0.0435855
0 0.270102 0.568805 0.0241228 0.0323465
0 0.244152 0.51261 0.0274123 0.0487939
0 0.869792 0.506305 0.0235746 0.0471491
0 0.602705 0.536458 0.0237573 0.060307
0 0.585983 0.506853 0.0257675 0.0383772
0 0.365314 0.497807 0.0230263 0.0444079
0 0.357456 0.487664 0.0255848 0.0416667
0 0.515351 0.563734 0.0237573 0.0496162
0 0.144737 0.606771 0.0230263 0.0518092
0 0.327851 0.480674 0.0244883 0.0386513
0 0.465278 0.548794 0.0233918 0.0416667
0 0.440515 0.535636 0.0239401 0.033443
0 0.280976 0.648163 0.0239401 0.0413925
0 0.931835 0.561541 0.0222953 0.0298794
0 0.248629 0.598958 0.0250365 0.0444079
0 0.440424 0.647341 0.0226608 0.0463268
0 0.473684 0.636376 0.0244883 0.0507127
0 0.419042 0.505894 0.0255848 0.0523575
0 0.870249 0.54386 0.0255848 0.0542763
0 0.349781 0.451069 0.0244883 0.0408443
0 0.535545 0.542626 0.0239401 0.051261
0 0.605811 0.661184 0.0219298 0.0482456
0 0.515808 0.505894 0.0235746 0.0435855
0 0.316246 0.519326 0.025402 0.0518092
0 0.424159 0.543311 0.0248538 0.0328947
0 0.452942 0.548657 0.0246711 0.0402961
0 0.831049 0.642544 0.0246711 0.0509868
0 0.594024 0.575521 0.0246711 0.0402961
0 0.260965 0.624589 0.0241228 0.0567434
0 0.394645 0.45614 0.026864 0.0394737
0 0.241137 0.47574 0.0243056 0.0342654
0 0.373721 0.543311 0.0252193 0.0416667
0 0.840552 0.663651 0.0250365 0.0433114
0 0.461166 0.449013 0.026133 0.0405702
0 0.377193 0.581963 0.0255848 0.0498904
0 0.456323 0.387198 0.0274123 0.0337171
0 0.348227 0.598958 0.0250365 0.0471491
0 0.465095 0.63062 0.0237573 0.0518092
0 0.291118 0.5 0.0255848 0.0504386
0 0.365588 0.523849 0.025402 0.0444079
0 0.498904 0.462034 0.0259503 0.0359101
0 0.256853 0.481223 0.0246711 0.0353618
0 0.269463 0.394326 0.0239401 0.0364583
0 0.369883 0.45011 0.0248538 0.0367325
0 0.368512 0.648026 0.0257675 0.0498904
0 0.290479 0.636513 0.0235746 0.0444079
0 0.940333 0.58813 0.0246711 0.0496162
0 0.519371 0.450658 0.0259503 0.0317982
0 0.335983 0.611979 0.026133 0.042489
0 0.300256 0.52426 0.0219298 0.0397478
0 0.398209 0.648575 0.0241228 0.0553728
0 0.602431 0.611294 0.0243056 0.0559211
0 0.906798 0.587034 0.0255848 0.0529057
0 0.544865 0.456552 0.0264985 0.0342654
0 0.340552 0.487939 0.025402 0.0476974
0 0.248355 0.574424 0.0248538 0.0523575
0 0.364401 0.381853 0.0277778 0.0317982
0 0.435764 0.567982 0.025402 0.0455044
0 0.848227 0.556058 0.026133 0.0578399
0 0.30254 0.643366 0.0272295 0.0597588
0 0.482365 0.380757 0.0243056 0.0372807
0 0.598776 0.487802 0.026864 0.0413925
0 0.802449 0.700521 0.0274123 0.0507127
0 0.498812 0.531387 0.0272295 0.0622259
0 0.222679 0.381168 0.0250365 0.0342654
0 0.293677 0.593202 0.0270468 0.0498904
0 0.411458 0.486842 0.0257675 0.0405702
0 0.565424 0.480811 0.0263158 0.0460526
0 0.828673 0.549753 0.0239401 0.0518092
0 0.294225 0.450521 0.0259503 0.0375548
0 0.802723 0.657072 0.0264985 0.0493421
0 0.352431 0.642407 0.0246711 0.0529057
0 0.207511 0.574973 0.0243056 0.0342654
0 0.581689 0.531113 0.0259503 0.0529057
0 0.320724 0.649123 0.0277778 0.0433114
0 0.236385 0.642544 0.0246711 0.0559211
0 0.55254 0.481086 0.025402 0.0444079
0 0.303728 0.492736 0.0237573 0.0457785
0 0.352339 0.530291 0.0285088 0.0556469
0 0.776499 0.674342 0.0244883 0.0466009
0 0.256305 0.386787 0.0264985 0.0466009
0 0.811129 0.674616 0.026864 0.0559211
0 0.369792 0.480537 0.025402 0.035636
0 0.381762 0.512336 0.0285088 0.0460526
0 0.348776 0.387884 0.0279605 0.0449561
0 0.328125 0.375274 0.026133 0.0372807
0 0.177449 0.580044 0.0259503 0.0466009
0 0.911276 0.492736 0.0228436 0.0452303
0 0.207237 0.636376 0.0263158 0.0583882
0 0.382219 0.486842 0.0279605 0.0394737
0 0.486568 0.486842 0.0272295 0.0548246
0 0.494609 0.612939 0.0279605 0.0553728
0 0.873538 0.568394 0.0281433 0.0529057
0 0.823191 0.693668 0.028326 0.0578399
0 0.582237 0.462308 0.0263158 0.0441338
