0 0.3595 0.385833 0.0085 0.0176667
0 0.692875 0.747167 0.04275 0.0443333
0 0.3585 0.632167 0.0245 0.025
0 0.32375 0.398167 0.0075 0.039
0 0.3745 0.545833 0.035 0.025
0 0.62425 0.718 0.019 0.0306667
0 0.522375 0.421833 0.00975 0.0363333
0 0.414125 0.441 0.01175 0.0573333
0 0.55325 0.605833 0.05 0.055
0 0.426375 0.590333 0.03575 0.0246667
0 0.5025 0.39 0.0065 0.0366667
0 0.466 0.455333 0.056 0.052
0 0.664 0.577 0.005 0.024
0 0.48975 0.449667 0.043 0.0166667
0 0.743375 0.541667 0.00675 0.0353333
0 0.3585 0.371167 0.0115 0.0376667
0 0.423125 0.7185 0.01475 0.0463333
0 0.46925 0.475667 0.024 0.00866667
0 0.625125 0.679 0.03075 0.036
0 0.684625 0.407333 0.00825 0.0386667
0 0.489875 0.588 0.05625 0.0806667
0 0.381 0.5155 0.017 0.0216667
0 0.491125 0.327167 0.08225 0.043
0 0.3385 0.504 0.0155 0.0246667
0 0.420875 0.462167 0.01775 0.025
0 0.538375 0.602333 0.00175 0.02
0 0.631375 0.681667 0.01775 0.008
0 0.31975 0.403833 0.009 0.033
0 0.975875 0.129333 0.01575 0.0493333
0 0.373125 0.560833 0.04125 0.0683333
0 0.38425 0.402667 0.004 0.012
0 0.34025 0.396833 0.0445 0.0923333
0 0.727 0.555167 0.028 0.0196667
0 0.46325 0.464167 0.0075 0.0103333
0 0.393625 0.600167 0.02925 0.0283333
0 0.747625 0.538 0.02725 0.02
0 0.660875 0.61 0.02325 0.0173333
0 0.443375 0.736333 0.04625 0.0546667
0 0.472125 0.723167 0.01225 0.0343333
0 0.372375 0.541167 0.00475 0.0336667
0 0.398875 0.532667 0.02425 0.0226667
0 0.4885 0.4805 0.0435 0.0296667
0 0.42175 0.415 0.0445 0.0586667
0 0.691875 0.546833 0.04775 0.0623333
0 0.743625 0.5685 0.01125 0.0323333
0 0.501875 0.4975 0.06375 0.0483333
0 0.457375 0.503667 0.04125 0.024
0 0.5855 0.591833 0.01 0.0343333
0 0.77025 0.532667 0.024 0.006
0 0.34325 0.437167 0.0425 0.0243333
0 0.43525 0.4145 0.014 0.0196667
0 0.488875 0.4495 0.04425 0.0796667
0 0.435625 0.441667 0.00575 0.0413333
0 0.56775 0.458333 0.013 0.0273333
0 0.329 0.405 0.0195 0.0113333
0 0.3255 0.408333 0.01 0.042
0 0.34275 0.767333 0.038 0.042
0 0.535 0.653 0.058 0.068
0 0.51475 0.562667 0.028 0.0166667
0 0.426875 0.525 0.03825 0.03
0 0.64825 0.395167 0.0055 0.017
0 0.604 0.681667 0.039 0.082
0 0.356625 0.743 0.03875 0.0606667
0 0.723875 0.531333 0.01375 0.026
0 0.573 0.590833 0.0055 0.0496667
0 0.439125 0.454833 0.03975 0.0623333
0 0.405125 0.652 0.00775 0.0206667
0 0.292875 0.5545 0.00975 0.0256667
0 0.6135 0.628167 0.056 0.0463333
0 0.50575 0.608 0.0135 0.0213333
0 0.49275 0.4935 0.005 0.0343333
0 0.680375 0.734333 0.02075 0.0373333
0 0.68325 0.391167 0.082 0.0403333
0 0.3975 0.6535 0.0055 0.0356667
0 0.62375 0.590667 0.038 0.068
0 0.47575 0.369833 0.003 0.0116667
0 0.60675 0.434667 0.041 0.058
0 0.67 0.717833 0.028 0.021
0 0.44525 0.610833 0.0105 0.009
0 0.471625 0.383667 0.01875 0.0106667
0 0.658625 0.394833 0.00625 0.00966667
0 0.593125 0.367833 0.05975 0.0516667
0 0.590875 0.407667 0.04225 0.0493333
0 0.585125 0.7195 0.00725 0.031
0 0.54475 0.47 0.0205 0.0426667
0 0.38825 0.431667 0.004 0.054
0 0.429375 0.401833 0.00275 0.0116667
0 0.422625 0.611 0.04375 0.0613333
0 0.29825 0.5485 0.024 0.0116667
0 0.363375 0.492667 0.01475 0.0153333
0 0.292875 0.5675 0.03675 0.0196667
0 0.54275 0.6595 0.0275 0.0236667
0 0.635375 0.565667 0.02325 0.0246667
0 0.30775 0.6575 0.0395 0.035
0 0.67675 0.566167 0.01 0.0476667
0 0.40775 0.583667 0.007 0.0513333
0 0.641 0.6915 0.0365 0.0736667
0 0.428125 0.373333 0.05125 0.0506667
0 0.668875 0.594 0.02225 0.02
0 0.5295 0.397667 0.005 0.0146667
0 0.377375 0.736667 0.01925 0.0246667
0 0.51175 0.624333 0.049 0.074
0 0.379375 0.431833 0.06175 0.0576667
0 0.538875 0.606333 0.00175 0.0253333
0 0.830375 0.566333 0.00275 0.0246667
0 0.5935 0.359167 0.0165 0.0216667
0 0.444375 0.397667 0.02325 0.0406667
0 0.557625 0.489167 0.03325 0.0856667
0 0.80125 0.586833 0.071 0.0556667
0 0.500625 0.338167 0.02375 0.0276667
0 0.37625 0.375 0.018 0.034
0 0.581625 0.678333 0.02025 0.032
0 0.64475 0.394167 0.055 0.0476667
0 0.418 0.724333 0.0045 0.024
0 0.372375 0.5485 0.00525 0.0123333
0 0.6075 0.665833 0.0205 0.0163333
0 0.639375 0.459833 0.01775 0.0123333
0 0.48775 0.6125 0.0105 0.0416667
0 0.522375 0.5785 0.00275 0.0396667
0 0.368125 0.543167 0.00575 0.033
0 0.694625 0.575333 0.01675 0.008
0 0.546875 0.701167 0.01375 0.0183333
0 0.529125 0.402833 0.00375 0.0116667
0 0.451125 0.4115 0.02425 0.0143333
0 0.472375 0.547667 0.00475 0.04
0 0.809375 0.572667 0.02475 0.00533333
0 0.59375 0.549167 0.0235 0.013
0 0.38125 0.608667 0.039 0.052
0 0.6615 0.399333 0.01 0.0413333
0 0.369375 0.404667 0.02375 0.018
0 0.738625 0.5615 0.00525 0.041
0 0.513125 0.575333 0.01525 0.0346667
0 0.619125 0.550833 0.06025 0.0696667
0 0.31775 0.410333 0.0195 0.0193333
0 0.478625 0.559333 0.03925 0.0953333
0 0.291125 0.547 0.02975 0.0213333
0 0.573625 0.7 0.01125 0.02
0 0.377625 0.3705 0.00725 0.0356667
0 0.504875 0.4395 0.05275 0.0603333
0 0.409125 0.468333 0.02625 0.036
0 0.835125 0.569667 0.06525 0.0393333
0 0.553 0.481667 0.013 0.0386667
0 0.456875 0.484833 0.02275 0.027
0 0.6345 0.688167 0.0205 0.0136667
0 0.51125 0.476333 0.0075 0.034
0 0.2915 0.649667 0.0425 0.0573333
0 0.6525 0.556667 0.029 0.0246667
0 0.49825 0.738833 0.0165 0.0203333
0 0.625125 0.724 0.04425 0.07
0 0.50425 0.7245 0.011 0.0483333
0 0.49675 0.492667 0.007 0.0393333
0 0.750625 0.547833 0.02025 0.0256667
0 0.4975 0.585333 0.0055 0.0466667
0 0.417625 0.733167 0.02375 0.0203333
0 0.46475 0.469833 0.018 0.0236667
0 0.73025 0.562667 0.008 0.016
0 0.660875 0.555333 0.00675 0.038
0 0.6535 0.564667 0.0105 0.0106667
0 0.4785 0.603667 0.0265 0.0133333
0 0.2895 0.502833 0.009 0.0376667
0 0.688875 0.549667 0.02675 0.012
0 0.427875 0.626 0.02325 0.0273333
0 0.385125 0.422333 0.00675 0.0253333
0 0.641 0.465167 0.015 0.025
0 0.364625 0.363833 0.01875 0.0163333
0 0.525125 0.366 0.01625 0.014
0 0.372875 0.476167 0.01375 0.0316667
0 0.42775 0.459167 0.0105 0.035
0 0.441 0.439333 0.02 0.018
0 0.366875 0.3965 0.00475 0.00833333
0 0.541375 0.722667 0.04375 0.0586667
0 0.62875 0.4055 0.0105 0.009
0 0.362625 0.6535 0.04525 0.061
0 0.484625 0.390333 0.01275 0.0313333
0 0.44325 0.432333 0.006 0.018
0 0.559125 0.422167 0.00925 0.0156667
0 0.7785 0.563 0.054 0.066
0 0.582125 0.565667 0.01175 0.02
0 0.544875 0.434167 0.00675 0.0403333
0 0.589 0.420833 0.0165 0.0183333
0 0.599375 0.554167 0.00525 0.00766667
0 0.556 0.608667 0.0225 0.016
0 0.561125 0.411333 0.04775 0.0506667
0 0.404375 0.374833 0.00975 0.0383333
0 0.38 0.411 0.025 0.024
0 0.48575 0.436167 0.006 0.0523333
0 0.3615 0.543667 0.061 0.0473333
0 0.331375 0.612833 0.01025 0.0463333
0 0.5475 0.739167 0.0165 0.0156667
0 0.768875 0.713167 0.01725 0.017
0 0.5865 0.438 0.058 0.056
0 0.43725 0.543 0.0115 0.0346667
0 0.605375 0.703833 0.03075 0.0243333
0 0.703875 0.5675 0.02425 0.0103333
0 0.43825 0.405667 0.018 0.02
0 0.326875 0.492833 0.00725 0.0276667
0 0.713375 0.568 0.01125 0.0166667
0 0.67725 0.4065 0.0555 0.0356667
0 0.658125 0.590833 0.03625 0.0776667
0 0.32525 0.494 0.0175 0.014
0 0.70575 0.564167 0.0065 0.0256667
0 0.494625 0.3265 0.01275 0.029
0 0.625 0.403167 0.0385 0.061
0 0.36425 0.653167 0.005 0.0123333
0 0.5895 0.554667 0.004 0.0266667
0 0.641375 0.588333 0.03625 0.0766667
0 0.696625 0.5615 0.01975 0.00966667
0 0.401125 0.744 0.00725 0.03
0 0.5485 0.477833 0.061 0.0456667
0 0.6635 0.548 0.0505 0.0753333
0 0.489375 0.625667 0.02475 0.02
0 0.495125 0.372167 0.00575 0.0123333
0 0.61825 0.6275 0.0045 0.0343333
0 0.642625 0.458167 0.00825 0.00633333
0 0.3645 0.526167 0.0545 0.0456667
0 0.634875 0.728833 0.00875 0.0236667
0 0.373625 0.394 0.01675 0.0133333
0 0.488 0.741333 0.037 0.0726667
0 0.446625 0.5365 0.01075 0.0436667
0 0.49475 0.397167 0.013 0.0356667
0 0.607375 0.390167 0.06175 0.0296667
0 0.403 0.502167 0.0545 0.0743333
0 0.487875 0.3325 0.01925 0.0283333
0 0.45525 0.487667 0.0475 0.0786667
0 0.71325 0.573333 0.0085 0.014
0 0.397375 0.388167 0.01725 0.0216667
0 0.377 0.486667 0.0245 0.0206667
0 0.7145 0.525167 0.018 0.039
0 0.3995 0.748833 0.0045 0.033
0 0.40175 0.594833 0.008 0.0296667
0 0.457625 0.339667 0.00875 0.0206667
0 0.3435 0.648667 0.006 0.0246667
0 0.55225 0.876667 0.021 0.0146667
0 0.28 0.590167 0.0515 0.049
0 0.38075 0.652333 0.0105 0.0286667
0 0.329625 0.6255 0.00925 0.043
0 0.386625 0.375833 0.02775 0.0276667
0 0.477 0.6085 0.0345 0.0723333
0 0.823875 0.550667 0.01825 0.00733333
0 0.518 0.585667 0.004 0.0313333
0 0.38475 0.653 0.015 0.0146667
0 0.511625 0.370667 0.06025 0.0566667
0 0.41375 0.504667 0.018 0.0153333
0 0.591875 0.445 0.00775 0.022
0 0.4225 0.724333 0.034 0.07
0 0.4555 0.598667 0.005 0.024
0 0.3025 0.555667 0.0095 0.0286667
0 0.60225 0.6575 0.056 0.0523333
0 0.339625 0.649333 0.00375 0.0193333
0 0.472 0.608333 0.0045 0.0213333
0 0.586625 0.3655 0.00825 0.0223333
0 0.424 0.458167 0.022 0.00966667
0 0.720375 0.523833 0.04125 0.0736667
0 0.542625 0.6555 0.00925 0.023
0 0.629 0.598667 0.007 0.01
0 0.437625 0.460667 0.01275 0.018
0 0.387 0.399833 0.0085 0.015
0 0.821125 0.549667 0.02225 0.014
0 0.501375 0.713833 0.00675 0.0343333
0 0.572625 0.593167 0.02575 0.0176667
0 0.50375 0.426167 0.0085 0.037
0 0.363625 0.481 0.01375 0.0406667
0 0.546875 0.705833 0.02475 0.039
0 0.66225 0.705167 0.0365 0.075
0 0.60125 0.66 0.0055 0.00933333
0 0.345125 0.630833 0.03975 0.069
0 0.667625 0.575833 0.00925 0.025
0 0.53975 0.575667 0.0075 0.036
0 0.267125 0.756167 0.01125 0.037
0 0.38825 0.442333 0.014 0.03
0 0.35575 0.485333 0.0165 0.012
0 0.54575 0.733 0.015 0.014
0 0.472125 0.723833 0.03375 0.0803333
0 0.501375 0.546667 0.06875 0.056
0 0.622 0.5925 0.004 0.0276667
0 0.521125 0.415333 0.02225 0.024
0 0.789625 0.542667 0.00725 0.0193333
0 0.468125 0.422167 0.00625 0.029
0 0.446625 0.432833 0.00625 0.0183333
0 0.364875 0.5495 0.02725 0.053
0 0.343875 0.754833 0.02325 0.0236667
0 0.530375 0.612833 0.01475 0.0443333
0 0.656 0.6045 0.013 0.015
0 0.429125 0.632667 0.03325 0.0833333
0 0.6415 0.453833 0.0495 0.0463333
0 0.4595 0.525667 0.005 0.0213333
0 0.592625 0.5505 0.04375 0.0676667
0 0.825 0.547 0.052 0.0366667
0 0.4505 0.707667 0.058 0.066
0 0.57625 0.602833 0.013 0.053
0 0.472 0.455333 0.0105 0.00733333
0 0.6045 0.6055 0.034 0.069
0 0.569375 0.697333 0.04775 0.0693333
0 0.67575 0.739333 0.0305 0.0593333
0 0.30975 0.645167 0.0095 0.023
0 0.494125 0.5445 0.00575 0.027
0 0.389375 0.513333 0.02075 0.0253333
0 0.612625 0.426 0.01975 0.0313333
0 0.659625 0.711167 0.01325 0.0403333
0 0.643375 0.567667 0.02475 0.0193333
0 0.557875 0.373 0.00475 0.00733333
0 0.386125 0.6585 0.01675 0.0156667
0 0.5555 0.602 0.0065 0.0106667
0 0.506375 0.459833 0.02675 0.0196667
0 0.540625 0.441167 0.00525 0.0263333
0 0.602 0.426167 0.01 0.015
0 0.589875 0.589667 0.04425 0.0633333
0 0.37275 0.478833 0.007 0.0263333
0 0.373 0.531 0.007 0.0266667
0 0.28925 0.501667 0.031 0.0693333
0 0.374875 0.724333 0.04475 0.0846667
0 0.40175 0.59 0.004 0.026
0 0.621375 0.687333 0.00425 0.0286667
0 0.61875 0.403833 0.0055 0.017
0 0.499 0.364333 0.011 0.0213333
0 0.773625 0.537833 0.03925 0.0723333
0 0.4825 0.3665 0.0165 0.0176667
0 0.331375 0.614333 0.02775 0.012
0 0.41875 0.6155 0.0105 0.013
0 0.582 0.679667 0.0285 0.0173333
0 0.364 0.509167 0.017 0.0256667
0 0.825125 0.549167 0.02125 0.0263333
0 0.417625 0.577167 0.01175 0.0323333
0 0.59375 0.586833 0.005 0.0443333
0 0.404125 0.745333 0.03425 0.098
0 0.593 0.714833 0.0335 0.083
0 0.504125 0.720667 0.04025 0.072
0 0.672375 0.744667 0.01775 0.0206667
0 0.4035 0.528167 0.0125 0.00766667
0 0.339625 0.748 0.00875 0.0213333
0 0.436375 0.606833 0.00725 0.0303333
0 0.6225 0.727 0.0125 0.0166667
0 0.625875 0.6825 0.03775 0.0823333
0 0.572875 0.5945 0.04575 0.0756667
0 0.61925 0.568167 0.003 0.0363333
0 0.368 0.524333 0.0015 0.0353333
0 0.526875 0.613 0.03975 0.08
0 0.49425 0.545333 0.0175 0.0253333
0 0.39975 0.393333 0.0055 0.024
0 0.60125 0.692833 0.0135 0.0343333
0 0.402875 0.517667 0.00875 0.0273333
0 0.462375 0.411667 0.02375 0.028
0 0.577 0.558 0.008 0.022
0 0.394875 0.422833 0.01125 0.027
0 0.614625 0.5775 0.00475 0.0263333
0 0.631 0.5565 0.0075 0.0163333
0 0.404625 0.4155 0.01175 0.017
0 0.44875 0.437333 0.0125 0.026
0 0.41225 0.476167 0.0135 0.0296667
0 0.623 0.3985 0.009 0.029
0 0.40775 0.4165 0.0325 0.0236667
0 0.546875 0.3765 0.02025 0.0236667
0 0.6755 0.7395 0.0125 0.017
0 0.760625 0.557167 0.00725 0.0396667
0 0.492375 0.622667 0.00875 0.0126667
0 0.596875 0.716333 0.00925 0.02
0 0.55675 0.476833 0.0095 0.033
0 0.40825 0.635167 0.043 0.0716667
0 0.326 0.4935 0.0305 0.0676667
0 0.5655 0.411333 0.0135 0.01
0 0.3465 0.427333 0.05 0.0633333
0 0.53975 0.6995 0.027 0.043
0 0.40075 0.654 0.005 0.0193333
0 0.428375 0.504833 0.05075 0.0823333
0 0.387625 0.653833 0.05275 0.0703333
0 0.57075 0.399 0.0235 0.016
0 0.559875 0.601833 0.01425 0.0136667
0 0.654875 0.597 0.00575 0.016
0 0.72575 0.555333 0.006 0.0386667
0 0.338875 0.879 0.04475 0.038
0 0.519125 0.4755 0.01125 0.0203333
0 0.647625 0.6875 0.01525 0.011
0 0.80675 0.575833 0.0045 0.0263333
0 0.726125 0.561 0.00425 0.0233333
0 0.64425 0.463167 0.0075 0.0136667
0 0.369125 0.653167 0.01675 0.013
0 0.77575 0.571833 0.024 0.0256667
0 0.418375 0.609333 0.01425 0.0273333
0 0.447125 0.541833 0.00625 0.029
0 0.471375 0.7355 0.00975 0.0283333
0 0.549125 0.422333 0.00325 0.0206667
0 0.574125 0.434 0.00475 0.0113333
0 0.525875 0.451833 0.04025 0.0663333
0 0.471625 0.73 0.00375 0.022
0 0.664375 0.580833 0.01025 0.0123333
0 0.355125 0.625333 0.01825 0.024
0 0.58025 0.724667 0.005 0.014
0 0.262625 0.747167 0.04125 0.089
0 0.684625 0.556333 0.00575 0.0306667
0 0.69625 0.723667 0.0495 0.078
0 0.706125 0.541333 0.01925 0.0253333
0 0.486625 0.481 0.06375 0.0526667
0 0.369375 0.658667 0.02825 0.0146667
0 0.68725 0.416 0.0105 0.0233333
0 0.546625 0.733333 0.02475 0.0353333
0 0.6225 0.626333 0.008 0.0386667
0 0.533 0.371667 0.0075 0.024
0 0.762 0.704833 0.045 0.051
0 0.68375 0.550167 0.002 0.0236667
0 0.462875 0.523167 0.05925 0.059
0 0.57725 0.598 0.0105 0.0193333
0 0.468125 0.453833 0.00525 0.0103333
0 0.32425 0.4085 0.0165 0.0156667
0 0.6025 0.562833 0.0135 0.019
0 0.30675 0.6475 0.0315 0.0843333
0 0.68125 0.389333 0.0105 0.022
0 0.3725 0.7245 0.015 0.027
0 0.328 0.614667 0.036 0.0686667
0 0.40625 0.592667 0.041 0.0713333
0 0.46725 0.728667 0.0015 0.0213333
0 0.472875 0.458333 0.01825 0.0166667
0 0.65925 0.599167 0.009 0.0156667
0 0.5055 0.721167 0.0035 0.0236667
0 0.296125 0.548167 0.03925 0.0743333
0 0.6185 0.725333 0.009 0.0213333
0 0.469875 0.457 0.00825 0.0293333
0 0.652375 0.388167 0.00625 0.0203333
0 0.528125 0.399167 0.01225 0.0236667
0 0.502625 0.549 0.00625 0.0213333
0 0.558125 0.377833 0.01675 0.00966667
0 0.483 0.372833 0.0185 0.0156667
0 0.424625 0.417 0.01075 0.0213333
0 0.548375 0.568 0.02975 0.036
0 0.36025 0.3925 0.016 0.027
0 0.356625 0.566167 0.00525 0.0196667
0 0.297125 0.746 0.05025 0.068
0 0.64275 0.68 0.015 0.0146667
0 0.624375 0.603167 0.01475 0.0223333
0 0.67575 0.745 0.009 0.0106667
0 0.431 0.851667 0.008 0.026
0 0.486625 0.427833 0.01125 0.0203333
0 0.35325 0.57 0.012 0.0406667
0 0.677625 0.414833 0.00375 0.015
0 0.385 0.605667 0.0035 0.0253333
0 0.370125 0.548167 0.01325 0.023
0 0.34325 0.7465 0.049 0.0863333
0 0.574625 0.382333 0.02625 0.0106667
0 0.468 0.733833 0.004 0.0303333
0 0.364875 0.744 0.00975 0.0293333
0 0.54325 0.386667 0.02 0.0206667
0 0.39325 0.732833 0.0155 0.0243333
0 0.480875 0.548333 0.01175 0.0393333
0 0.40675 0.508333 0.016 0.0266667
0 0.574625 0.400333 0.00625 0.0186667
0 0.46475 0.532833 0.024 0.0216667
0 0.635125 0.596 0.01825 0.022
0 0.5005 0.376833 0.0235 0.0203333
0 0.59025 0.5865 0.0075 0.0343333
0 0.28975 0.649667 0.011 0.0166667
0 0.263125 0.759833 0.00725 0.0356667
0 0.640375 0.405167 0.00875 0.013
0 0.448625 0.710167 0.00675 0.0163333
0 0.639125 0.724167 0.04175 0.0823333
0 0.382 0.3715 0.014 0.0256667
0 0.782125 0.558167 0.01375 0.0343333
0 0.668375 0.5795 0.01975 0.021
0 0.637125 0.409167 0.01175 0.0183333
0 0.601625 0.6655 0.01575 0.00966667
0 0.520125 0.403167 0.00525 0.033
0 0.600875 0.388333 0.00725 0.014
0 0.382 0.501833 0.0085 0.033
0 0.542625 0.609167 0.00725 0.0196667
0 0.793625 0.540667 0.03775 0.0753333
0 0.544 0.570667 0.0455 0.0786667
0 0.589125 0.376833 0.00975 0.029
0 0.39025 0.4375 0.008 0.0236667
0 0.593375 0.409667 0.02275 0.0406667
0 0.6055 0.7005 0.0085 0.0236667
0 0.4615 0.380667 0.006 0.0246667
0 0.605375 0.388333 0.01025 0.0126667
0 0.43275 0.399333 0.003 0.024
0 0.58275 0.6855 0.012 0.0136667
0 0.5785 0.431 0.004 0.0273333
0 0.439125 0.5375 0.00675 0.021
0 0.514625 0.5705 0.01125 0.0143333
0 0.3595 0.744 0.0075 0.04
0 0.32725 0.613 0.0055 0.0373333
0 0.56425 0.6965 0.0055 0.0323333
0 0.33175 0.620333 0.0135 0.018
0 0.6435 0.5925 0.012 0.0163333
0 0.64275 0.685 0.0085 0.0106667
0 0.72325 0.598 0.0075 0.0246667
0 0.419625 0.4565 0.01125 0.015
0 0.431375 0.636667 0.01525 0.0206667
0 0.4035 0.3935 0.014 0.021
0 0.5 0.436333 0.0205 0.02
0 0.531125 0.6195 0.00775 0.023
0 0.676625 0.578167 0.01325 0.0203333
0 0.3235 0.496667 0.0055 0.014
0 0.366875 0.372833 0.01375 0.0116667
0 0.360625 0.365833 0.00425 0.019
0 0.68275 0.395167 0.016 0.013
0 0.739125 0.567 0.02575 0.0153333
0 0.7065 0.535667 0.0025 0.0233333
0 0.399875 0.481833 0.00675 0.0236667
0 0.336 0.402667 0.004 0.02
0 0.635125 0.5525 0.00775 0.0183333
0 0.3575 0.404167 0.023 0.0163333
0 0.59375 0.718833 0.018 0.0276667
0 0.589625 0.409833 0.01025 0.0176667
0 0.60775 0.393667 0.02 0.0173333
0 0.452125 0.710333 0.01125 0.0206667
0 0.468 0.4265 0.024 0.0363333
0 0.539625 0.652333 0.01125 0.0246667
0 0.484625 0.743167 0.01675 0.0236667
0 0.5275 0.619 0.0105 0.024
0 0.401625 0.660333 0.02225 0.02
0 0.349625 0.3865 0.01225 0.013
0 0.40575 0.63 0.0035 0.0426667
0 0.369 0.394167 0.0095 0.0156667
0 0.697375 0.604 0.01675 0.024
0 0.4105 0.637333 0.005 0.026
0 0.336375 0.4075 0.01175 0.017
0 0.71875 0.598333 0.0055 0.02
0 0.58125 0.4365 0.0285 0.0176667
0 0.717875 0.575 0.01625 0.016
0 0.638875 0.729 0.02125 0.0266667
0 0.595375 0.399833 0.01625 0.017
0 0.41 0.444 0.0065 0.044
0 0.501375 0.72 0.00425 0.0226667
0 0.303125 0.74 0.02475 0.032
0 0.485375 0.4775 0.01075 0.0343333
0 0.424125 0.451333 0.02375 0.0286667
0 0.590125 0.394167 0.00875 0.0196667
0 0.486875 0.446 0.02325 0.016
0 0.406 0.448667 0.0085 0.0366667
0 0.3645 0.604833 0.014 0.021
0 0.4525 0.394 0.015 0.0126667
0 0.28525 0.648333 0.006 0.016
0 0.429 0.403667 0.0035 0.0266667
0 0.426 0.6355 0.0075 0.021
0 0.700625 0.7325 0.00875 0.0236667
0 0.67625 0.5725 0.008 0.0196667
0 0.667875 0.552167 0.00725 0.039
0 0.37675 0.480833 0.011 0.0203333
0 0.70175 0.569167 0.0055 0.0223333
0 0.69425 0.582 0.009 0.008
0 0.4875 0.4 0.0195 0.024
0 0.36625 0.469333 0.008 0.0186667
0 0.488375 0.618833 0.00725 0.017
0 0.447375 0.437 0.02525 0.0453333
0 0.696625 0.726667 0.01225 0.0233333
0 0.79075 0.537833 0.021 0.0256667
0 0.348375 0.427167 0.00725 0.025
0 0.62675 0.688167 0.0105 0.025
0 0.51575 0.372667 0.0085 0.018
0 0.4635 0.851833 0.0115 0.019
0 0.5855 0.7295 0.0175 0.015
0 0.35125 0.424833 0.006 0.041
0 0.6245 0.575 0.0035 0.0286667
0 0.573625 0.438 0.00575 0.026
0 0.697625 0.566833 0.02625 0.0143333
0 0.448 0.717 0.022 0.0246667
0 0.388875 0.736167 0.01025 0.0223333
0 0.619375 0.553 0.01375 0.022
0 0.773 0.532167 0.003 0.039
0 0.647375 0.556833 0.00475 0.027
0 0.382375 0.406 0.00375 0.0133333
0 0.430125 0.508333 0.00725 0.034
0 0.50375 0.552167 0.0195 0.0176667
0 0.606625 0.425667 0.02075 0.0193333
0 0.739 0.567167 0.011 0.0263333
0 0.60125 0.699 0.007 0.0246667
0 0.666 0.405167 0.013 0.023
0 0.639375 0.5895 0.00775 0.0216667
0 0.405375 0.743667 0.01225 0.032
0 0.66475 0.557167 0.0175 0.0256667
0 0.561625 0.443667 0.00875 0.0173333
0 0.68825 0.5505 0.0055 0.027
0 0.603 0.865667 0.0225 0.032
0 0.4535 0.409667 0.01 0.0406667
0 0.60575 0.604333 0.0055 0.03
0 0.460125 0.454167 0.01925 0.0163333
0 0.480875 0.5875 0.01675 0.0283333
0 0.74725 0.5455 0.01 0.035
0 0.77725 0.564 0.0165 0.024
0 0.46425 0.526833 0.0095 0.0223333
0 0.51625 0.378333 0.0185 0.0133333
0 0.452375 0.361333 0.00575 0.032
0 0.403125 0.487167 0.00775 0.029
0 0.812 0.574 0.026 0.0433333
0 0.589375 0.361 0.00675 0.00733333
0 0.290125 0.508333 0.00875 0.0153333
0 0.572375 0.598167 0.01075 0.021
0 0.461 0.340667 0.0065 0.016
0 0.475875 0.543833 0.00325 0.0403333
0 0.490125 0.569833 0.01425 0.0243333
0 0.521375 0.370833 0.01675 0.0263333
0 0.660125 0.604667 0.01025 0.0193333
0 0.62725 0.692667 0.0185 0.0206667
0 0.544875 0.394 0.01425 0.024
0 0.4665 0.386167 0.0215 0.017
0 0.386125 0.654167 0.02525 0.053
0 0.495375 0.333333 0.02275 0.0186667
0 0.377375 0.506167 0.00975 0.0203333
0 0.714125 0.529333 0.00675 0.0293333
0 0.291125 0.5055 0.01825 0.0196667
0 0.385875 0.518833 0.01775 0.021
0 0.461875 0.346167 0.01625 0.0203333
0 0.476125 0.606667 0.00775 0.0273333
0 0.53725 0.370833 0.008 0.025
0 0.38525 0.438833 0.0055 0.0176667
0 0.62075 0.5795 0.014 0.0296667
0 0.414 0.612667 0.0075 0.0213333
0 0.767875 0.536167 0.00975 0.035
0 0.514875 0.476167 0.01075 0.0263333
0 0.764 0.5505 0.007 0.0383333
0 0.64425 0.467167 0.0245 0.035
0 0.402625 0.520333 0.03075 0.0246667
0 0.54225 0.5705 0.007 0.0356667
0 0.544625 0.446667 0.01925 0.0173333
0 0.561 0.404167 0.0085 0.0323333
0 0.6965 0.731833 0.0065 0.023
0 0.459875 0.601667 0.01075 0.0393333
0 0.422625 0.723 0.01275 0.022
0 0.4085 0.410833 0.008 0.021
0 0.43725 0.844667 0.013 0.014
0 0.405125 0.469167 0.00725 0.0216667
0 0.4865 0.441 0.0165 0.0213333
0 0.6805 0.410167 0.006 0.017
0 0.34425 0.655167 0.0135 0.025
0 0.543875 0.72 0.02775 0.038
0 0.69025 0.5815 0.008 0.00966667
0 0.327125 0.498 0.01075 0.0126667
0 0.610375 0.440833 0.01125 0.0256667
0 0.452375 0.459833 0.01125 0.023
0 0.60625 0.608667 0.012 0.0213333
0 0.492875 0.4995 0.00925 0.029
0 0.607625 0.448667 0.01375 0.0206667
0 0.345 0.384833 0.0065 0.015
0 0.605875 0.442167 0.01075 0.011
0 0.52925 0.4355 0.007 0.0356667
0 0.302625 0.749833 0.00875 0.0276667
0 0.779625 0.5755 0.01175 0.0343333
0 0.4015 0.392667 0.0245 0.044
0 0.452625 0.464 0.02125 0.018
0 0.399 0.525667 0.0125 0.0186667
0 0.581375 0.444167 0.00575 0.0256667
0 0.47375 0.4215 0.017 0.037
0 0.510125 0.5685 0.01175 0.021
0 0.677375 0.3895 0.00425 0.0196667
0 0.590875 0.366167 0.01575 0.015
0 0.532375 0.397833 0.00875 0.0143333
0 0.49975 0.371667 0.0135 0.0166667
0 0.615125 0.557 0.01075 0.022
0 0.81025 0.571167 0.009 0.0323333
0 0.467625 0.481333 0.02225 0.0213333
0 0.533 0.436 0.006 0.0373333
0 0.452 0.542667 0.0095 0.0293333
0 0.584875 0.724 0.01225 0.014
0 0.297875 0.559333 0.01475 0.0253333
0 0.344 0.626 0.017 0.034
0 0.43225 0.492333 0.015 0.03
0 0.67825 0.393833 0.014 0.017
0 0.54675 0.470833 0.0245 0.021
0 0.406 0.5895 0.007 0.029
0 0.601625 0.607167 0.00725 0.0256667
0 0.647625 0.561333 0.00975 0.0213333
0 0.56225 0.447667 0.0195 0.0206667
0 0.594 0.3755 0.0225 0.0196667
0 0.352875 0.491333 0.00575 0.0306667
0 0.571 0.380667 0.0095 0.0146667
0 0.5335 0.404167 0.0195 0.021
0 0.362125 0.4735 0.00975 0.0163333
0 0.4495 0.398833 0.014 0.029
0 0.622625 0.597333 0.00675 0.0226667
0 0.40875 0.473667 0.0095 0.0386667
0 0.502 0.426833 0.024 0.0263333
0 0.288625 0.6535 0.02225 0.0196667
0 0.306125 0.648833 0.01175 0.025
0 0.40375 0.410167 0.0075 0.027
0 0.339875 0.654833 0.00825 0.0256667
0 0.577125 0.564833 0.01825 0.0256667
0 0.554125 0.376667 0.00925 0.016
0 0.503875 0.398333 0.02175 0.0286667
0 0.55175 0.4715 0.023 0.0356667
0 0.401875 0.660667 0.02675 0.056
0 0.6355 0.4045 0.0105 0.017
0 0.718875 0.530167 0.01175 0.0363333
0 0.593125 0.713667 0.01025 0.0293333
0 0.62325 0.403833 0.019 0.0196667
0 0.427 0.367333 0.0135 0.0166667
0 0.398 0.5215 0.007 0.029
0 0.43575 0.446833 0.012 0.025
0 0.478125 0.389333 0.00475 0.0193333
0 0.680375 0.611 0.00625 0.0273333
0 0.516 0.6255 0.0235 0.0236667
0 0.57425 0.3775 0.0045 0.0123333
0 0.433375 0.386667 0.01625 0.0266667
0 0.521625 0.585 0.00775 0.0233333
0 0.557375 0.442333 0.00525 0.0166667
0 0.435125 0.5355 0.00775 0.0256667
0 0.481875 0.429 0.01425 0.0266667
0 0.38775 0.4265 0.026 0.0236667
0 0.5205 0.366333 0.0065 0.0206667
0 0.7945 0.543 0.0105 0.022
0 0.420625 0.420667 0.01775 0.026
0 0.4965 0.589667 0.009 0.0273333
0 0.7055 0.569167 0.0125 0.0243333
0 0.51925 0.62 0.0075 0.0326667
0 0.503 0.4445 0.009 0.0316667
0 0.407875 0.487167 0.01625 0.037
0 0.449375 0.367 0.02225 0.014
0 0.568625 0.697 0.01275 0.0266667
0 0.55325 0.413667 0.0015 0.0326667
0 0.57725 0.678833 0.0065 0.0296667
0 0.389625 0.607167 0.01125 0.025
0 0.4255 0.509333 0.006 0.0286667
0 0.652875 0.392667 0.01125 0.02
0 0.461125 0.460167 0.02325 0.0176667
0 0.422125 0.577833 0.01375 0.0376667
0 0.762875 0.705833 0.01775 0.0183333
0 0.327125 0.617833 0.01025 0.0243333
0 0.362125 0.468167 0.00575 0.023
0 0.798125 0.587167 0.01475 0.031
0 0.4815 0.403667 0.024 0.032
0 0.33975 0.747 0.024 0.0526667
0 0.50725 0.546333 0.0095 0.024
0 0.830625 0.573 0.01475 0.0193333
0 0.489 0.571333 0.0265 0.0373333
0 0.6815 0.615833 0.0195 0.0243333
0 0.515625 0.409833 0.00925 0.0223333
0 0.447875 0.738667 0.02275 0.04
0 0.618625 0.632333 0.00975 0.0293333
0 0.552625 0.871333 0.02075 0.012
0 0.37025 0.399667 0.0145 0.0213333
0 0.4325 0.4585 0.013 0.0216667
0 0.29775 0.747833 0.011 0.021
0 0.44725 0.4175 0.008 0.0103333
0 0.512 0.371167 0.0035 0.0203333
0 0.430875 0.488 0.00825 0.0293333
0 0.5095 0.600667 0.011 0.03
0 0.7645 0.5565 0.014 0.0303333
0 0.506125 0.404833 0.01325 0.0356667
0 0.3895 0.422 0.0135 0.0253333
0 0.498875 0.5435 0.01525 0.0343333
0 0.514625 0.476167 0.02675 0.0423333
0 0.451625 0.4925 0.00575 0.029
0 0.43325 0.403833 0.0085 0.0236667
0 0.340625 0.404333 0.00725 0.02
0 0.570125 0.402833 0.00975 0.023
0 0.533375 0.376167 0.01275 0.0223333
0 0.59325 0.552167 0.0065 0.0216667
0 0.747625 0.584333 0.01475 0.036
0 0.76025 0.711 0.013 0.04
0 0.3485 0.429667 0.0155 0.0253333
0 0.57475 0.404 0.013 0.0226667
0 0.440125 0.607 0.01175 0.02
0 0.606125 0.389333 0.02375 0.0426667
0 0.605625 0.427333 0.02325 0.0473333
0 0.60125 0.666667 0.023 0.042
0 0.663375 0.553333 0.00525 0.038
0 0.499375 0.3985 0.00875 0.023
0 0.70275 0.539167 0.005 0.0316667
0 0.289125 0.6435 0.02175 0.0216667
0 0.34125 0.408667 0.0155 0.014
0 0.408375 0.376833 0.01325 0.025
0 0.387 0.404667 0.0115 0.02
0 0.4855 0.482667 0.019 0.0333333
0 0.577375 0.683667 0.01175 0.0186667
0 0.68175 0.414667 0.01 0.0126667
0 0.662625 0.711167 0.02475 0.0196667
0 0.5145 0.619333 0.011 0.028
0 0.512375 0.376333 0.00925 0.0173333
0 0.586875 0.449 0.01525 0.0246667
0 0.784875 0.576667 0.01725 0.0373333
0 0.431 0.382833 0.0075 0.0216667
0 0.40775 0.3715 0.005 0.021
0 0.482625 0.3885 0.00875 0.0203333
0 0.407375 0.438 0.01625 0.0306667
0 0.719875 0.605667 0.01025 0.0226667
0 0.522875 0.446833 0.00725 0.0416667
0 0.4055 0.636 0.0095 0.0306667
0 0.690125 0.589 0.02925 0.0166667
0 0.773 0.536333 0.0105 0.0393333
0 0.368125 0.530167 0.00725 0.0343333
0 0.576875 0.444167 0.02875 0.031
0 0.381375 0.371 0.02275 0.05
0 0.362625 0.371667 0.00825 0.0186667
0 0.381125 0.5045 0.02725 0.0203333
0 0.465875 0.38 0.01475 0.0233333
0 0.544625 0.4405 0.01475 0.0223333
0 0.364125 0.6105 0.02425 0.039
0 0.664375 0.712 0.01425 0.0346667
0 0.478375 0.3705 0.01325 0.023
0 0.570125 0.375833 0.00475 0.019
0 0.70175 0.534 0.0015 0.0353333
0 0.362125 0.744667 0.02725 0.0146667
0 0.50775 0.442333 0.0135 0.0346667
0 0.57825 0.4355 0.0125 0.0216667
0 0.556875 0.482333 0.01625 0.0233333
0 0.456375 0.491167 0.01025 0.0396667
0 0.52075 0.408333 0.01 0.0286667
0 0.593 0.378 0.0265 0.044
0 0.286125 0.599167 0.01325 0.0263333
0 0.456625 0.409167 0.02775 0.0423333
0 0.553625 0.371167 0.00325 0.0223333
0 0.357 0.5705 0.017 0.0203333
0 0.511 0.464333 0.029 0.036
0 0.449875 0.421333 0.01725 0.0226667
0 0.475875 0.548667 0.01125 0.0386667
0 0.358 0.492333 0.0085 0.0233333
0 0.42025 0.415 0.008 0.036
0 0.619375 0.5745 0.00725 0.0303333
0 0.35825 0.497833 0.015 0.023
0 0.45325 0.716167 0.0255 0.0603333
0 0.402875 0.438333 0.01125 0.0246667
0 0.543125 0.5755 0.01625 0.0323333
0 0.586125 0.4435 0.00925 0.027
0 0.59 0.592333 0.018 0.0266667
0 0.38475 0.4385 0.0265 0.0536667
0 0.764375 0.706667 0.01075 0.034
0 0.474 0.731167 0.024 0.0396667
0 0.492125 0.500167 0.02775 0.041
0 0.55375 0.418833 0.009 0.0303333
0 0.57025 0.431167 0.0105 0.0236667
0 0.606125 0.444167 0.02525 0.0443333
0 0.527625 0.4215 0.02625 0.0383333
0 0.56025 0.603167 0.025 0.0296667
0 0.497125 0.549833 0.02975 0.0283333
0 0.42625 0.3665 0.0255 0.035
0 0.41125 0.4485 0.014 0.0323333
0 0.453125 0.398 0.02575 0.0353333
0 0.57375 0.432167 0.0275 0.0256667
0 0.726375 0.562167 0.02825 0.0456667
0 0.576375 0.5675 0.02825 0.0443333
0 0.6025 0.567 0.0265 0.0206667
0 0.466375 0.8545 0.02275 0.0296667
0 0.626 0.695167 0.027 0.045
0 0.69775 0.727667 0.0255 0.048
0 0.638875 0.726667 0.02625 0.0553333
0 0.62 0.724667 0.0205 0.05
0 0.69775 0.6005 0.027 0.055
0 0.287 0.595 0.024 0.0173333
0 0.492375 0.331167 0.02575 0.0583333
0 0.553 0.866333 0.0235 0.0326667
0 0.369 0.652 0.022 0.046
0 0.53075 0.621333 0.0275 0.0433333
0 0.668375 0.582833 0.02875 0.033
0 0.4065 0.485667 0.027 0.0506667
0 0.64325 0.687167 0.0255 0.0323333
0 0.467625 0.455167 0.02625 0.0443333
0 0.5395 0.6485 0.024 0.0536667
0 0.497125 0.436 0.02325 0.0473333
0 0.48475 0.743167 0.0255 0.045
0 0.427125 0.637333 0.02625 0.038
0 0.676 0.5775 0.029 0.0323333
0 0.829625 0.572333 0.02675 0.028
0 0.402625 0.505333 0.02525 0.0426667
0 0.377625 0.725 0.02275 0.0406667
0 0.419 0.4585 0.0225 0.0443333
0 0.543125 0.604333 0.02525 0.0466667
0 0.74625 0.545 0.03 0.0526667
0 0.3395 0.654833 0.0245 0.0483333
0 0.5895 0.361167 0.024 0.049
0 0.506125 0.4105 0.02675 0.0483333
0 0.719 0.577 0.027 0.028
0 0.660125 0.604667 0.02725 0.0453333
0 0.481125 0.588 0.02675 0.0493333
0 0.265375 0.754667 0.01925 0.0506667
0 0.6435 0.592833 0.0265 0.041
0 0.501 0.720833 0.0255 0.0416667
0 0.283875 0.649 0.02475 0.0306667
0 0.676125 0.743167 0.02075 0.0383333
0 0.46375 0.527667 0.0275 0.0493333
0 0.531 0.4425 0.026 0.0436667
0 0.46075 0.599 0.0275 0.0486667
0 0.48975 0.6215 0.0285 0.0496667
0 0.601375 0.698667 0.02825 0.0473333
0 0.634625 0.555833 0.02825 0.029
0 0.61475 0.559333 0.0275 0.034
0 0.389375 0.731667 0.02275 0.0393333
0 0.426625 0.511333 0.02875 0.044
0 0.384625 0.521 0.02725 0.04
0 0.73925 0.572 0.03 0.0293333
0 0.375375 0.478167 0.02825 0.0423333
0 0.40625 0.742333 0.0245 0.0466667
0 0.376125 0.51 0.02775 0.0406667
0 0.498375 0.398333 0.02625 0.048
0 0.29725 0.556333 0.0275 0.0373333
0 0.414 0.615833 0.028 0.0396667
0 0.688 0.556 0.0295 0.0293333
0 0.45175 0.542833 0.0285 0.0476667
0 0.493625 0.733167 0.02625 0.033
0 0.4765 0.610667 0.0275 0.0313333
0 0.718625 0.532667 0.02875 0.046
0 0.405125 0.595 0.02975 0.0353333
0 0.5715 0.599667 0.0275 0.044
0 0.356875 0.400167 0.02425 0.049
0 0.343375 0.632333 0.02875 0.03
0 0.484875 0.442167 0.02625 0.0483333
0 0.61775 0.633667 0.0255 0.044
0 0.557 0.444 0.0265 0.0466667
0 0.63525 0.6045 0.0275 0.031
0 0.431 0.489833 0.0275 0.0496667
0 0.51 0.570833 0.029 0.0416667
0 0.33675 0.870833 0.0245 0.0323333
0 0.42225 0.7275 0.0275 0.0343333
0 0.68175 0.6125 0.029 0.0503333
0 0.531 0.4 0.0245 0.0446667
0 0.523375 0.4505 0.02875 0.0303333
0 0.4845 0.483667 0.0275 0.0506667
0 0.389 0.422667 0.0255 0.0526667
0 0.79425 0.587667 0.027 0.0473333
0 0.605625 0.610833 0.02875 0.0356667
0 0.792875 0.544 0.02725 0.046
0 0.449 0.419833 0.0275 0.0383333
0 0.42325 0.578 0.028 0.046
0 0.4315 0.383667 0.028 0.0373333
0 0.401375 0.4105 0.02825 0.045
0 0.78125 0.566167 0.028 0.039
0 0.54375 0.393333 0.025 0.0413333
0 0.326875 0.499 0.02525 0.0326667
0 0.5685 0.699167 0.028 0.0316667
0 0.6815 0.4165 0.025 0.041
0 0.364375 0.750667 0.02825 0.0366667
0 0.66375 0.557 0.031 0.0326667
0 0.344 0.388167 0.024 0.0396667
0 0.59425 0.7145 0.026 0.0436667
0 0.43925 0.447667 0.028 0.04
0 0.305125 0.643333 0.02475 0.046
0 0.514875 0.623 0.02875 0.05
0 0.747125 0.588833 0.02975 0.0443333
0 0.43425 0.538 0.029 0.0406667
0 0.718875 0.604833 0.02725 0.0463333
0 0.3255 0.622333 0.0295 0.0266667
0 0.480875 0.427333 0.02775 0.0466667
0 0.397625 0.5275 0.02675 0.055
0 0.6935 0.583167 0.0275 0.039
0 0.498 0.370667 0.0245 0.0406667
0 0.368375 0.534667 0.02825 0.0406667
0 0.32175 0.405 0.0265 0.0293333
0 0.43625 0.850833 0.0235 0.0236667
0 0.509125 0.606833 0.03025 0.021
0 0.389375 0.610333 0.02825 0.032
0 0.589125 0.399833 0.02525 0.0323333
0 0.54325 0.578833 0.03 0.045
0 0.48275 0.387333 0.0255 0.0453333
0 0.496625 0.594667 0.03025 0.0373333
0 0.451625 0.4655 0.02675 0.0343333
0 0.62225 0.404 0.025 0.0333333
0 0.58525 0.727333 0.0265 0.0306667
0 0.347875 0.433167 0.02525 0.045
0 0.36975 0.399 0.026 0.0433333
0 0.521125 0.5895 0.03025 0.0396667
0 0.475875 0.551167 0.03075 0.0476667
0 0.45975 0.338833 0.0255 0.0336667
0 0.455625 0.495333 0.02925 0.0453333
0 0.646625 0.5675 0.02925 0.0343333
0 0.764625 0.560333 0.02875 0.038
0 0.28975 0.600667 0.0265 0.0386667
0 0.29825 0.749167 0.025 0.0416667
0 0.4525 0.366333 0.026 0.0313333
0 0.5305 0.377333 0.026 0.0486667
0 0.772125 0.539 0.02825 0.0306667
0 0.6595 0.405333 0.027 0.0413333
0 0.40625 0.639333 0.029 0.0353333
0 0.50675 0.443667 0.0265 0.0493333
0 0.55925 0.409333 0.028 0.0353333
0 0.439 0.61 0.0275 0.0373333
0 0.431 0.404333 0.026 0.0433333
0 0.36125 0.473333 0.0275 0.0453333
0 0.2935 0.510167 0.0265 0.0316667
0 0.510125 0.377 0.02575 0.052
0 0.676125 0.389667 0.02675 0.0366667
0 0.430875 0.460833 0.02625 0.0436667
0 0.519125 0.366167 0.02525 0.0443333
0 0.6655 0.712333 0.0285 0.0426667
0 0.401875 0.438833 0.02875 0.0423333
0 0.35625 0.5725 0.0275 0.0436667
0 0.7055 0.5735 0.031 0.041
0 0.3595 0.371 0.0275 0.0426667
0 0.634125 0.406 0.02725 0.0366667
0 0.519125 0.410333 0.02775 0.05
0 0.556375 0.484 0.02525 0.0453333
0 0.57325 0.4055 0.0275 0.0443333
0 0.505875 0.55 0.02925 0.0406667
0 0.33925 0.405833 0.027 0.035
0 0.464375 0.382833 0.02775 0.0316667
0 0.62225 0.600667 0.0295 0.0366667
0 0.40625 0.371167 0.028 0.0456667
0 0.65125 0.394833 0.027 0.0396667
0 0.810375 0.577 0.02775 0.0206667
0 0.59275 0.556667 0.029 0.026
0 0.3855 0.404833 0.0255 0.041
0 0.568625 0.4325 0.02775 0.045
0 0.589125 0.5955 0.02875 0.0416667
0 0.6175 0.578667 0.0295 0.042
0 0.356375 0.494667 0.02775 0.0353333
0 0.410375 0.450833 0.02775 0.0556667
0 0.47775 0.367 0.024 0.0366667
0 0.576625 0.689167 0.02775 0.0303333
0 0.41825 0.416 0.0295 0.038
0 0.550625 0.422667 0.02975 0.0373333
0 0.543375 0.444167 0.02825 0.0383333
0 0.701 0.540667 0.031 0.0373333
0 0.56825 0.377667 0.0285 0.0413333
0 0.58525 0.445 0.028 0.0473333
0 0.765375 0.706333 0.02525 0.032
0 0.55075 0.3725 0.028 0.047
