0 0.45775 0.877167 0.0175 0.0103333
0 0.505875 0.64 0.01275 0.0266667
0 0.50775 0.527667 0.0125 0.0313333
0 0.441875 0.565667 0.02425 0.0186667
0 0.623 0.725167 0.03 0.039
0 0.547625 0.493 0.01675 0.0133333
0 0.47225 0.636 0.0075 0.0193333
0 0.539875 0.741667 0.01175 0.0133333
0 0.469 0.390333 0.0215 0.0113333
0 0.36025 0.613667 0.042 0.0606667
0 0.689875 0.769333 0.02675 0.0553333
0 0.32675 0.626833 0.0225 0.011
0 0.555125 0.636167 0.00425 0.013
0 0.766375 0.777167 0.02425 0.0136667
0 0.56325 0.477833 0.0525 0.049
0 0.37675 0.674167 0.008 0.037
0 0.523125 0.514833 0.03825 0.0576667
0 0.365375 0.4205 0.01825 0.015
0 0.475875 0.567333 0.04125 0.028
0 0.65725 0.607167 0.0115 0.0136667
0 0.450625 0.425 0.02975 0.0153333
0 0.5695 0.469167 0.0185 0.019
0 0.59825 0.4305 0.0085 0.0356667
0 0.6575 0.600333 0.0115 0.0193333
0 0.49325 0.656167 0.012 0.00766667
0 0.492 0.586333 0.008 0.00866667
0 0.619625 0.4775 0.04925 0.0483333
0 0.394375 0.434 0.05675 0.0466667
0 0.421625 0.658667 0.00375 0.0246667
0 0.584875 0.402667 0.02075 0.016
0 0.467 0.52 0.069 0.0526667
0 0.556625 0.4135 0.02175 0.0183333
0 0.36 0.674333 0.004 0.00933333
0 0.439 0.5435 0.039 0.0683333
0 0.62225 0.648 0.038 0.07
0 0.475125 0.770833 0.01775 0.023
0 0.46425 0.515 0.006 0.048
0 0.487875 0.3925 0.00275 0.0143333
0 0.41925 0.4935 0.013 0.0196667
0 0.41975 0.398833 0.0235 0.0216667
0 0.447625 0.4265 0.00375 0.017
0 0.57 0.3965 0.0245 0.027
0 0.60575 0.701833 0.018 0.0303333
0 0.3815 0.680333 0.0245 0.02
0 0.538625 0.762167 0.03675 0.049
0 0.40425 0.654667 0.024 0.0146667
0 0.591875 0.591667 0.04725 0.0626667
0 0.38625 0.484333 0.045 0.0713333
0 0.66625 0.765167 0.0605 0.047
0 0.53925 0.639833 0.0005 0.025
0 0.462 0.492 0.0355 0.012
0 0.53675 0.462833 0.012 0.043
0 0.807625 0.658333 0.03425 0.0326667
0 0.66 0.5035 0.0245 0.0356667
0 0.711875 0.593833 0.01875 0.055
0 0.44275 0.396 0.047 0.0506667
0 0.50225 0.523333 0.059 0.048
0 0.5095 0.633333 0.034 0.0653333
0 0.37275 0.421 0.012 0.0153333
0 0.363625 0.438 0.00425 0.0333333
0 0.516875 0.4005 0.01875 0.013
0 0.660375 0.635167 0.04325 0.0756667
0 0.39275 0.766 0.007 0.0273333
0 0.465875 0.478167 0.03425 0.0396667
0 0.629875 0.731667 0.01725 0.0113333
0 0.82975 0.611 0.025 0.0366667
0 0.838375 0.609 0.02375 0.0306667
0 0.39625 0.382 0.0115 0.0333333
0 0.36775 0.532667 0.022 0.00933333
0 0.58225 0.761833 0.0255 0.0196667
0 0.621375 0.419 0.05575 0.0493333
0 0.578 0.641 0.0275 0.026
0 0.73425 0.616333 0.009 0.0213333
0 0.72725 0.625667 0.01 0.01
0 0.539375 0.676167 0.02525 0.019
0 0.29525 0.517167 0.0185 0.00966667
0 0.56075 0.404833 0.02 0.021
0 0.69325 0.776833 0.025 0.0236667
0 0.793125 0.626333 0.01125 0.0346667
0 0.462 0.8775 0.022 0.0156667
0 0.60975 0.655 0.026 0.0106667
0 0.637625 0.595667 0.02075 0.008
0 0.305625 0.648667 0.02475 0.024
0 0.717875 0.653 0.01075 0.0366667
0 0.41875 0.638667 0.006 0.01
0 0.639125 0.436333 0.05225 0.0573333
0 0.4435 0.430667 0.014 0.028
0 0.33525 0.409833 0.0205 0.0156667
0 0.45725 0.419333 0.0105 0.04
0 0.539625 0.699167 0.02625 0.021
0 0.615 0.621 0.004 0.0393333
0 0.601125 0.704667 0.01125 0.00733333
0 0.401375 0.681667 0.01925 0.0193333
0 0.6945 0.592333 0.038 0.0686667
0 0.65 0.681833 0.021 0.0423333
0 0.574375 0.436 0.04625 0.0653333
0 0.623 0.591333 0.0175 0.03
0 0.42475 0.655833 0.021 0.0183333
0 0.304125 0.523 0.01725 0.0166667
0 0.42825 0.435 0.042 0.0553333
0 0.654375 0.497667 0.04725 0.0486667
0 0.494 0.471667 0.0465 0.072
0 0.63025 0.650333 0.019 0.014
0 0.375375 0.568167 0.02925 0.0223333
0 0.548 0.478 0.023 0.018
0 0.364 0.952833 0.0115 0.0423333
0 0.53625 0.736667 0.009 0.0246667
0 0.50875 0.36 0.025 0.022
0 0.79375 0.634 0.027 0.03
0 0.8285 0.606167 0.0515 0.051
0 0.509 0.461833 0.051 0.075
0 0.538375 0.737167 0.00575 0.011
0 0.7425 0.617833 0.005 0.0296667
0 0.601625 0.7495 0.03375 0.0136667
0 0.538 0.744833 0.023 0.0296667
0 0.29025 0.661167 0.01 0.0123333
0 0.66825 0.448333 0.018 0.0306667
0 0.73025 0.612833 0.0005 0.021
0 0.701875 0.658667 0.02225 0.0273333
0 0.3065 0.568167 0.038 0.0203333
0 0.37525 0.524667 0.009 0.0206667
0 0.4675 0.738167 0.0175 0.0216667
0 0.46825 0.367 0.0205 0.0253333
0 0.4785 0.564 0.0245 0.0186667
0 0.5605 0.442667 0.0115 0.00733333
0 0.612125 0.765667 0.03475 0.0713333
0 0.66075 0.752167 0.0335 0.0816667
0 0.80675 0.5995 0.0105 0.0243333
0 0.51025 0.4305 0.0535 0.0476667
0 0.48025 0.477333 0.0125 0.0106667
0 0.443125 0.560333 0.00675 0.0166667
0 0.776 0.590667 0.004 0.0326667
0 0.694625 0.4265 0.00525 0.0236667
0 0.362 0.501333 0.0065 0.0413333
0 0.280875 0.6565 0.05475 0.0616667
0 0.507 0.401 0.005 0.018
0 0.593375 0.625833 0.00425 0.0363333
0 0.51325 0.594167 0.0395 0.087
0 0.567375 0.408 0.01825 0.0246667
0 0.54525 0.614 0.0115 0.0226667
0 0.640875 0.647833 0.01025 0.0136667
0 0.37675 0.548667 0.048 0.06
0 0.755 0.633 0.003 0.054
0 0.4235 0.609833 0.0245 0.0176667
0 0.8235 0.634 0.0445 0.0526667
0 0.756875 0.603 0.04175 0.078
0 0.721875 0.577333 0.01325 0.0233333
0 0.5375 0.772833 0.016 0.0103333
0 0.598375 0.711 0.01775 0.01
0 0.339125 0.641667 0.01375 0.038
0 0.71 0.613333 0.007 0.0326667
0 0.524875 0.395167 0.06675 0.0763333
0 0.54275 0.633167 0.0355 0.0723333
0 0.545 0.4 0.005 0.03
0 0.697625 0.653333 0.00325 0.028
0 0.6765 0.628167 0.025 0.017
0 0.397875 0.657333 0.05325 0.0613333
0 0.624875 0.480833 0.00975 0.035
0 0.5415 0.431667 0.0055 0.016
0 0.431 0.537667 0.0105 0.0146667
0 0.41475 0.639333 0.0155 0.0313333
0 0.833625 0.611833 0.02025 0.0163333
0 0.505125 0.637 0.00225 0.0213333
0 0.47975 0.444667 0.007 0.034
0 0.836 0.610167 0.0195 0.00766667
0 0.512 0.347833 0.0665 0.0676667
0 0.476 0.613333 0.0075 0.032
0 0.393 0.674833 0.009 0.045
0 0.401625 0.612333 0.00275 0.0293333
0 0.621375 0.613167 0.00625 0.0423333
0 0.388375 0.675833 0.04925 0.0676667
0 0.339125 0.754167 0.01775 0.00766667
0 0.6055 0.394333 0.059 0.0506667
0 0.600875 0.742 0.04325 0.0673333
0 0.489875 0.4185 0.01775 0.00966667
0 0.3715 0.744 0.05 0.0786667
0 0.442625 0.729833 0.03675 0.0823333
0 0.641375 0.725667 0.03675 0.0673333
0 0.418625 0.745 0.02575 0.0266667
0 0.57725 0.630167 0.008 0.045
0 0.75575 0.589167 0.0055 0.0436667
0 0.699625 0.788333 0.06275 0.068
0 0.392125 0.476 0.02225 0.0253333
0 0.498875 0.567333 0.01125 0.0153333
0 0.537125 0.399333 0.03475 0.0173333
0 0.672375 0.605167 0.03775 0.075
0 0.371875 0.560333 0.00475 0.036
0 0.630875 0.777833 0.00825 0.0283333
0 0.393375 0.4505 0.05075 0.045
0 0.3635 0.746833 0.007 0.027
0 0.335 0.665 0.0055 0.034
0 0.626625 0.648333 0.01025 0.0106667
0 0.617875 0.473167 0.00825 0.023
0 0.495125 0.747167 0.04425 0.0603333
0 0.362875 0.671833 0.03475 0.073
0 0.464625 0.552667 0.01475 0.0293333
0 0.42725 0.6555 0.028 0.087
0 0.789875 0.6145 0.02025 0.025
0 0.613125 0.460167 0.00925 0.0103333
0 0.560875 0.629667 0.01175 0.032
0 0.742625 0.6265 0.01025 0.0383333
0 0.515375 0.488333 0.02575 0.02
0 0.642375 0.632167 0.03725 0.0783333
0 0.464 0.512167 0.029 0.0356667
0 0.364 0.622333 0.0085 0.0213333
0 0.290625 0.764333 0.03075 0.0226667
0 0.412625 0.745167 0.03625 0.0703333
0 0.5855 0.598667 0.0155 0.016
0 0.786375 0.594667 0.00875 0.024
0 0.4415 0.6295 0.03 0.0676667
0 0.34425 0.467 0.033 0.0706667
0 0.623 0.654 0.0225 0.02
0 0.53825 0.691333 0.0315 0.0793333
0 0.67975 0.660667 0.0025 0.0366667
0 0.582125 0.458 0.01475 0.0213333
0 0.599875 0.633167 0.00725 0.0283333
0 0.716125 0.587167 0.00225 0.0163333
0 0.56 0.504833 0.0505 0.057
0 0.75625 0.646333 0.035 0.0726667
0 0.37175 0.386833 0.023 0.0136667
0 0.4605 0.510833 0.0425 0.089
0 0.69375 0.449667 0.0465 0.038
0 0.600625 0.443833 0.01425 0.019
0 0.4635 0.755833 0.005 0.0383333
0 0.53825 0.922667 0.017 0.0393333
0 0.29425 0.518333 0.039 0.0586667
0 0.39825 0.544833 0.023 0.021
0 0.750375 0.595167 0.00125 0.0336667
0 0.498 0.7475 0.008 0.0336667
0 0.535375 0.480667 0.06325 0.0593333
0 0.56 0.640833 0.014 0.0136667
0 0.669 0.7935 0.02 0.0243333
0 0.366 0.490167 0.01 0.0316667
0 0.47275 0.411 0.018 0.0233333
0 0.442375 0.380333 0.02125 0.02
0 0.36425 0.669667 0.015 0.0146667
0 0.49025 0.659167 0.025 0.0216667
0 0.370625 0.525167 0.00975 0.017
0 0.597375 0.7055 0.01125 0.00833333
0 0.361625 0.434667 0.03875 0.0666667
0 0.588375 0.761333 0.03675 0.074
0 0.75525 0.600333 0.0135 0.0373333
0 0.495 0.388 0.018 0.016
0 0.721625 0.6175 0.01125 0.0303333
0 0.58175 0.7705 0.016 0.0103333
0 0.293625 0.520167 0.00425 0.023
0 0.476125 0.5035 0.01825 0.0196667
0 0.38825 0.5235 0.0425 0.0596667
0 0.42725 0.605333 0.006 0.012
0 0.7685 0.6135 0.005 0.035
0 0.647 0.636833 0.0075 0.0163333
0 0.673875 0.440667 0.04525 0.0686667
0 0.561375 0.501667 0.01925 0.0253333
0 0.55525 0.4995 0.0135 0.039
0 0.804625 0.594833 0.05675 0.0736667
0 0.545 0.424167 0.011 0.00966667
0 0.7465 0.618667 0.006 0.034
0 0.669375 0.637667 0.02425 0.018
0 0.343875 0.6495 0.03425 0.0683333
0 0.577875 0.773 0.02175 0.0173333
0 0.4075 0.544 0.006 0.0133333
0 0.59375 0.5945 0.006 0.0243333
0 0.63125 0.441333 0.0045 0.0133333
0 0.466125 0.4825 0.02325 0.00366667
0 0.47875 0.611 0.038 0.0773333
0 0.690625 0.792333 0.02875 0.0313333
0 0.672875 0.790667 0.03075 0.064
0 0.331125 0.4175 0.00625 0.025
0 0.537 0.465167 0.0195 0.0183333
0 0.438875 0.622667 0.00475 0.0353333
0 0.488125 0.771333 0.01875 0.0206667
0 0.455125 0.570333 0.01975 0.0233333
0 0.452125 0.454167 0.00625 0.019
0 0.395625 0.764667 0.03775 0.0826667
0 0.53475 0.685333 0.0055 0.0206667
0 0.59225 0.699833 0.0505 0.0483333
0 0.4885 0.764167 0.0115 0.0223333
0 0.419 0.755167 0.008 0.009
0 0.369375 0.628333 0.02375 0.02
0 0.43575 0.528167 0.066 0.0756667
0 0.462 0.479833 0.014 0.0196667
0 0.785375 0.625167 0.01275 0.0163333
0 0.6205 0.593833 0.05 0.073
0 0.457 0.515 0.0255 0.02
0 0.373125 0.541 0.00225 0.0386667
0 0.54025 0.739833 0.046 0.0703333
0 0.5115 0.453167 0.0115 0.0403333
0 0.5815 0.598333 0.016 0.026
0 0.477375 0.565833 0.04675 0.075
0 0.54125 0.4635 0.0065 0.0376667
0 0.573375 0.640333 0.01375 0.0213333
0 0.597625 0.736 0.01325 0.0313333
0 0.592375 0.477 0.04975 0.056
0 0.606125 0.651333 0.03775 0.062
0 0.668 0.6145 0.011 0.0143333
0 0.471625 0.641 0.00375 0.014
0 0.781 0.598667 0.0225 0.0166667
0 0.454625 0.564833 0.04025 0.0756667
0 0.35675 0.3985 0.007 0.0203333
0 0.417125 0.4965 0.02375 0.0416667
0 0.621875 0.648333 0.00625 0.0106667
0 0.557625 0.4755 0.01275 0.00966667
0 0.419125 0.628167 0.03025 0.039
0 0.598 0.746167 0.017 0.023
0 0.4775 0.361167 0.0125 0.0196667
0 0.413375 0.745833 0.01025 0.0296667
0 0.4375 0.508833 0.0465 0.0636667
0 0.621625 0.641333 0.00625 0.0186667
0 0.570125 0.517333 0.01075 0.0313333
0 0.464 0.767833 0.0105 0.031
0 0.598625 0.586667 0.02275 0.0133333
0 0.544125 0.738333 0.02475 0.0493333
0 0.664625 0.426667 0.00625 0.0233333
0 0.638375 0.731 0.00375 0.0106667
0 0.4065 0.651833 0.0055 0.039
0 0.297125 0.5665 0.01725 0.0256667
0 0.56225 0.737667 0.035 0.0706667
0 0.68 0.618833 0.0205 0.025
0 0.38125 0.674 0.009 0.0173333
0 0.620375 0.465167 0.01925 0.0203333
0 0.5855 0.603833 0.0095 0.0116667
0 0.51975 0.431667 0.0115 0.0426667
0 0.56475 0.509667 0.01 0.0286667
0 0.537125 0.752667 0.01875 0.0213333
0 0.62375 0.598833 0.0105 0.0176667
0 0.364625 0.435667 0.02875 0.022
0 0.697625 0.458 0.01475 0.0253333
0 0.45525 0.4385 0.0085 0.015
0 0.5425 0.636167 0.008 0.0236667
0 0.616875 0.422167 0.00825 0.011
0 0.462625 0.763667 0.03775 0.0813333
0 0.708125 0.617167 0.02875 0.009
0 0.40775 0.523833 0.035 0.0836667
0 0.666625 0.437167 0.01625 0.0183333
0 0.67025 0.433667 0.0095 0.0126667
0 0.634875 0.770167 0.04825 0.073
0 0.65225 0.503667 0.0095 0.012
0 0.38125 0.403333 0.0045 0.036
0 0.369125 0.4985 0.02025 0.0276667
0 0.4075 0.613667 0.043 0.0733333
0 0.668625 0.6305 0.01875 0.0156667
0 0.574375 0.634667 0.03525 0.0773333
0 0.389875 0.627667 0.03175 0.066
0 0.33025 0.763833 0.0465 0.0823333
0 0.807875 0.64 0.02775 0.0306667
0 0.493125 0.752333 0.00225 0.0226667
0 0.53975 0.777833 0.0225 0.0176667
0 0.4235 0.464167 0.013 0.0423333
0 0.411375 0.491667 0.00425 0.0293333
0 0.66075 0.6515 0.0145 0.0256667
0 0.689875 0.659833 0.00825 0.0383333
0 0.659125 0.7615 0.02175 0.013
0 0.437125 0.476833 0.02075 0.0183333
0 0.78125 0.589167 0.0455 0.0603333
0 0.535625 0.453667 0.02275 0.024
0 0.468875 0.548167 0.05025 0.065
0 0.569375 0.440167 0.01275 0.017
0 0.331625 0.631167 0.01425 0.0283333
0 0.258375 0.763667 0.03125 0.102
0 0.4985 0.4645 0.0135 0.041
0 0.457 0.460833 0.012 0.0263333
0 0.42675 0.662333 0.013 0.0173333
0 0.487 0.450167 0.0175 0.0236667
0 0.545 0.608 0.045 0.0666667
0 0.843625 0.631833 0.05525 0.0563333
0 0.615375 0.464667 0.01425 0.012
0 0.706375 0.654167 0.01075 0.031
0 0.577125 0.631 0.02575 0.0253333
0 0.470125 0.379333 0.02475 0.0206667
0 0.699375 0.637667 0.01425 0.022
0 0.5395 0.681333 0.0155 0.026
0 0.51175 0.349833 0.01 0.029
0 0.38925 0.5315 0.0115 0.0336667
0 0.538625 0.7775 0.02775 0.0343333
0 0.38175 0.522333 0.006 0.0253333
0 0.407375 0.609667 0.02575 0.0206667
0 0.455375 0.565667 0.00725 0.0266667
0 0.57825 0.7245 0.0105 0.0123333
0 0.292625 0.76 0.03175 0.0766667
0 0.7215 0.578667 0.002 0.0293333
0 0.47725 0.449667 0.006 0.0273333
0 0.59325 0.590167 0.0025 0.025
0 0.69725 0.603833 0.0075 0.0136667
0 0.692375 0.596 0.00175 0.0386667
0 0.618625 0.426667 0.01875 0.0106667
0 0.434625 0.6285 0.00275 0.0216667
0 0.705875 0.587 0.00175 0.036
0 0.61 0.649333 0.0065 0.0186667
0 0.5875 0.465833 0.014 0.0196667
0 0.79125 0.628667 0.0435 0.076
0 0.408625 0.404333 0.01775 0.0213333
0 0.803375 0.650167 0.03925 0.067
0 0.76125 0.767167 0.0485 0.0523333
0 0.69775 0.6175 0.0245 0.009
0 0.259125 0.7665 0.00675 0.033
0 0.652125 0.4445 0.01775 0.013
0 0.45875 0.7615 0.001 0.0223333
0 0.413 0.430333 0.006 0.024
0 0.255 0.763833 0.007 0.029
0 0.353625 0.422 0.01325 0.016
0 0.5395 0.692667 0.0195 0.024
0 0.49175 0.601667 0.014 0.028
0 0.47875 0.399167 0.011 0.0196667
0 0.696375 0.453667 0.00725 0.012
0 0.445375 0.426833 0.01425 0.015
0 0.692875 0.782667 0.01125 0.0233333
0 0.35625 0.582333 0.007 0.0246667
0 0.455 0.623833 0.003 0.0236667
0 0.559 0.635333 0.0115 0.014
0 0.48125 0.481 0.0145 0.0113333
0 0.39775 0.453167 0.006 0.0223333
0 0.510875 0.437167 0.01075 0.0316667
0 0.36925 0.5635 0.0115 0.035
0 0.30225 0.5655 0.044 0.0636667
0 0.5315 0.654167 0.007 0.0183333
0 0.663875 0.650333 0.00825 0.0146667
0 0.455125 0.455333 0.00525 0.022
0 0.845125 0.639 0.01925 0.016
0 0.494 0.4095 0.007 0.0336667
0 0.433875 0.5325 0.00725 0.0276667
0 0.379875 0.387667 0.01825 0.0193333
0 0.349 0.415167 0.0065 0.031
0 0.621 0.484833 0.0135 0.0356667
0 0.33525 0.771667 0.0275 0.0293333
0 0.442125 0.4 0.00825 0.0346667
0 0.4945 0.448 0.009 0.026
0 0.54175 0.427167 0.0115 0.0283333
0 0.400125 0.422833 0.00775 0.0156667
0 0.509625 0.599 0.00075 0.0306667
0 0.47225 0.775667 0.006 0.0173333
0 0.392 0.770167 0.0035 0.033
0 0.537875 0.393667 0.01325 0.0173333
0 0.622 0.7295 0.038 0.0716667
0 0.607375 0.595167 0.00425 0.023
0 0.365125 0.445333 0.00525 0.0146667
0 0.4565 0.486667 0.014 0.0126667
0 0.4985 0.758 0.015 0.0253333
0 0.643 0.634833 0.0085 0.0203333
0 0.42625 0.656667 0.008 0.0173333
0 0.7025 0.612833 0.0185 0.0216667
0 0.613875 0.774667 0.00575 0.0266667
0 0.464125 0.546833 0.00825 0.027
0 0.37 0.410667 0.008 0.018
0 0.60975 0.7325 0.019 0.0203333
0 0.647875 0.437833 0.01325 0.0163333
0 0.511875 0.392667 0.00625 0.022
0 0.475625 0.639333 0.00325 0.0233333
0 0.40575 0.503 0.005 0.0333333
0 0.3535 0.759667 0.0245 0.0126667
0 0.52425 0.509667 0.0125 0.0193333
0 0.360125 0.439 0.00075 0.026
0 0.396375 0.443 0.02625 0.018
0 0.73425 0.611167 0.005 0.0223333
0 0.643375 0.736833 0.01725 0.011
0 0.602 0.393833 0.0045 0.007
0 0.6355 0.596 0.0045 0.0246667
0 0.68025 0.623 0.0085 0.0193333
0 0.543125 0.922667 0.04275 0.076
0 0.6155 0.426167 0.007 0.019
0 0.364375 0.674833 0.01275 0.0136667
0 0.393625 0.454667 0.00475 0.02
0 0.47725 0.781667 0.0265 0.0186667
0 0.344125 0.645167 0.01375 0.029
0 0.372625 0.564 0.01175 0.024
0 0.582375 0.431833 0.01175 0.0276667
0 0.53925 0.760667 0.0285 0.0266667
0 0.466125 0.873167 0.02175 0.019
0 0.570625 0.4055 0.01325 0.00966667
0 0.602625 0.604333 0.00475 0.0133333
0 0.33075 0.765667 0.0115 0.024
0 0.3975 0.676167 0.0095 0.025
0 0.381625 0.4975 0.01825 0.0223333
0 0.642875 0.731167 0.01125 0.0143333
0 0.623 0.6205 0.007 0.0283333
0 0.415875 0.504 0.01275 0.0313333
0 0.440375 0.481333 0.01875 0.014
0 0.746875 0.624 0.00325 0.0266667
0 0.49475 0.580333 0.013 0.0206667
0 0.742625 0.631833 0.02675 0.017
0 0.618 0.615 0.002 0.0246667
0 0.518625 0.653333 0.00675 0.0313333
0 0.522625 0.509667 0.02625 0.036
0 0.694125 0.457833 0.00675 0.023
0 0.607875 0.398 0.01525 0.0133333
0 0.5415 0.9215 0.0225 0.019
0 0.61775 0.731167 0.003 0.0316667
0 0.522125 0.5055 0.01075 0.0103333
0 0.361875 0.402333 0.02025 0.0233333
0 0.522 0.623333 0.007 0.016
0 0.495375 0.3945 0.01675 0.0163333
0 0.43525 0.511667 0.0075 0.0193333
0 0.70575 0.6185 0.0055 0.0256667
0 0.58075 0.602833 0.006 0.0123333
0 0.497125 0.526167 0.00375 0.0256667
0 0.74225 0.622167 0.0025 0.0276667
0 0.492125 0.5055 0.04925 0.0683333
0 0.465 0.416167 0.0215 0.0216667
0 0.360125 0.399167 0.00975 0.0143333
0 0.692375 0.455167 0.00525 0.00966667
0 0.520375 0.428667 0.02575 0.042
0 0.559375 0.734667 0.00825 0.0226667
0 0.43925 0.766 0.014 0.0233333
0 0.384375 0.623667 0.00575 0.03
0 0.495125 0.4065 0.01975 0.035
0 0.451125 0.563 0.00675 0.0326667
0 0.53875 0.687333 0.0115 0.0193333
0 0.531 0.4765 0.0065 0.047
0 0.602125 0.447833 0.02275 0.035
0 0.32325 0.9015 0.024 0.0376667
0 0.469375 0.4335 0.02275 0.021
0 0.67725 0.443333 0.007 0.0346667
0 0.41625 0.394 0.0115 0.0373333
0 0.342 0.476833 0.025 0.0176667
0 0.443875 0.398333 0.01475 0.0206667
0 0.45975 0.417167 0.0135 0.0116667
0 0.507875 0.463833 0.01625 0.0203333
0 0.6145 0.480833 0.005 0.0103333
0 0.3225 0.895833 0.009 0.0336667
0 0.75075 0.639 0.007 0.0306667
0 0.594125 0.443833 0.02225 0.027
0 0.38425 0.492833 0.007 0.0196667
0 0.5765 0.762667 0.0115 0.0333333
0 0.424625 0.395833 0.01325 0.013
0 0.60625 0.392333 0.0105 0.0146667
0 0.476875 0.479333 0.00875 0.0153333
0 0.57725 0.636 0.01 0.02
0 0.602125 0.7445 0.01125 0.017
0 0.802375 0.598167 0.01175 0.0243333
0 0.542625 0.641333 0.00525 0.0193333
0 0.527625 0.657 0.03225 0.028
0 0.340125 0.665667 0.00875 0.0233333
0 0.6725 0.799 0.0185 0.016
0 0.32925 0.632667 0.034 0.066
0 0.572 0.6355 0.005 0.021
0 0.48475 0.768667 0.01 0.03
0 0.348375 0.464167 0.00875 0.017
0 0.397125 0.439167 0.00525 0.021
0 0.410625 0.524667 0.01175 0.032
0 0.8015 0.6425 0.011 0.051
0 0.697375 0.788333 0.01875 0.0293333
0 0.428 0.437167 0.01 0.0176667
0 0.490625 0.43 0.02475 0.0246667
0 0.843375 0.632167 0.00975 0.0256667
0 0.672625 0.793833 0.01225 0.0156667
0 0.57675 0.768167 0.011 0.0123333
0 0.557 0.426667 0.024 0.0146667
0 0.5045 0.590167 0.014 0.0236667
0 0.351125 0.642833 0.02025 0.027
0 0.416875 0.431833 0.01675 0.0216667
0 0.53325 0.737333 0.0275 0.0286667
0 0.597625 0.705667 0.02025 0.0433333
0 0.445125 0.469833 0.01475 0.0216667
0 0.356125 0.7715 0.04575 0.0356667
0 0.6075 0.433 0.0105 0.0166667
0 0.528125 0.653 0.01375 0.0233333
0 0.4395 0.634 0.014 0.024
0 0.60325 0.399 0.0095 0.0113333
0 0.466 0.864333 0.025 0.028
0 0.44025 0.389667 0.019 0.0186667
0 0.63475 0.639 0.008 0.0346667
0 0.478625 0.368 0.01025 0.0126667
0 0.380875 0.757667 0.00975 0.024
0 0.722375 0.623 0.00825 0.0153333
0 0.361125 0.581667 0.01775 0.0213333
0 0.463375 0.762 0.00275 0.022
0 0.3555 0.6485 0.0235 0.0216667
0 0.481 0.613333 0.015 0.0266667
0 0.725875 0.580167 0.00425 0.031
0 0.302375 0.571333 0.01725 0.028
0 0.65575 0.601333 0.0285 0.032
0 0.335 0.673333 0.0085 0.0246667
0 0.401125 0.656667 0.00775 0.0253333
0 0.467875 0.548 0.00775 0.0213333
0 0.608375 0.654167 0.01225 0.0516667
0 0.28925 0.758667 0.0135 0.018
0 0.497125 0.623167 0.01025 0.0196667
0 0.63525 0.777667 0.02 0.032
0 0.49775 0.753167 0.005 0.0176667
0 0.416125 0.427 0.00675 0.0273333
0 0.499 0.581333 0.0225 0.0113333
0 0.560125 0.515333 0.00625 0.0246667
0 0.5875 0.4155 0.031 0.0183333
0 0.6145 0.4655 0.0225 0.039
0 0.41375 0.751667 0.006 0.0193333
0 0.439625 0.511 0.01225 0.0273333
0 0.6195 0.598 0.012 0.0206667
0 0.494625 0.465 0.00525 0.04
0 0.41575 0.409833 0.02 0.0243333
0 0.433 0.441833 0.024 0.015
0 0.5735 0.728667 0.02 0.0153333
0 0.673875 0.445333 0.00825 0.0213333
0 0.4995 0.462333 0.027 0.0233333
0 0.48975 0.411833 0.0035 0.025
0 0.367625 0.527167 0.02325 0.0316667
0 0.301 0.657833 0.005 0.0296667
0 0.429875 0.5315 0.00525 0.0296667
0 0.476375 0.7765 0.01175 0.0203333
0 0.385375 0.754333 0.01125 0.0253333
0 0.413875 0.636 0.00575 0.02
0 0.806 0.649 0.014 0.0333333
0 0.404125 0.5475 0.01775 0.017
0 0.45975 0.629333 0.011 0.036
0 0.51275 0.426 0.016 0.0246667
0 0.6395 0.590667 0.002 0.0266667
0 0.755625 0.595333 0.00225 0.0373333
0 0.38175 0.401167 0.029 0.027
0 0.411625 0.537333 0.02425 0.03
0 0.67225 0.596167 0.0085 0.045
0 0.59775 0.476333 0.006 0.0366667
0 0.4395 0.563833 0.0105 0.0236667
0 0.39425 0.3885 0.0135 0.0176667
0 0.468125 0.476333 0.01875 0.0193333
0 0.6595 0.647833 0.0055 0.019
0 0.65175 0.605333 0.0085 0.0186667
0 0.81925 0.637167 0.0155 0.021
0 0.47425 0.4035 0.008 0.0203333
0 0.6945 0.631667 0.008 0.0106667
0 0.69575 0.437833 0.0185 0.0183333
0 0.50325 0.566667 0.0135 0.0106667
0 0.2855 0.659167 0.0125 0.0203333
0 0.597875 0.481833 0.01025 0.0216667
0 0.49375 0.504167 0.011 0.0383333
0 0.5455 0.4305 0.019 0.0143333
0 0.587375 0.436833 0.01925 0.017
0 0.591 0.4715 0.009 0.019
0 0.564125 0.7355 0.01325 0.0216667
0 0.41975 0.39 0.006 0.018
0 0.5295 0.441667 0.0205 0.0226667
0 0.590625 0.923333 0.03425 0.0406667
0 0.427125 0.474333 0.01275 0.028
0 0.597625 0.741333 0.00725 0.02
0 0.6675 0.597 0.004 0.038
0 0.62325 0.732667 0.0095 0.0226667
0 0.6355 0.443 0.0145 0.0186667
0 0.44375 0.406167 0.0145 0.0196667
0 0.489375 0.603 0.02725 0.036
0 0.501625 0.5265 0.01075 0.021
0 0.6475 0.443 0.012 0.0133333
0 0.619625 0.427 0.02675 0.0426667
0 0.456125 0.521333 0.00675 0.0193333
0 0.48175 0.450333 0.0125 0.032
0 0.46025 0.868167 0.013 0.0216667
0 0.348125 0.469833 0.01225 0.0123333
0 0.605125 0.6475 0.00475 0.0223333
0 0.55725 0.421 0.015 0.0173333
0 0.458375 0.442 0.00975 0.03
0 0.368875 0.7475 0.01125 0.0323333
0 0.402125 0.438667 0.01275 0.028
0 0.415 0.453333 0.0105 0.032
0 0.524 0.399 0.003 0.02
0 0.780625 0.586833 0.00375 0.037
0 0.727875 0.655167 0.00675 0.0236667
0 0.396875 0.770833 0.00825 0.0323333
0 0.699 0.631167 0.0135 0.00966667
0 0.422375 0.602833 0.00625 0.0223333
0 0.5155 0.492667 0.0125 0.022
0 0.4145 0.492167 0.011 0.0243333
0 0.52825 0.400833 0.0065 0.0203333
0 0.668125 0.621667 0.02675 0.0173333
0 0.56575 0.448 0.0085 0.0206667
0 0.343125 0.4685 0.00675 0.0143333
0 0.439125 0.628833 0.00725 0.019
0 0.589125 0.758167 0.01025 0.025
0 0.42175 0.599167 0.0155 0.0316667
0 0.381125 0.492 0.01175 0.022
0 0.294375 0.76 0.01425 0.0233333
0 0.5145 0.433333 0.01 0.0366667
0 0.52175 0.617667 0.0045 0.0246667
0 0.528875 0.4055 0.01625 0.011
0 0.28575 0.605667 0.0085 0.036
0 0.69375 0.638333 0.028 0.0133333
0 0.651875 0.506833 0.02425 0.0343333
0 0.445 0.42 0.0245 0.0326667
0 0.54275 0.608667 0.005 0.0286667
0 0.534375 0.449333 0.01075 0.0273333
0 0.48875 0.652167 0.012 0.0236667
0 0.507625 0.586333 0.00675 0.02
0 0.40625 0.611667 0.0065 0.034
0 0.461625 0.4215 0.01325 0.017
0 0.56625 0.403333 0.0105 0.0193333
0 0.639625 0.595667 0.00975 0.0226667
0 0.605875 0.409833 0.01575 0.0156667
0 0.772625 0.612167 0.00975 0.023
0 0.565125 0.4745 0.00475 0.0236667
0 0.66475 0.432667 0.011 0.0166667
0 0.410875 0.4555 0.00475 0.015
0 0.48025 0.570167 0.009 0.031
0 0.702125 0.652667 0.01125 0.0293333
0 0.515 0.658667 0.0195 0.0266667
0 0.618125 0.480833 0.01225 0.0216667
0 0.51375 0.599667 0.003 0.026
0 0.589125 0.6335 0.00375 0.0196667
0 0.667875 0.6015 0.01125 0.0296667
0 0.781125 0.590333 0.00875 0.0333333
0 0.372875 0.5455 0.00925 0.0296667
0 0.511375 0.455667 0.02725 0.026
0 0.573125 0.437167 0.01325 0.0203333
0 0.552375 0.467667 0.00825 0.0306667
0 0.6235 0.737167 0.0155 0.017
0 0.45975 0.439167 0.0125 0.0123333
0 0.3745 0.3825 0.004 0.013
0 0.465 0.382 0.006 0.0333333
0 0.690375 0.433667 0.00725 0.0193333
0 0.5135 0.652 0.008 0.026
0 0.72525 0.660833 0.0135 0.023
0 0.466375 0.431667 0.01125 0.028
0 0.70975 0.620167 0.0145 0.0236667
0 0.78825 0.6395 0.026 0.0516667
0 0.57 0.477 0.008 0.02
0 0.390375 0.536 0.02125 0.024
0 0.379 0.383 0.0085 0.0146667
0 0.3855 0.520333 0.006 0.0313333
0 0.443125 0.736833 0.00525 0.0196667
0 0.549625 0.399833 0.00475 0.0263333
0 0.597625 0.590333 0.00875 0.0206667
0 0.516125 0.355167 0.01375 0.0283333
0 0.53275 0.437333 0.011 0.024
0 0.45625 0.455 0.0235 0.0413333
0 0.561625 0.446833 0.00525 0.0316667
0 0.692875 0.601667 0.00575 0.0193333
0 0.32775 0.635 0.0145 0.0266667
0 0.660875 0.761667 0.01125 0.0353333
0 0.578 0.464667 0.0035 0.012
0 0.392 0.4555 0.027 0.045
0 0.476875 0.5735 0.01225 0.0276667
0 0.583 0.410333 0.0055 0.0193333
0 0.372375 0.567833 0.02975 0.0456667
0 0.365375 0.4085 0.00775 0.0196667
0 0.531625 0.480833 0.01325 0.0303333
0 0.465125 0.387167 0.01575 0.0223333
0 0.298 0.52 0.0155 0.0206667
0 0.389375 0.624 0.01325 0.0306667
0 0.6555 0.766333 0.0145 0.0306667
0 0.509375 0.633667 0.00725 0.0246667
0 0.710875 0.5905 0.00875 0.029
0 0.38225 0.675667 0.0265 0.05
0 0.562125 0.4525 0.01075 0.0243333
0 0.586875 0.4105 0.00525 0.015
0 0.495 0.468167 0.016 0.0216667
0 0.6745 0.45 0.0215 0.0193333
0 0.49 0.510833 0.0115 0.0303333
0 0.306 0.66 0.0135 0.0326667
0 0.337625 0.666667 0.02475 0.018
0 0.842125 0.634333 0.02675 0.0313333
0 0.406375 0.657167 0.01075 0.0303333
0 0.573125 0.723167 0.01575 0.021
0 0.58625 0.471167 0.009 0.0216667
0 0.755625 0.639 0.00625 0.042
0 0.533125 0.393667 0.01275 0.0253333
0 0.694625 0.4335 0.00925 0.0236667
0 0.547625 0.607833 0.01425 0.0363333
0 0.459875 0.517333 0.00875 0.0346667
0 0.363375 0.514167 0.01125 0.0303333
0 0.40275 0.541 0.0095 0.026
0 0.37025 0.489333 0.0155 0.0206667
0 0.51075 0.472167 0.0075 0.037
0 0.511625 0.398667 0.01375 0.0233333
0 0.44175 0.424667 0.0065 0.0266667
0 0.60725 0.602833 0.0095 0.0156667
0 0.5495 0.405333 0.0155 0.0186667
0 0.349 0.420667 0.0155 0.0226667
0 0.369875 0.486 0.00575 0.0193333
0 0.4395 0.3875 0.026 0.0376667
0 0.382875 0.410167 0.00475 0.023
0 0.61825 0.621 0.006 0.028
0 0.696375 0.456333 0.02425 0.0466667
0 0.475 0.365833 0.0095 0.0223333
0 0.555375 0.504833 0.02625 0.0343333
0 0.412 0.461 0.0175 0.0206667
0 0.414125 0.4095 0.02525 0.0456667
0 0.586875 0.430833 0.02525 0.0336667
0 0.360375 0.4435 0.00525 0.0203333
0 0.6845 0.661167 0.013 0.0376667
0 0.378 0.403333 0.001 0.0306667
0 0.5155 0.470333 0.0115 0.036
0 0.491 0.455667 0.0175 0.024
0 0.3515 0.7635 0.014 0.033
0 0.3665 0.509833 0.006 0.0196667
0 0.44375 0.741833 0.0185 0.021
0 0.544875 0.4045 0.00925 0.0223333
0 0.46025 0.5225 0.019 0.025
0 0.5525 0.473 0.016 0.02
0 0.541875 0.470333 0.01175 0.0266667
0 0.474375 0.360667 0.00375 0.0286667
0 0.4905 0.392667 0.0125 0.026
0 0.56475 0.516167 0.0145 0.023
0 0.409875 0.504 0.01125 0.0266667
0 0.570875 0.480667 0.01525 0.0193333
0 0.582625 0.466667 0.00875 0.0173333
0 0.398875 0.678 0.02925 0.0406667
0 0.66825 0.632667 0.027 0.036
0 0.363625 0.628 0.02425 0.038
0 0.419 0.466 0.011 0.0366667
0 0.3565 0.586333 0.014 0.026
0 0.710125 0.584333 0.00225 0.0326667
0 0.60225 0.433333 0.009 0.024
0 0.605125 0.4105 0.02525 0.0383333
0 0.290375 0.606667 0.01525 0.028
0 0.394625 0.421667 0.00875 0.0233333
0 0.331125 0.764667 0.02225 0.052
0 0.465375 0.430833 0.02625 0.041
0 0.722875 0.654 0.00825 0.0193333
0 0.503 0.584833 0.007 0.0303333
0 0.527875 0.437167 0.01075 0.0243333
0 0.519875 0.492667 0.02775 0.036
0 0.49375 0.4275 0.018 0.0476667
0 0.43825 0.510833 0.028 0.0396667
0 0.59375 0.4805 0.0105 0.0243333
0 0.54025 0.4495 0.0265 0.0423333
0 0.593625 0.632 0.01425 0.0286667
0 0.701625 0.617333 0.02875 0.024
0 0.42075 0.394333 0.0125 0.026
0 0.510625 0.425833 0.02425 0.0456667
0 0.602625 0.393667 0.02175 0.0486667
0 0.697875 0.781667 0.02625 0.0593333
0 0.378625 0.4085 0.00425 0.0256667
0 0.46125 0.419667 0.0245 0.0373333
0 0.47575 0.644 0.0285 0.03
0 0.393625 0.388167 0.02625 0.0443333
0 0.762 0.767333 0.0215 0.0133333
0 0.7895 0.621667 0.026 0.044
0 0.444125 0.767 0.02475 0.048
0 0.500125 0.528333 0.02675 0.0426667
0 0.62225 0.644167 0.0245 0.0423333
0 0.68025 0.627 0.0275 0.0353333
0 0.48125 0.449333 0.025 0.052
0 0.764625 0.7675 0.01075 0.035
0 0.514875 0.438667 0.02625 0.0473333
0 0.506 0.464167 0.0225 0.0443333
0 0.431125 0.5335 0.02925 0.0436667
0 0.444 0.405667 0.0235 0.038
0 0.616375 0.769333 0.01975 0.0493333
0 0.54525 0.928333 0.0265 0.0393333
0 0.643375 0.637667 0.02725 0.044
0 0.527 0.6545 0.026 0.057
0 0.490625 0.416333 0.01225 0.0253333
0 0.73425 0.616833 0.029 0.031
0 0.481125 0.4805 0.02375 0.0383333
0 0.591125 0.915833 0.02225 0.0296667
0 0.80125 0.599167 0.0255 0.0356667
0 0.361625 0.508167 0.00375 0.0276667
0 0.747 0.627167 0.0275 0.033
0 0.4 0.438667 0.0275 0.048
0 0.300875 0.567 0.02775 0.0413333
0 0.580875 0.604 0.02625 0.0506667
0 0.522875 0.405 0.02575 0.0546667
0 0.495125 0.5885 0.02775 0.0223333
0 0.40675 0.526833 0.0255 0.051
0 0.257625 0.764333 0.01975 0.054
0 0.4145 0.4325 0.0245 0.0403333
0 0.72625 0.578167 0.028 0.049
0 0.61775 0.484333 0.028 0.0433333
0 0.47275 0.4885 0.026 0.0276667
0 0.426875 0.6595 0.02475 0.0343333
0 0.539 0.687167 0.0265 0.041
0 0.3645 0.675333 0.0225 0.0373333
0 0.6355 0.776333 0.025 0.0586667
0 0.451875 0.565167 0.02825 0.0456667
0 0.461 0.626 0.0275 0.0493333
0 0.56 0.637667 0.026 0.036
0 0.54675 0.611667 0.0295 0.0366667
0 0.48125 0.6155 0.0275 0.0443333
0 0.755 0.601 0.029 0.0473333
0 0.46575 0.765 0.0255 0.034
0 0.622125 0.739167 0.02625 0.0416667
0 0.571875 0.637833 0.02675 0.0443333
0 0.723 0.626833 0.0275 0.0316667
0 0.64275 0.7315 0.024 0.0316667
0 0.484875 0.7655 0.02525 0.0416667
0 0.618875 0.598667 0.02625 0.048
0 0.3385 0.672667 0.0245 0.0533333
0 0.385625 0.7535 0.02425 0.0423333
0 0.439625 0.482 0.02325 0.0426667
0 0.36 0.4 0.0265 0.04
0 0.413625 0.7545 0.02725 0.033
0 0.476625 0.776 0.02525 0.0473333
0 0.468375 0.549 0.02625 0.0453333
0 0.497125 0.627667 0.02875 0.0366667
0 0.543125 0.642667 0.02725 0.042
0 0.703 0.6545 0.027 0.055
0 0.284 0.659667 0.0265 0.0293333
0 0.398125 0.764667 0.02425 0.0506667
0 0.779625 0.594667 0.02825 0.0313333
0 0.5645 0.738 0.0265 0.0273333
0 0.380625 0.4945 0.02875 0.0423333
0 0.668 0.605333 0.03 0.0366667
0 0.476875 0.571167 0.02725 0.049
0 0.515125 0.6565 0.02825 0.0463333
0 0.421875 0.605167 0.02975 0.043
0 0.3055 0.6605 0.029 0.0463333
0 0.577125 0.771333 0.02475 0.036
0 0.497375 0.753833 0.02475 0.0396667
0 0.65925 0.6495 0.028 0.0403333
0 0.443875 0.7445 0.02575 0.045
0 0.493375 0.5115 0.02575 0.0503333
0 0.414125 0.6385 0.02875 0.0416667
0 0.461625 0.443 0.02675 0.0306667
0 0.3725 0.5505 0.029 0.043
0 0.46025 0.486667 0.025 0.0293333
0 0.5145 0.355 0.027 0.0366667
0 0.447875 0.470167 0.02725 0.039
0 0.6345 0.442333 0.0245 0.0333333
0 0.77225 0.616167 0.029 0.035
0 0.34325 0.649333 0.0285 0.0273333
0 0.438625 0.560167 0.02725 0.039
0 0.59775 0.743 0.0265 0.0466667
0 0.673 0.792167 0.0205 0.0403333
0 0.41 0.461 0.0285 0.0366667
0 0.438625 0.633 0.02875 0.0333333
0 0.40525 0.617167 0.03 0.0396667
0 0.502 0.566333 0.025 0.0346667
0 0.329875 0.894667 0.02575 0.0513333
0 0.38475 0.522667 0.029 0.0326667
0 0.347125 0.471333 0.02675 0.032
0 0.515375 0.470833 0.02675 0.059
0 0.42775 0.476833 0.0255 0.043
0 0.801625 0.6485 0.02725 0.0403333
0 0.293 0.758833 0.023 0.0436667
0 0.410375 0.505 0.02625 0.0433333
0 0.754875 0.645167 0.02875 0.0363333
0 0.38925 0.627667 0.0295 0.032
0 0.58125 0.437667 0.024 0.036
0 0.617875 0.623167 0.02925 0.0483333
0 0.372375 0.382667 0.02525 0.0346667
0 0.5555 0.420667 0.0245 0.04
0 0.81825 0.637333 0.026 0.03
0 0.368875 0.748333 0.02425 0.0386667
0 0.3525 0.766 0.028 0.0266667
0 0.65075 0.611833 0.0285 0.0336667
0 0.489375 0.6555 0.02975 0.0463333
0 0.326375 0.638167 0.02825 0.031
0 0.531375 0.483 0.02575 0.038
0 0.54375 0.432167 0.025 0.0296667
0 0.563625 0.455667 0.02675 0.0333333
0 0.406875 0.660667 0.02875 0.032
0 0.646 0.444833 0.027 0.033
0 0.59025 0.7585 0.024 0.0436667
0 0.60475 0.650667 0.028 0.0346667
0 0.420125 0.878667 0.02475 0.022
0 0.67225 0.450333 0.028 0.05
0 0.685125 0.662667 0.03025 0.0513333
0 0.492875 0.470333 0.02825 0.0473333
0 0.698125 0.632833 0.02625 0.0356667
0 0.521375 0.623167 0.02975 0.0443333
0 0.458875 0.523333 0.02925 0.0493333
0 0.572 0.443333 0.0265 0.0293333
0 0.41875 0.467 0.0275 0.0533333
0 0.389 0.538667 0.0275 0.0506667
0 0.46125 0.872833 0.026 0.0316667
0 0.4645 0.388667 0.026 0.0326667
0 0.5135 0.605833 0.03 0.0323333
0 0.511 0.399833 0.0255 0.035
0 0.597125 0.594333 0.02825 0.0273333
0 0.489625 0.455 0.02925 0.0446667
0 0.63875 0.600667 0.0285 0.0293333
0 0.569 0.483333 0.0295 0.032
0 0.635 0.65 0.0285 0.032
0 0.36475 0.411667 0.0275 0.0346667
0 0.564375 0.404 0.02475 0.042
0 0.709375 0.623 0.03075 0.038
0 0.477375 0.404667 0.02575 0.0286667
0 0.530875 0.3935 0.02525 0.0456667
0 0.509125 0.64 0.03025 0.0233333
0 0.692375 0.605167 0.02925 0.0376667
0 0.334 0.4165 0.0285 0.0316667
0 0.29725 0.521833 0.027 0.0283333
0 0.356875 0.589 0.02775 0.044
0 0.54025 0.471167 0.0275 0.043
0 0.40225 0.544167 0.028 0.045
0 0.431375 0.438 0.02675 0.0333333
0 0.723625 0.656 0.02725 0.0453333
0 0.606375 0.605667 0.02725 0.0353333
0 0.564375 0.5175 0.02625 0.0496667
0 0.43975 0.427 0.0265 0.052
0 0.6015 0.4335 0.028 0.039
0 0.573125 0.727833 0.02675 0.0323333
0 0.693375 0.433167 0.02825 0.0343333
0 0.663625 0.4335 0.02475 0.0403333
0 0.50275 0.589167 0.029 0.0383333
0 0.709375 0.590667 0.03075 0.0326667
0 0.543375 0.406 0.02575 0.0426667
0 0.59275 0.484333 0.0275 0.0453333
0 0.55175 0.477667 0.028 0.034
0 0.593 0.6345 0.0295 0.0423333
0 0.661375 0.767 0.02675 0.0373333
0 0.527875 0.438333 0.02775 0.0533333
0 0.489875 0.393667 0.02475 0.0426667
0 0.3685 0.49 0.027 0.0333333
0 0.58425 0.410167 0.0275 0.0383333
0 0.2895 0.606167 0.0265 0.0396667
0 0.347125 0.422833 0.02725 0.0456667
0 0.5825 0.465833 0.029 0.0376667
0 0.4895 0.416667 0.0255 0.0393333
0 0.471875 0.362333 0.02825 0.0406667
0 0.39375 0.422167 0.0285 0.0383333
0 0.765125 0.767667 0.02725 0.026
0 0.358875 0.445333 0.02875 0.036
0 0.41925 0.393667 0.028 0.0433333
0 0.376 0.410833 0.0285 0.047
0 0.360375 0.511 0.02925 0.0386667
