0 0.572625 0.651167 0.02275 0.0223333
0 0.404625 0.487333 0.00375 0.00933333
0 0.2005 0.603333 0.016 0.024
0 0.5015 0.569167 0.023 0.023
0 0.616625 0.541 0.00325 0.00666667
0 0.697875 0.608833 0.01025 0.00766667
0 0.655625 0.540667 0.00375 0.00933333
0 0.450625 0.488667 0.00375 0.0106667
0 0.547 0.603167 0.002 0.00633333
0 0.4545 0.536833 0.0055 0.009
0 0.546 0.542333 0.007 0.006
0 0.2625 0.586833 0.0035 0.003
0 0.446125 0.5035 0.00475 0.00433333
0 0.56275 0.590167 0.0485 0.0523333
0 0.504375 0.521 0.00275 0.0113333
0 0.279625 0.598833 0.00325 0.005
0 0.346 0.592167 0.0045 0.00433333
0 0.443375 0.526167 0.00225 0.0116667
0 0.60125 0.620167 0.002 0.0143333
0 0.48025 0.509167 0.0065 0.0116667
0 0.62875 0.610167 0.0365 0.0263333
0 0.545 0.590833 0.01 0.00433333
0 0.4465 0.4935 0.0075 0.00833333
0 0.32925 0.591333 0.0125 0.014
0 0.60925 0.537167 0.005 0.0103333
0 0.246625 0.591833 0.00625 0.00433333
0 0.504875 0.503667 0.00575 0.01
0 0.409375 0.5865 0.00275 0.00833333
0 0.346875 0.547167 0.00475 0.009
0 0.587875 0.509667 0.00475 0.0113333
0 0.533625 0.603167 0.00375 0.0103333
0 0.754125 0.548833 0.00275 0.0116667
0 0.475 0.509667 0.021 0.0133333
0 0.54675 0.585833 0.0065 0.00566667
0 0.55075 0.546333 0.005 0.00466667
0 0.530125 0.497 0.00625 0.00533333
0 0.525625 0.536833 0.00175 0.00566667
0 0.69225 0.591667 0.0355 0.0246667
0 0.49275 0.487333 0.006 0.00733333
0 0.187875 0.586333 0.00525 0.00266667
0 0.46875 0.509 0.0025 0.00866667
0 0.642375 0.541333 0.00925 0.00466667
0 0.4425 0.548333 0.004 0.0106667
0 0.434 0.496333 0.0045 0.006
0 0.241625 0.6765 0.00475 0.0176667
0 0.530875 0.5415 0.00825 0.00766667
0 0.476125 0.502833 0.00575 0.005
0 0.338125 0.535833 0.00375 0.011
0 0.691625 0.589833 0.00375 0.009
0 0.612875 0.585333 0.01575 0.01
0 0.59625 0.576333 0.0045 0.00666667
0 0.54175 0.587667 0.0035 0.0106667
0 0.1675 0.581167 0.006 0.00966667
0 0.817125 0.596833 0.00625 0.005
0 0.621375 0.538 0.00425 0.012
0 0.27925 0.603 0.008 0.002
0 0.783875 0.587667 0.00275 0.00533333
0 0.429375 0.543833 0.00225 0.007
0 0.3025 0.642167 0.0045 0.0363333
0 0.784875 0.580333 0.00875 0.0213333
0 0.48975 0.5345 0.007 0.0123333
0 0.46275 0.537 0.006 0.00933333
0 0.388875 0.544167 0.01075 0.015
0 0.502375 0.488 0.01725 0.0233333
0 0.863625 0.581667 0.00575 0.00266667
0 0.4425 0.498333 0.022 0.008
0 0.430125 0.569 0.00475 0.00666667
0 0.876 0.586667 0.007 0.00466667
0 0.8505 0.58 0.002 0.00533333
0 0.53425 0.491667 0.014 0.022
0 0.50925 0.563833 0.0045 0.00633333
0 0.6755 0.594167 0.0035 0.009
0 0.717125 0.541667 0.00575 0.00266667
0 0.713875 0.59 0.00925 0.00666667
0 0.6665 0.598667 0.002 0.004
0 0.547 0.514 0.0175 0.0253333
0 0.950375 0.6625 0.01475 0.0296667
0 0.35475 0.55 0.004 0.0126667
0 0.632875 0.608 0.00175 0.00333333
0 0.821125 0.597833 0.00475 0.0103333
0 0.76275 0.548333 0.0025 0.00466667
0 0.612875 0.6155 0.00175 0.00766667
0 0.587125 0.588667 0.01975 0.0233333
0 0.53325 0.542667 0.0055 0.0113333
0 0.58425 0.512333 0.026 0.024
0 0.891625 0.593833 0.00525 0.00233333
0 0.329875 0.591 0.04525 0.0493333
0 0.84225 0.585667 0.017 0.0126667
0 0.496625 0.504 0.00675 0.00866667
0 0.576 0.616333 0.0035 0.0113333
0 0.44225 0.603667 0.003 0.00733333
0 0.5385 0.591333 0.004 0.00533333
0 0.63375 0.580833 0.0045 0.00766667
0 0.146 0.593833 0.0035 0.009
0 0.4965 0.493 0.0085 0.0126667
0 0.29325 0.682 0.004 0.0166667
0 0.299625 0.6475 0.00475 0.00233333
0 0.58225 0.538667 0.0065 0.0113333
0 0.517 0.5545 0.0045 0.007
0 0.43825 0.493333 0.006 0.0106667
0 0.521875 0.488333 0.00625 0.00666667
0 0.505375 0.497667 0.00675 0.00933333
0 0.42525 0.5415 0.002 0.00633333
0 0.925 0.594333 0.0605 0.0273333
0 0.501125 0.5335 0.01275 0.017
0 0.71725 0.598167 0.019 0.0203333
0 0.52025 0.503333 0.006 0.0113333
0 0.488375 0.487833 0.01675 0.0136667
0 0.322125 0.549 0.00675 0.0113333
0 0.284375 0.596833 0.00825 0.0296667
0 0.362875 0.580667 0.00375 0.01
0 0.73975 0.594333 0.041 0.0313333
0 0.339375 0.531167 0.00675 0.017
0 0.263125 0.602333 0.00625 0.004
0 0.229375 0.579333 0.02125 0.006
0 0.3755 0.5925 0.0025 0.007
0 0.4745 0.532167 0.005 0.00766667
0 0.7005 0.6035 0.007 0.009
0 0.462875 0.5475 0.00225 0.0103333
0 0.609375 0.592 0.00425 0.008
0 0.212375 0.582167 0.00525 0.00966667
0 0.670375 0.590333 0.00275 0.00733333
0 0.687 0.592333 0.003 0.00666667
0 0.733625 0.538667 0.00575 0.0113333
0 0.47525 0.596667 0.0015 0.002
0 0.562875 0.5925 0.00375 0.007
0 0.601125 0.535833 0.00875 0.00566667
0 0.325625 0.586333 0.00675 0.00533333
0 0.329125 0.588333 0.00475 0.0106667
0 0.391875 0.504833 0.00525 0.00966667
0 0.583375 0.576167 0.00525 0.00366667
0 0.654125 0.5955 0.01025 0.0256667
0 0.809375 0.593667 0.00325 0.00733333
0 0.359875 0.542 0.00725 0.00733333
0 0.59625 0.542333 0.0385 0.0453333
0 0.388125 0.503667 0.00425 0.01
0 0.634875 0.540667 0.00975 0.00733333
0 0.379375 0.613833 0.00125 0.00633333
0 0.54225 0.509 0.0055 0.00466667
0 0.4425 0.492667 0.008 0.00666667
0 0.633875 0.613 0.00075 0.00333333
0 0.53325 0.607833 0.0025 0.00633333
0 0.54225 0.541833 0.006 0.00366667
0 0.51275 0.564333 0.003 0.0106667
0 0.51625 0.519167 0.02 0.00633333
0 0.41775 0.493833 0.0055 0.00966667
0 0.426375 0.590667 0.01975 0.014
0 0.288 0.682667 0.007 0.00733333
0 0.604875 0.5875 0.00475 0.0123333
0 0.575 0.548333 0.0035 0.008
0 0.500375 0.52 0.00425 0.006
0 0.620875 0.5435 0.00425 0.00966667
0 0.479875 0.503667 0.00425 0.0106667
0 0.588125 0.538167 0.00875 0.00633333
0 0.487375 0.5545 0.00325 0.00833333
0 0.845625 0.593 0.03925 0.028
0 0.400625 0.596833 0.00525 0.00433333
0 0.517 0.504 0.0085 0.00666667
0 0.54225 0.4925 0.006 0.009
0 0.554 0.548 0.003 0.01
0 0.62175 0.5495 0.0035 0.00966667
0 0.4755 0.493333 0.0065 0.01
0 0.3465 0.597667 0.004 0.00866667
0 0.57575 0.592333 0.005 0.006
0 0.45425 0.493 0.003 0.00666667
0 0.530125 0.491667 0.01625 0.0126667
0 0.729375 0.582167 0.00675 0.009
0 0.388375 0.504167 0.01525 0.0503333
0 0.454625 0.488167 0.03325 0.0436667
0 0.429125 0.509167 0.00475 0.00833333
0 0.488125 0.493167 0.00625 0.00966667
0 0.484375 0.498667 0.00375 0.00533333
0 0.40425 0.492833 0.005 0.013
0 0.416875 0.583333 0.02275 0.0233333
0 0.404625 0.509167 0.00325 0.011
0 0.617875 0.546833 0.00375 0.00566667
0 0.28375 0.608167 0.0035 0.00633333
0 0.796 0.592 0.002 0.00466667
0 0.557625 0.581833 0.00275 0.007
0 0.720875 0.5375 0.00525 0.00633333
0 0.3625 0.585667 0.0015 0.008
0 0.442375 0.5325 0.00225 0.011
0 0.413 0.614333 0.0025 0.008
0 0.487875 0.537333 0.02425 0.024
0 0.508375 0.493833 0.00575 0.0143333
0 0.54975 0.586833 0.006 0.011
0 0.4375 0.502833 0.005 0.00833333
0 0.671 0.6045 0.0035 0.0103333
0 0.8835 0.589667 0.0245 0.0253333
0 0.32475 0.591333 0.0145 0.004
0 0.729625 0.542333 0.00675 0.00533333
0 0.492 0.531667 0.003 0.008
0 0.84125 0.6 0.008 0.0346667
0 0.442125 0.553333 0.00375 0.00733333
0 0.26825 0.609 0.0125 0.0473333
0 0.520875 0.554833 0.00575 0.0123333
0 0.4425 0.5535 0.0115 0.0483333
0 0.4295 0.5975 0.023 0.029
0 0.804625 0.590833 0.00425 0.003
0 0.429125 0.488333 0.00325 0.0133333
0 0.55875 0.509667 0.0045 0.00866667
0 0.46625 0.493667 0.005 0.0133333
0 0.621 0.581667 0.0055 0.006
0 0.36 0.539333 0.012 0.00533333
0 0.501375 0.492667 0.00775 0.012
0 0.654125 0.538 0.00325 0.00933333
0 0.3505 0.547833 0.004 0.007
0 0.399625 0.503667 0.00325 0.008
0 0.637875 0.536667 0.00675 0.0106667
0 0.455125 0.503167 0.00525 0.011
0 0.897125 0.591 0.05225 0.0266667
0 0.61325 0.595 0.004 0.0126667
0 0.596125 0.552167 0.00475 0.00233333
0 0.62175 0.587 0.0055 0.00666667
0 0.387875 0.4935 0.00525 0.00966667
0 0.3835 0.598167 0.0035 0.00566667
0 0.591 0.568667 0.0265 0.038
0 0.62125 0.603833 0.0045 0.0136667
0 0.61725 0.614 0.0025 0.0106667
0 0.833375 0.604667 0.00225 0.00333333
0 0.334 0.6535 0.0025 0.011
0 0.425875 0.547167 0.00525 0.00766667
0 0.47525 0.5425 0.004 0.00966667
0 0.683375 0.609167 0.00425 0.00566667
0 0.38325 0.603167 0.002 0.005
0 0.850375 0.654833 0.02225 0.0336667
0 0.515125 0.509333 0.01575 0.0133333
0 0.292375 0.609833 0.00175 0.0116667
0 0.387875 0.581833 0.00275 0.0116667
0 0.487625 0.580833 0.00275 0.007
0 0.51475 0.4855 0.0165 0.0216667
0 0.50875 0.497667 0.047 0.0446667
0 0.52975 0.552667 0.025 0.024
0 0.529 0.504167 0.0045 0.00833333
0 0.759125 0.591833 0.03925 0.0343333
0 0.351 0.596333 0.0125 0.0426667
0 0.250625 0.592333 0.00625 0.00866667
0 0.583375 0.581 0.02175 0.00866667
0 0.466375 0.5925 0.00375 0.0103333
0 0.83425 0.608667 0.0015 0.00533333
0 0.866375 0.585667 0.01025 0.0446667
0 0.471125 0.497167 0.00325 0.00833333
0 0.84525 0.606667 0.006 0.0306667
0 0.385875 0.5735 0.01375 0.0223333
0 0.534125 0.600833 0.03025 0.0196667
0 0.43125 0.481333 0.016 0.0226667
0 0.61675 0.551 0.0135 0.02
0 0.412 0.542667 0.003 0.00933333
0 0.430375 0.551333 0.00525 0.00666667
0 0.36275 0.544167 0.006 0.00966667
0 0.41725 0.499333 0.0095 0.004
0 0.729 0.537333 0.006 0.00666667
0 0.596 0.5365 0.007 0.00633333
0 0.582875 0.543167 0.00425 0.00766667
0 0.471875 0.5035 0.00525 0.009
0 0.62925 0.541333 0.004 0.00933333
0 0.356875 0.657833 0.01575 0.0143333
0 0.65875 0.609833 0.004 0.007
0 0.528375 0.5 0.00925 0.0146667
0 0.46275 0.552167 0.0025 0.013
0 0.361 0.581833 0.017 0.023
0 0.475125 0.498 0.00475 0.00866667
0 0.580125 0.592 0.00525 0.004
0 0.60925 0.597833 0.003 0.00833333
0 0.34675 0.544333 0.015 0.01
0 0.666875 0.600833 0.00275 0.003
0 0.5795 0.588333 0.0065 0.006
0 0.395375 0.599667 0.00425 0.01
0 0.414625 0.610833 0.00525 0.0176667
0 0.383625 0.5805 0.00575 0.00433333
0 0.655625 0.528 0.01575 0.036
0 0.179875 0.587333 0.00625 0.00733333
0 0.483375 0.492 0.00525 0.01
0 0.2805 0.609333 0.022 0.0126667
0 0.57025 0.547333 0.0055 0.006
0 0.458125 0.5875 0.02825 0.0116667
0 0.421 0.575833 0.003 0.0123333
0 0.474625 0.592333 0.00325 0.004
0 0.629125 0.537333 0.00425 0.0106667
0 0.7555 0.5885 0.0085 0.0203333
0 0.56175 0.543833 0.0055 0.007
0 0.43875 0.531 0.006 0.006
0 0.463125 0.6125 0.01625 0.023
0 0.43025 0.546667 0.0045 0.00666667
0 0.65425 0.607667 0.006 0.00466667
0 0.6515 0.531 0.0075 0.02
0 0.738 0.546833 0.023 0.0176667
0 0.458375 0.492167 0.00425 0.007
0 0.399875 0.5355 0.03175 0.0276667
0 0.250375 0.596167 0.01775 0.0196667
0 0.70825 0.597 0.003 0.008
0 0.5695 0.650333 0.004 0.0153333
0 0.513375 0.503833 0.01925 0.0176667
0 0.848 0.576 0.0205 0.016
0 0.4885 0.5035 0.018 0.0216667
0 0.531375 0.612 0.02275 0.02
0 0.399875 0.542167 0.00325 0.0103333
0 0.24 0.679 0.0455 0.0353333
0 0.850875 0.601 0.02275 0.0213333
0 0.696 0.592 0.0025 0.01
0 0.545625 0.510833 0.00425 0.007
0 0.28275 0.604333 0.004 0.012
0 0.33325 0.649 0.003 0.0146667
0 0.93775 0.665 0.0275 0.01
0 0.424375 0.537667 0.00475 0.01
0 0.667625 0.5915 0.01525 0.0203333
0 0.603875 0.5915 0.00375 0.009
0 0.280125 0.5405 0.01775 0.0223333
0 0.391125 0.548333 0.00375 0.0106667
0 0.5825 0.5885 0.0115 0.013
0 0.570625 0.5925 0.00625 0.00766667
0 0.870375 0.583667 0.01075 0.0113333
0 0.610875 0.616667 0.02275 0.0233333
0 0.596 0.619667 0.002 0.00933333
0 0.264 0.596333 0.005 0.0173333
0 0.49275 0.493 0.0185 0.0193333
0 0.450125 0.5035 0.00475 0.00633333
0 0.199625 0.593667 0.01625 0.0266667
0 0.433125 0.493 0.00575 0.0106667
0 0.404 0.598833 0.0035 0.011
0 0.943375 0.655167 0.00525 0.025
0 0.288625 0.615333 0.02525 0.014
0 0.57175 0.599 0.017 0.0226667
0 0.559625 0.585167 0.01725 0.00566667
0 0.6415 0.6185 0.0215 0.0156667
0 0.30775 0.6515 0.0235 0.0136667
0 0.94225 0.653167 0.0205 0.0223333
0 0.499125 0.560667 0.00775 0.0153333
0 0.337875 0.547833 0.00325 0.0116667
0 0.6 0.553833 0.003 0.011
0 0.450125 0.614667 0.02375 0.0206667
0 0.43575 0.566333 0.008 0.00866667
0 0.504625 0.493333 0.00725 0.01
0 0.603875 0.536667 0.00475 0.008
0 0.484 0.5955 0.0185 0.0143333
0 0.455 0.497833 0.0065 0.00833333
0 0.604875 0.549333 0.02025 0.024
0 0.175 0.587 0.0065 0.00466667
0 0.5415 0.604167 0.0135 0.0223333
0 0.416625 0.549833 0.05775 0.0423333
0 0.438625 0.527167 0.01175 0.00833333
0 0.45875 0.498667 0.0065 0.008
0 0.571125 0.614333 0.00275 0.00666667
0 0.391625 0.597667 0.00475 0.00466667
0 0.42975 0.492667 0.004 0.00933333
0 0.422 0.593333 0.0165 0.028
0 0.433625 0.5485 0.00325 0.013
0 0.84725 0.643333 0.0085 0.0153333
0 0.442375 0.5225 0.01725 0.0296667
0 0.346625 0.5385 0.01175 0.017
0 0.433375 0.553167 0.00375 0.011
0 0.30625 0.589 0.007 0.0106667
0 0.592125 0.536667 0.00575 0.0113333
0 0.84225 0.600833 0.0065 0.019
0 0.609375 0.602833 0.01775 0.019
0 0.625375 0.556167 0.02825 0.0356667
0 0.572375 0.645167 0.01525 0.0123333
0 0.550875 0.493833 0.01625 0.0316667
0 0.937875 0.582333 0.01475 0.0146667
0 0.3985 0.591167 0.0215 0.0163333
0 0.62125 0.5745 0.01 0.0143333
0 0.58 0.549333 0.0235 0.00866667
0 0.716875 0.592 0.00475 0.00733333
0 0.3215 0.6745 0.0215 0.013
0 0.645375 0.542667 0.00825 0.00933333
0 0.69725 0.604 0.0195 0.0233333
0 0.305625 0.595 0.01475 0.0126667
0 0.48775 0.583167 0.013 0.039
0 0.542625 0.555833 0.01925 0.031
0 0.277125 0.675833 0.02325 0.00633333
0 0.7415 0.595333 0.0045 0.0106667
0 0.5885 0.531 0.047 0.0393333
0 0.54975 0.590333 0.018 0.0106667
0 0.1495 0.588167 0.009 0.0116667
0 0.416625 0.487 0.03925 0.0413333
0 0.88775 0.606833 0.017 0.0236667
0 0.512375 0.557833 0.02125 0.0123333
0 0.6305 0.612167 0.0035 0.0356667
0 0.725125 0.544 0.04175 0.0313333
0 0.608125 0.548833 0.00525 0.007
0 0.557875 0.543833 0.01475 0.013
0 0.564375 0.5385 0.01275 0.0223333
0 0.176125 0.590833 0.02125 0.015
0 0.245625 0.608167 0.03225 0.025
0 0.404875 0.5855 0.01875 0.019
0 0.520625 0.511167 0.03975 0.053
0 0.445625 0.598667 0.00575 0.0146667
0 0.694625 0.5875 0.01175 0.0183333
0 0.43375 0.525833 0.019 0.015
0 0.400125 0.547833 0.00325 0.00766667
0 0.477 0.488833 0.015 0.0256667
0 0.240875 0.681667 0.01875 0.0233333
0 0.517 0.558833 0.021 0.023
0 0.371 0.582 0.0125 0.0133333
0 0.4135 0.511667 0.011 0.0146667
0 0.77175 0.551 0.0135 0.0146667
0 0.425875 0.498 0.03275 0.0306667
0 0.315375 0.599833 0.00625 0.0216667
0 0.433375 0.569833 0.00425 0.011
0 0.24675 0.550167 0.03 0.031
0 0.202625 0.610167 0.00475 0.0263333
0 0.750375 0.600167 0.00725 0.00633333
0 0.56125 0.575833 0.0165 0.023
0 0.137875 0.5935 0.01275 0.0143333
0 0.468375 0.4875 0.01425 0.021
0 0.762875 0.55 0.00975 0.0233333
0 0.57575 0.535833 0.0345 0.0396667
0 0.461625 0.550833 0.01575 0.0123333
0 0.625625 0.5745 0.02275 0.021
0 0.637375 0.542167 0.00825 0.013
0 0.438125 0.499333 0.04475 0.046
0 0.416 0.5535 0.0035 0.013
0 0.58575 0.537833 0.012 0.0283333
0 0.707125 0.592833 0.00625 0.035
0 0.26425 0.6085 0.026 0.013
0 0.24275 0.537667 0.02 0.0253333
0 0.845 0.649 0.0445 0.0486667
0 0.161875 0.6005 0.04675 0.0403333
0 0.3545 0.5935 0.0145 0.015
0 0.52025 0.6105 0.0145 0.031
0 0.167625 0.581167 0.00775 0.0303333
0 0.439 0.6305 0.025 0.0183333
0 0.559875 0.594667 0.02475 0.0193333
0 0.64225 0.583333 0.0155 0.018
0 0.320875 0.5535 0.02275 0.017
0 0.567375 0.607833 0.02525 0.011
0 0.3275 0.678333 0.0245 0.026
0 0.437375 0.554333 0.02275 0.024
0 0.327625 0.583167 0.00975 0.0236667
0 0.699 0.588667 0.0075 0.0113333
0 0.391875 0.549333 0.02475 0.018
0 0.75575 0.5835 0.0135 0.0336667
0 0.264375 0.581333 0.00775 0.0286667
0 0.505875 0.4815 0.02025 0.027
0 0.290625 0.683333 0.03425 0.0246667
0 0.843375 0.578 0.01275 0.00933333
0 0.44 0.621833 0.0085 0.015
0 0.446125 0.538167 0.02275 0.0483333
0 0.458125 0.55 0.01375 0.0233333
0 0.419625 0.550333 0.01325 0.0253333
0 0.411875 0.617 0.00575 0.032
0 0.770625 0.599333 0.01825 0.0333333
0 0.692625 0.611667 0.01125 0.016
0 0.93825 0.654833 0.019 0.0116667
0 0.842625 0.644333 0.00425 0.0126667
0 0.84575 0.602 0.02 0.0493333
0 0.44225 0.539833 0.0115 0.0103333
0 0.212125 0.6005 0.04425 0.0363333
0 0.243 0.5465 0.025 0.0163333
0 0.196375 0.591167 0.02475 0.0523333
0 0.4355 0.621833 0.0055 0.0223333
0 0.425625 0.583833 0.01575 0.0303333
0 0.511375 0.5455 0.01575 0.0283333
0 0.6375 0.586667 0.0185 0.0253333
0 0.183375 0.5885 0.01375 0.017
0 0.541 0.588667 0.0175 0.0193333
0 0.77325 0.583333 0.008 0.0173333
0 0.779 0.590333 0.0195 0.0113333
0 0.211875 0.584333 0.01275 0.0133333
0 0.729375 0.581333 0.00875 0.016
0 0.466375 0.594667 0.01625 0.02
0 0.192125 0.587667 0.05025 0.0346667
0 0.595625 0.509667 0.01025 0.042
0 0.573125 0.620167 0.02775 0.0123333
0 0.87325 0.6055 0.0065 0.027
0 0.421 0.617333 0.0075 0.0133333
0 0.422125 0.569167 0.01025 0.0123333
0 0.66075 0.605667 0.013 0.0126667
0 0.737875 0.536667 0.00625 0.0193333
0 0.825 0.605667 0.037 0.0273333
0 0.22075 0.577 0.0055 0.0373333
0 0.8415 0.584 0.0105 0.0366667
0 0.61425 0.608833 0.01 0.031
0 0.45 0.555167 0.0065 0.027
0 0.321875 0.600333 0.00825 0.0246667
0 0.397375 0.5445 0.01425 0.00833333
0 0.32325 0.608667 0.0285 0.0186667
0 0.604625 0.5935 0.01725 0.025
0 0.489625 0.586667 0.02925 0.0173333
0 0.7175 0.592167 0.008 0.0176667
0 0.270875 0.589667 0.01875 0.0193333
0 0.1585 0.596833 0.0255 0.0136667
0 0.44825 0.486667 0.0225 0.0226667
0 0.9295 0.596167 0.012 0.027
0 0.337125 0.536833 0.00575 0.0176667
0 0.55375 0.607167 0.015 0.0303333
0 0.72525 0.5375 0.018 0.021
0 0.797125 0.593833 0.01175 0.0283333
0 0.6195 0.608833 0.011 0.0276667
0 0.4875 0.555 0.0105 0.0313333
0 0.763125 0.600167 0.00575 0.041
0 0.456125 0.586667 0.01725 0.0253333
0 0.561875 0.506167 0.01425 0.0296667
0 0.414375 0.548 0.01825 0.01
0 0.488625 0.492667 0.01925 0.032
0 0.503875 0.560833 0.00775 0.033
0 0.4785 0.526667 0.012 0.0286667
0 0.131375 0.588667 0.00875 0.014
0 0.550125 0.626167 0.02575 0.0403333
0 0.36 0.657833 0.0185 0.029
0 0.795 0.586833 0.006 0.021
0 0.475125 0.515833 0.01325 0.023
0 0.505875 0.505333 0.02175 0.0253333
0 0.61775 0.6215 0.0105 0.035
0 0.759125 0.59 0.01425 0.0306667
0 0.517375 0.594667 0.01725 0.0413333
0 0.357375 0.6095 0.01225 0.0263333
0 0.6295 0.538 0.0125 0.0213333
0 0.5865 0.569833 0.0135 0.025
0 0.325 0.669833 0.019 0.029
0 0.383 0.509833 0.0205 0.019
0 0.733625 0.5815 0.01925 0.0203333
0 0.25375 0.5885 0.0145 0.0163333
0 0.6835 0.609667 0.0055 0.0213333
0 0.617375 0.597833 0.01275 0.0136667
0 0.333625 0.586833 0.01975 0.025
0 0.508375 0.592 0.00875 0.05
0 0.16475 0.605667 0.0155 0.0173333
0 0.52225 0.567833 0.006 0.0363333
0 0.39225 0.490167 0.0335 0.0383333
0 0.190125 0.594333 0.01025 0.028
0 0.919375 0.588167 0.02025 0.0223333
0 0.47425 0.5615 0.018 0.023
0 0.381625 0.600667 0.00925 0.0206667
0 0.39975 0.505167 0.013 0.023
0 0.618125 0.618833 0.02275 0.0243333
0 0.428 0.5315 0.01 0.0163333
0 0.574125 0.608833 0.00425 0.0343333
0 0.185375 0.597167 0.02625 0.0436667
0 0.407 0.5935 0.0085 0.017
0 0.312 0.588333 0.0045 0.00733333
0 0.534 0.485833 0.019 0.037
0 0.363625 0.586167 0.00275 0.0403333
0 0.38425 0.586667 0.0235 0.0173333
0 0.415125 0.5375 0.01425 0.027
0 0.4665 0.549333 0.015 0.0273333
0 0.308125 0.6055 0.00925 0.035
0 0.4255 0.567 0.0165 0.0253333
0 0.42 0.578667 0.004 0.0113333
0 0.268 0.597 0.016 0.0253333
0 0.603875 0.623 0.00725 0.016
0 0.752625 0.599333 0.00925 0.0346667
0 0.523 0.485167 0.0185 0.0316667
0 0.441125 0.606833 0.00425 0.0116667
0 0.365875 0.536667 0.01125 0.024
0 0.617875 0.587833 0.01875 0.021
0 0.84975 0.584 0.014 0.0326667
0 0.3875 0.618167 0.0125 0.00833333
0 0.5255 0.5175 0.012 0.0256667
0 0.878 0.583 0.0135 0.0233333
0 0.824375 0.599667 0.00775 0.0113333
0 0.1945 0.593667 0.0165 0.0326667
0 0.391375 0.535 0.00725 0.0273333
0 0.8215 0.604667 0.019 0.022
0 0.44475 0.527667 0.0105 0.0173333
0 0.437625 0.536833 0.02175 0.0156667
0 0.159875 0.606 0.00425 0.016
0 0.90275 0.589333 0.011 0.0213333
0 0.4325 0.506 0.0175 0.024
0 0.867375 0.588167 0.02375 0.0216667
0 0.416875 0.480667 0.02275 0.038
0 0.437875 0.500167 0.01075 0.0356667
0 0.755875 0.541667 0.01825 0.0266667
0 0.85925 0.584333 0.0075 0.028
0 0.571875 0.535333 0.02175 0.0253333
0 0.39175 0.582667 0.0105 0.0233333
0 0.15625 0.595 0.0095 0.0313333
0 0.857 0.599333 0.0145 0.032
0 0.312375 0.593667 0.01775 0.0173333
0 0.491 0.577 0.0065 0.0293333
0 0.57225 0.589167 0.016 0.0243333
0 0.528 0.568167 0.0125 0.0176667
0 0.759625 0.584667 0.02225 0.0526667
0 0.500625 0.566667 0.00775 0.0286667
0 0.37825 0.5885 0.0095 0.017
0 0.426 0.487833 0.021 0.0303333
0 0.226125 0.583167 0.02175 0.0256667
0 0.7665 0.598333 0.01 0.0273333
0 0.579125 0.616667 0.01075 0.0193333
0 0.36675 0.627167 0.0135 0.0143333
0 0.341375 0.549667 0.01875 0.0266667
0 0.646125 0.610333 0.02425 0.036
0 0.706875 0.5935 0.01575 0.023
0 0.332125 0.649167 0.01275 0.0223333
0 0.702125 0.608 0.02025 0.0353333
0 0.475625 0.543833 0.00925 0.0316667
0 0.679875 0.593 0.01025 0.0226667
0 0.216375 0.583167 0.02075 0.0243333
0 0.741625 0.601167 0.00975 0.0156667
0 0.248125 0.587333 0.01525 0.0166667
0 0.733 0.6005 0.008 0.029
0 0.59025 0.600667 0.0015 0.0333333
0 0.40525 0.488333 0.02 0.026
0 0.6025 0.5885 0.0035 0.015
0 0.567625 0.645833 0.01225 0.017
0 0.13325 0.592833 0.012 0.0203333
0 0.50975 0.571333 0.0245 0.0273333
0 0.65625 0.6045 0.0025 0.0156667
0 0.1715 0.5815 0.0145 0.0256667
0 0.6075 0.5885 0.0065 0.0183333
0 0.741125 0.542333 0.01425 0.032
0 0.345 0.585833 0.0135 0.0276667
0 0.198625 0.543667 0.00475 0.034
0 0.42025 0.493667 0.015 0.0413333
0 0.57225 0.544333 0.0155 0.02
0 0.89925 0.587667 0.008 0.0266667
0 0.145875 0.593667 0.00625 0.0173333
0 0.35025 0.586 0.0295 0.0226667
0 0.938875 0.592167 0.02525 0.0196667
0 0.914875 0.595667 0.01375 0.0253333
0 0.353375 0.5435 0.00825 0.0303333
0 0.592375 0.582 0.02525 0.0266667
0 0.783875 0.589 0.00775 0.014
0 0.4515 0.612167 0.0085 0.0296667
0 0.391625 0.543 0.01675 0.0213333
0 0.528125 0.594167 0.00575 0.0276667
0 0.558375 0.511167 0.00925 0.0296667
0 0.3665 0.622167 0.008 0.0256667
0 0.813 0.594333 0.01 0.0146667
0 0.704 0.543667 0.0035 0.0186667
0 0.404625 0.509833 0.01225 0.0383333
0 0.496375 0.5115 0.01025 0.0156667
0 0.302875 0.650667 0.02175 0.0213333
0 0.24625 0.616667 0.0165 0.0266667
0 0.326 0.547333 0.0245 0.0386667
0 0.4175 0.557333 0.02 0.0153333
0 0.433125 0.571667 0.00675 0.0233333
0 0.593375 0.536333 0.01825 0.0386667
0 0.150125 0.594167 0.01425 0.0243333
0 0.381 0.611167 0.007 0.0183333
0 0.799875 0.5875 0.00975 0.017
0 0.82025 0.599333 0.0105 0.0133333
0 0.651375 0.597333 0.01675 0.0346667
0 0.674375 0.586167 0.00575 0.0203333
0 0.493 0.482167 0.021 0.0363333
0 0.745 0.5925 0.003 0.017
0 0.33775 0.653667 0.0125 0.0253333
0 0.720125 0.587667 0.00725 0.0226667
0 0.548 0.627833 0.012 0.0396667
0 0.75875 0.549 0.0125 0.0193333
0 0.701 0.542833 0.015 0.0203333
0 0.66725 0.531333 0.0125 0.024
0 0.291375 0.611333 0.01125 0.0226667
0 0.266375 0.605167 0.00625 0.0116667
0 0.848125 0.650167 0.01925 0.0136667
0 0.894625 0.595 0.01675 0.0173333
0 0.249 0.612167 0.007 0.0183333
0 0.621375 0.55 0.01675 0.026
0 0.62525 0.5425 0.02 0.0363333
0 0.598 0.548833 0.013 0.0323333
0 0.291 0.6805 0.0175 0.0276667
0 0.5865 0.6055 0.0025 0.0276667
0 0.372375 0.587167 0.01775 0.017
0 0.74625 0.543667 0.0185 0.0253333
0 0.662625 0.6115 0.01375 0.017
0 0.404125 0.599167 0.00875 0.023
0 0.164125 0.581833 0.02275 0.0243333
0 0.331 0.6545 0.024 0.015
0 0.62475 0.581833 0.0115 0.0316667
0 0.50925 0.6055 0.015 0.0276667
0 0.4505 0.505333 0.014 0.0233333
0 0.617875 0.604 0.01875 0.0193333
0 0.24425 0.676 0.021 0.0173333
0 0.445375 0.606 0.01275 0.0226667
0 0.46425 0.533 0.025 0.032
0 0.69675 0.593 0.0035 0.0193333
0 0.146875 0.585333 0.02025 0.02
0 0.307375 0.588667 0.01275 0.03
0 0.721375 0.593333 0.02075 0.0213333
0 0.44525 0.5495 0.0115 0.0283333
0 0.2785 0.672833 0.0175 0.025
0 0.54575 0.625667 0.0245 0.024
0 0.5165 0.555 0.0125 0.0393333
0 0.16325 0.604833 0.022 0.0423333
0 0.5655 0.605667 0.0105 0.0393333
0 0.685875 0.604833 0.00925 0.0183333
0 0.469875 0.510167 0.00725 0.0403333
0 0.37525 0.593667 0.008 0.0266667
0 0.44225 0.531667 0.009 0.0193333
0 0.387875 0.492 0.02275 0.0253333
0 0.59975 0.576667 0.012 0.034
0 0.311625 0.538833 0.01575 0.025
0 0.937125 0.588333 0.01075 0.0386667
0 0.8075 0.586167 0.0055 0.0316667
0 0.891125 0.595 0.00825 0.0233333
0 0.417625 0.620167 0.01325 0.031
0 0.431625 0.521667 0.01025 0.0266667
0 0.695 0.5385 0.005 0.019
0 0.2665 0.587833 0.0085 0.0283333
0 0.24125 0.545333 0.01 0.026
0 0.348875 0.580667 0.00725 0.0213333
0 0.324625 0.548833 0.01125 0.0416667
0 0.60975 0.5445 0.0115 0.0283333
0 0.420875 0.554 0.02325 0.0273333
0 0.270875 0.604167 0.00825 0.0176667
0 0.4425 0.492333 0.023 0.032
0 0.3555 0.608833 0.028 0.0403333
0 0.644375 0.6055 0.01275 0.0276667
0 0.86625 0.582833 0.0115 0.0216667
0 0.24475 0.612 0.005 0.0186667
0 0.522125 0.6075 0.02725 0.0343333
0 0.39575 0.535833 0.0135 0.029
0 0.20725 0.610333 0.0135 0.0333333
0 0.687375 0.593833 0.01325 0.0276667
0 0.6415 0.591667 0.008 0.0293333
0 0.882125 0.599 0.01075 0.0373333
0 0.65425 0.537833 0.0125 0.025
0 0.517625 0.493833 0.02425 0.037
0 0.179375 0.587167 0.01425 0.0283333
0 0.63375 0.537667 0.015 0.032
0 0.676 0.592333 0.0105 0.034
0 0.590875 0.606 0.00975 0.0333333
0 0.3625 0.626167 0.007 0.015
0 0.709625 0.598 0.00225 0.0266667
0 0.711875 0.5935 0.00525 0.013
0 0.3365 0.648333 0.0055 0.0206667
0 0.49675 0.500333 0.0245 0.04
0 0.546 0.571667 0.0195 0.0246667
0 0.476125 0.491667 0.02525 0.036
0 0.342 0.536833 0.0075 0.0203333
0 0.372 0.622167 0.0035 0.0343333
0 0.62075 0.616167 0.008 0.0163333
0 0.35475 0.5475 0.0155 0.041
0 0.278875 0.599833 0.01325 0.0243333
0 0.697875 0.587667 0.01525 0.038
0 0.738625 0.604833 0.02125 0.0183333
0 0.687875 0.609833 0.01425 0.0216667
0 0.852875 0.577833 0.00475 0.0196667
0 0.663375 0.530833 0.00975 0.033
0 0.72825 0.600333 0.006 0.0193333
0 0.361875 0.621333 0.00225 0.024
0 0.80925 0.593667 0.014 0.026
0 0.843875 0.6505 0.00675 0.0116667
0 0.440875 0.629 0.01125 0.0246667
0 0.286125 0.539667 0.02025 0.0173333
0 0.386625 0.599167 0.01275 0.023
0 0.5375 0.609667 0.0155 0.0286667
0 0.437 0.549 0.0095 0.0293333
0 0.3875 0.581167 0.01 0.025
0 0.483 0.505333 0.0165 0.0273333
0 0.469125 0.561 0.00525 0.026
0 0.691125 0.594667 0.01375 0.0193333
0 0.521375 0.517167 0.00925 0.027
0 0.408375 0.598833 0.01425 0.0296667
0 0.672125 0.596 0.02625 0.0206667
0 0.536375 0.6045 0.00575 0.0236667
0 0.4715 0.564833 0.0095 0.039
0 0.320125 0.539333 0.01275 0.03
0 0.613125 0.5975 0.02075 0.0356667
0 0.924125 0.5875 0.00775 0.0336667
0 0.550625 0.586333 0.02325 0.0306667
0 0.453 0.550167 0.0085 0.0283333
0 0.18875 0.583 0.016 0.0193333
0 0.439125 0.503333 0.02325 0.0333333
0 0.671625 0.605167 0.01525 0.025
0 0.397125 0.504 0.02225 0.0386667
0 0.529875 0.537 0.01025 0.04
0 0.738 0.542167 0.026 0.041
0 0.50525 0.492167 0.0245 0.041
0 0.55275 0.544 0.014 0.0246667
0 0.200875 0.543333 0.02725 0.03
0 0.422125 0.601167 0.01175 0.021
0 0.87225 0.6045 0.028 0.0536667
0 0.479125 0.5945 0.01575 0.029
0 0.787875 0.5885 0.01175 0.023
0 0.395375 0.598333 0.01125 0.026
0 0.77525 0.588833 0.016 0.0196667
0 0.391875 0.503833 0.01225 0.0316667
0 0.845375 0.5835 0.01175 0.025
0 0.637625 0.581167 0.00875 0.027
0 0.42025 0.505667 0.0135 0.0293333
0 0.75475 0.548333 0.0055 0.0253333
0 0.72975 0.6055 0.0075 0.019
0 0.616 0.616167 0.005 0.0223333
0 0.567125 0.6425 0.02075 0.0403333
0 0.224625 0.577167 0.00775 0.0336667
0 0.643625 0.591667 0.02275 0.0493333
0 0.7 0.538667 0.01 0.012
0 0.767125 0.549 0.01475 0.0273333
0 0.43675 0.6285 0.0075 0.0263333
0 0.588625 0.504 0.02875 0.034
0 0.31075 0.600833 0.0035 0.0283333
0 0.2865 0.604167 0.0095 0.0276667
0 0.534375 0.552833 0.02775 0.039
0 0.6585 0.608667 0.0075 0.024
0 0.530125 0.599167 0.01025 0.0376667
0 0.531 0.502167 0.025 0.0356667
0 0.83775 0.611167 0.013 0.0263333
0 0.30875 0.592667 0.007 0.0293333
0 0.85475 0.599333 0.0245 0.056
0 0.57975 0.588167 0.0255 0.029
0 0.5425 0.493 0.026 0.04
0 0.831625 0.604667 0.00225 0.0213333
0 0.57475 0.614167 0.0115 0.0316667
0 0.42125 0.565667 0.0115 0.0346667
0 0.417125 0.497833 0.01725 0.0143333
0 0.94 0.661333 0.007 0.0233333
0 0.730625 0.580833 0.02225 0.0383333
0 0.599125 0.621333 0.00925 0.0233333
0 0.23075 0.5975 0.026 0.033
0 0.205375 0.610667 0.02675 0.0413333
0 0.42425 0.578 0.009 0.0173333
0 0.33825 0.540333 0.0205 0.0153333
0 0.709 0.5425 0.0075 0.0283333
0 0.501375 0.52 0.02525 0.0406667
0 0.547125 0.507667 0.02475 0.0426667
0 0.641 0.605 0.0065 0.032
0 0.605375 0.536667 0.02375 0.0413333
0 0.67 0.598 0.0075 0.032
0 0.45975 0.497667 0.0265 0.0346667
0 0.323875 0.606 0.01375 0.028
0 0.437 0.571167 0.0145 0.0276667
0 0.737625 0.5995 0.00875 0.0223333
0 0.51825 0.554 0.026 0.0453333
0 0.855 0.582667 0.013 0.0333333
0 0.6585 0.537 0.0155 0.032
0 0.434125 0.493 0.02325 0.0393333
0 0.393 0.537833 0.0245 0.0443333
0 0.4765 0.530167 0.0245 0.0336667
0 0.278375 0.669833 0.02675 0.013
0 0.836125 0.605667 0.00625 0.0206667
0 0.408625 0.5085 0.00825 0.033
0 0.375875 0.509833 0.02725 0.027
0 0.63825 0.616667 0.011 0.0293333
0 0.188875 0.582333 0.02325 0.0506667
0 0.435875 0.621333 0.01525 0.044
0 0.326875 0.587 0.02375 0.0326667
0 0.456 0.536667 0.0255 0.0326667
0 0.209625 0.582 0.02225 0.0353333
0 0.5395 0.587667 0.0245 0.038
0 0.7005 0.593167 0.01 0.0216667
0 0.49175 0.5105 0.0125 0.0276667
0 0.4565 0.611833 0.014 0.0283333
0 0.75825 0.599833 0.01 0.0283333
0 0.664 0.531167 0.0235 0.0476667
0 0.77275 0.559167 0.022 0.0336667
0 0.62225 0.602833 0.024 0.0296667
0 0.36625 0.581333 0.004 0.0253333
0 0.201 0.5765 0.0245 0.0343333
0 0.16825 0.577833 0.025 0.0403333
0 0.312625 0.606167 0.01525 0.031
0 0.309625 0.537833 0.02675 0.0543333
0 0.746625 0.598333 0.00775 0.0206667
0 0.415625 0.616167 0.00725 0.0256667
0 0.509375 0.547833 0.02625 0.0396667
0 0.31075 0.588 0.0215 0.0426667
0 0.56325 0.542 0.024 0.0353333
0 0.205125 0.5935 0.02575 0.0383333
0 0.379375 0.627167 0.01325 0.0296667
0 0.50575 0.61 0.0295 0.028
0 0.367375 0.5865 0.00975 0.037
0 0.381 0.599167 0.0225 0.029
0 0.759125 0.606167 0.01925 0.0316667
0 0.71325 0.597833 0.008 0.0243333
0 0.295875 0.61 0.00825 0.03
0 0.443375 0.5535 0.02575 0.0336667
0 0.54325 0.542167 0.025 0.0403333
0 0.551875 0.548333 0.02675 0.0406667
0 0.944375 0.661667 0.01325 0.032
0 0.401375 0.504 0.02625 0.018
0 0.71875 0.538167 0.023 0.0376667
0 0.495625 0.531333 0.00925 0.0346667
0 0.597375 0.509167 0.02725 0.033
0 0.4675 0.5095 0.0275 0.029
0 0.69225 0.537833 0.026 0.041
0 0.38375 0.615333 0.0085 0.034
0 0.876 0.583167 0.0255 0.043
0 0.363375 0.5425 0.02525 0.023
0 0.933375 0.588 0.02925 0.032
0 0.350875 0.548667 0.02775 0.024
0 0.6365 0.610833 0.004 0.0256667
0 0.584625 0.5425 0.02275 0.041
0 0.638375 0.543167 0.02575 0.039
0 0.130125 0.592333 0.02525 0.032
0 0.576375 0.508667 0.02925 0.0393333
0 0.5055 0.5355 0.0285 0.0283333
0 0.2515 0.591167 0.0255 0.0316667
0 0.517125 0.512833 0.02525 0.0243333
0 0.347375 0.582667 0.02175 0.0466667
0 0.54975 0.604333 0.009 0.0393333
0 0.5135 0.5655 0.026 0.0476667
0 0.317625 0.538 0.02575 0.042
0 0.572875 0.548333 0.02475 0.0413333
0 0.5385 0.57 0.0285 0.036
0 0.42325 0.5995 0.0275 0.047
0 0.563375 0.610833 0.02825 0.0383333
0 0.159375 0.594 0.02825 0.0346667
0 0.47975 0.503333 0.027 0.044
0 0.50975 0.592833 0.029 0.0316667
0 0.673125 0.588333 0.02275 0.0446667
0 0.464125 0.549333 0.02675 0.0413333
0 0.431875 0.508667 0.02575 0.0386667
0 0.451875 0.597167 0.02975 0.0343333
0 0.526375 0.570333 0.02975 0.028
0 0.42625 0.543 0.024 0.034
0 0.87975 0.603667 0.0285 0.034
0 0.2385 0.542667 0.0285 0.0406667
0 0.5595 0.581833 0.0265 0.0396667
0 0.584125 0.576667 0.02725 0.0286667
0 0.476375 0.553333 0.02975 0.0333333
0 0.45125 0.5035 0.0275 0.041
0 0.347875 0.598167 0.02575 0.0356667
0 0.61725 0.5415 0.0245 0.033
0 0.467875 0.564667 0.02925 0.0346667
0 0.6215 0.582 0.025 0.0393333
0 0.389125 0.503 0.02775 0.0273333
0 0.730375 0.536667 0.02525 0.036
0 0.33875 0.536667 0.026 0.0473333
0 0.64725 0.543333 0.0275 0.0333333
0 0.43975 0.531 0.027 0.028
0 0.56 0.509 0.0275 0.0453333
0 0.49775 0.565333 0.029 0.0446667
0 0.147375 0.591333 0.02725 0.0333333
0 0.764125 0.547667 0.02825 0.0333333
0 0.6855 0.608667 0.0275 0.0333333
0 0.41725 0.504 0.0265 0.0353333
0 0.409625 0.582333 0.02725 0.0306667
0 0.37275 0.5925 0.028 0.0336667
0 0.685 0.592667 0.0275 0.044
0 0.563625 0.592667 0.02825 0.0393333
0 0.59725 0.5775 0.0275 0.047
0 0.7505 0.548 0.0275 0.0466667
0 0.912875 0.599 0.02875 0.034
0 0.285625 0.543 0.02825 0.0353333
0 0.43475 0.520167 0.025 0.033
0 0.600875 0.553833 0.02625 0.0403333
0 0.489 0.554 0.028 0.0446667
0 0.2215 0.577 0.026 0.044
0 0.84275 0.649667 0.028 0.03
0 0.73575 0.603667 0.026 0.0526667
0 0.634375 0.582 0.02625 0.044
0 0.414 0.543167 0.0275 0.0396667
0 0.3025 0.6485 0.026 0.049
0 0.84225 0.581833 0.0265 0.035
0 0.434125 0.549167 0.02475 0.045
0 0.610375 0.547667 0.02725 0.04
0 0.630875 0.536667 0.02475 0.0566667
0 0.451375 0.548333 0.02675 0.0433333
0 0.92225 0.589 0.028 0.0373333
0 0.705625 0.542 0.02775 0.034
0 0.5255 0.536833 0.0275 0.0396667
0 0.264 0.5875 0.025 0.0403333
0 0.417875 0.5655 0.02925 0.033
0 0.488625 0.509 0.02825 0.0453333
0 0.71875 0.591833 0.0265 0.0436667
0 0.17675 0.586667 0.0255 0.0426667
0 0.467875 0.5935 0.02675 0.0396667
0 0.901375 0.592667 0.02875 0.0406667
0 0.401625 0.548167 0.02725 0.029
0 0.7975 0.592333 0.028 0.0346667
0 0.6555 0.537 0.0265 0.0486667
0 0.605375 0.587667 0.02625 0.0413333
0 0.40575 0.5095 0.028 0.0363333
0 0.3225 0.6055 0.0285 0.0456667
0 0.38475 0.582167 0.0265 0.0423333
0 0.3345 0.649167 0.0255 0.029
0 0.771875 0.587333 0.02675 0.0353333
0 0.8885 0.592667 0.0285 0.0473333
0 0.81875 0.599333 0.0245 0.0506667
0 0.80575 0.593333 0.028 0.0453333
0 0.40625 0.597833 0.027 0.0396667
0 0.361375 0.622333 0.02725 0.048
0 0.785 0.587833 0.028 0.047
0 0.455875 0.611667 0.02925 0.0406667
0 0.526375 0.597333 0.02975 0.0366667
0 0.863875 0.582833 0.02725 0.0503333
0 0.7265 0.603833 0.028 0.0416667
0 0.588375 0.605 0.02775 0.0353333
0 0.668 0.599167 0.026 0.0383333
0 0.655375 0.610667 0.02725 0.04
0 0.377625 0.626667 0.02875 0.0346667
0 0.28525 0.604167 0.026 0.0343333
0 0.9425 0.661167 0.029 0.0363333
0 0.443 0.6045 0.028 0.041
0 0.26825 0.604167 0.0255 0.0456667
0 0.572375 0.616 0.02775 0.0366667
0 0.851375 0.5815 0.02825 0.045
0 0.492875 0.5325 0.02875 0.0436667
0 0.835875 0.603167 0.02925 0.0463333
0 0.488875 0.582667 0.02925 0.038
0 0.613625 0.6155 0.02725 0.0443333
0 0.393875 0.599 0.02775 0.0353333
0 0.697625 0.5925 0.02825 0.0496667
0 0.4355 0.571167 0.0285 0.0383333
0 0.757125 0.604167 0.02775 0.0536667
0 0.31025 0.604333 0.028 0.0486667
0 0.535125 0.605833 0.02725 0.0443333
0 0.477375 0.593167 0.02825 0.0516667
0 0.244375 0.611 0.02625 0.0506667
0 0.380375 0.6145 0.02975 0.0416667
0 0.434375 0.6275 0.02725 0.0436667
0 0.42325 0.5765 0.0275 0.0416667
0 0.63575 0.609 0.0275 0.052
0 0.710125 0.598167 0.02825 0.0463333
0 0.36475 0.5825 0.0285 0.047
0 0.744375 0.5965 0.02625 0.0536667
0 0.29275 0.6105 0.028 0.0483333
0 0.597875 0.620833 0.02675 0.0396667
0 0.54625 0.605333 0.03 0.044
0 0.41475 0.6165 0.0275 0.0423333
