0 0.64925 0.550833 0.0075 0.0216667
0 0.40625 0.6525 0.0115 0.0216667
0 0.6565 0.550333 0.005 0.0253333
0 0.448 0.589 0.039 0.0573333
0 0.399125 0.371667 0.00925 0.04
0 0.3845 0.370667 0.018 0.0353333
0 0.56275 0.3745 0.004 0.007
0 0.507375 0.405667 0.01425 0.0333333
0 0.46125 0.37 0.0105 0.0113333
0 0.4905 0.4375 0.0605 0.0503333
0 0.458375 0.563833 0.01875 0.0276667
0 0.40375 0.409333 0.019 0.032
0 0.372 0.394833 0.014 0.0296667
0 0.70075 0.589333 0.062 0.0606667
0 0.42 0.407333 0.0255 0.024
0 0.478 0.358167 0.023 0.023
0 0.3285 0.625167 0.0205 0.0256667
0 0.55325 0.402 0.008 0.042
0 0.426125 0.524167 0.03475 0.0363333
0 0.792125 0.5935 0.04075 0.0316667
0 0.401625 0.637333 0.02025 0.022
0 0.6405 0.556667 0.024 0.0113333
0 0.53975 0.693333 0.0085 0.0186667
0 0.50725 0.6105 0.024 0.0136667
0 0.366 0.659 0.0165 0.0226667
0 0.457375 0.4865 0.00525 0.0503333
0 0.48625 0.731167 0.026 0.0216667
0 0.431375 0.631833 0.01225 0.015
0 0.681125 0.550667 0.00775 0.0366667
0 0.535875 0.568833 0.00975 0.0383333
0 0.34175 0.433 0.02 0.0233333
0 0.5685 0.586 0.005 0.0453333
0 0.361125 0.5925 0.04325 0.067
0 0.468 0.717667 0.0095 0.0393333
0 0.425375 0.401667 0.00375 0.0133333
0 0.518125 0.370333 0.01275 0.0446667
0 0.306125 0.631667 0.02325 0.0213333
0 0.4715 0.7255 0.0045 0.0163333
0 0.3755 0.366833 0.0105 0.0183333
0 0.369 0.6485 0.023 0.009
0 0.579125 0.718 0.05475 0.0666667
0 0.4435 0.703333 0.011 0.0373333
0 0.694875 0.560667 0.02675 0.00933333
0 0.62125 0.628833 0.0085 0.0143333
0 0.542625 0.691833 0.00425 0.011
0 0.498125 0.42 0.01425 0.0113333
0 0.60275 0.565833 0.02 0.0163333
0 0.696875 0.598333 0.03325 0.0266667
0 0.672 0.404333 0.0065 0.0126667
0 0.361875 0.465 0.00575 0.012
0 0.292125 0.591833 0.01975 0.0283333
0 0.429 0.426167 0.0095 0.011
0 0.55975 0.431833 0.0225 0.0183333
0 0.288 0.601833 0.029 0.0663333
0 0.54675 0.727167 0.011 0.00566667
0 0.666875 0.703833 0.06275 0.0476667
0 0.533125 0.3995 0.01425 0.0183333
0 0.546625 0.707333 0.01475 0.0193333
0 0.592625 0.66 0.02375 0.0273333
0 0.673375 0.725667 0.03175 0.0646667
0 0.443 0.524833 0.0335 0.0383333
0 0.435125 0.373333 0.01925 0.016
0 0.683375 0.5745 0.00775 0.00566667
0 0.818375 0.538667 0.01525 0.00866667
0 0.400875 0.648 0.00375 0.0166667
0 0.487625 0.546167 0.00625 0.011
0 0.3405 0.41 0.0375 0.0173333
0 0.739625 0.576 0.02725 0.0173333
0 0.646 0.3935 0.0615 0.0383333
0 0.5855 0.386 0.0095 0.0213333
0 0.36375 0.6005 0.0095 0.0223333
0 0.644125 0.668333 0.01175 0.0326667
0 0.293375 0.568 0.03025 0.0266667
0 0.571875 0.555 0.00625 0.024
0 0.675375 0.5985 0.00275 0.0396667
0 0.3395 0.6425 0.0105 0.0283333
0 0.463375 0.542333 0.05175 0.0613333
0 0.289125 0.650333 0.03275 0.016
0 0.742375 0.565833 0.03525 0.075
0 0.621125 0.3935 0.05925 0.051
0 0.32275 0.3975 0.0235 0.0183333
0 0.519625 0.615667 0.01075 0.0346667
0 0.749 0.582833 0.0135 0.0183333
0 0.5895 0.577167 0.0175 0.0143333
0 0.60825 0.606833 0.0075 0.00833333
0 0.4755 0.4815 0.0425 0.0263333
0 0.320875 0.410167 0.01175 0.0336667
0 0.440625 0.431833 0.00725 0.0316667
0 0.475 0.597833 0.027 0.019
0 0.4315 0.4605 0.0325 0.00966667
0 0.37675 0.646667 0.0135 0.0386667
0 0.662625 0.4005 0.00975 0.0143333
0 0.475375 0.608833 0.01625 0.0116667
0 0.5045 0.5505 0.005 0.00766667
0 0.37475 0.3695 0.007 0.0383333
0 0.355875 0.7405 0.01375 0.0443333
0 0.573125 0.584833 0.00525 0.047
0 0.60475 0.681167 0.0575 0.0636667
0 0.54075 0.388333 0.0465 0.0613333
0 0.4855 0.7435 0.0355 0.0216667
0 0.344125 0.65 0.01575 0.0233333
0 0.99475 0.0735 0.0105 0.051
0 0.48675 0.544167 0.013 0.015
0 0.34325 0.75 0.0325 0.028
0 0.48925 0.5635 0.014 0.0223333
0 0.597 0.602833 0.0465 0.065
0 0.603 0.434833 0.05 0.043
0 0.786875 0.536167 0.00825 0.0543333
0 0.49025 0.3255 0.0675 0.0383333
0 0.4805 0.582667 0.013 0.024
0 0.570125 0.370167 0.01125 0.0176667
0 0.61925 0.393 0.01 0.0306667
0 0.332125 0.404333 0.00425 0.0286667
0 0.37775 0.429 0.061 0.0506667
0 0.653125 0.398833 0.00675 0.017
0 0.55725 0.586333 0.0215 0.0233333
0 0.649625 0.558333 0.01875 0.012
0 0.59825 0.551667 0.006 0.0286667
0 0.419 0.725167 0.0215 0.0163333
0 0.39825 0.434167 0.004 0.0183333
0 0.521875 0.621833 0.02425 0.0216667
0 0.62075 0.572333 0.008 0.0293333
0 0.266375 0.756667 0.00875 0.0353333
0 0.713375 0.568 0.03025 0.0133333
0 0.67425 0.396 0.0445 0.0486667
0 0.6375 0.705667 0.044 0.082
0 0.512125 0.3625 0.00375 0.00966667
0 0.544625 0.732333 0.01275 0.0113333
0 0.66025 0.699167 0.0135 0.0436667
0 0.60175 0.6545 0.008 0.00966667
0 0.503 0.703833 0.0445 0.071
0 0.454 0.345667 0.0135 0.0226667
0 0.43175 0.5375 0.046 0.0596667
0 0.457875 0.381167 0.01175 0.033
0 0.613625 0.7165 0.04575 0.0743333
0 0.535875 0.436167 0.00425 0.033
0 0.551125 0.596 0.00475 0.0113333
0 0.378 0.649667 0.044 0.0666667
0 0.5475 0.457833 0.0115 0.0456667
0 0.47125 0.364333 0.003 0.0126667
0 0.61825 0.680833 0.009 0.0436667
0 0.393 0.388833 0.009 0.021
0 0.286125 0.508 0.00525 0.0253333
0 0.40675 0.623833 0.006 0.043
0 0.400875 0.745167 0.02275 0.0356667
0 0.660375 0.713333 0.03175 0.0806667
0 0.5105 0.603167 0.028 0.0116667
0 0.412375 0.606 0.02125 0.0153333
0 0.898 0.1255 0.0145 0.0316667
0 0.545875 0.371333 0.00475 0.0346667
0 0.493625 0.721667 0.03725 0.0693333
0 0.393375 0.516 0.00775 0.044
0 0.566 0.392333 0.02 0.02
0 0.603125 0.552167 0.01175 0.023
0 0.488375 0.566667 0.02425 0.0293333
0 0.524625 0.398167 0.00525 0.0143333
0 0.573125 0.596 0.01575 0.0193333
0 0.44475 0.361 0.01 0.0333333
0 0.64 0.561667 0.0195 0.016
0 0.37575 0.722167 0.047 0.0876667
0 0.452125 0.703167 0.00525 0.021
0 0.503375 0.458 0.01375 0.0406667
0 0.562125 0.680333 0.04675 0.0733333
0 0.6275 0.550833 0.0155 0.0176667
0 0.47375 0.427833 0.0145 0.0383333
0 0.369 0.654167 0.031 0.00633333
0 0.57125 0.622 0.0155 0.0426667
0 0.40375 0.7405 0.0315 0.0936667
0 0.483125 0.447167 0.03675 0.0203333
0 0.709625 0.594333 0.01275 0.0366667
0 0.431625 0.538 0.02475 0.0173333
0 0.6385 0.453667 0.0155 0.006
0 0.610875 0.5585 0.02075 0.0176667
0 0.556625 0.407333 0.04275 0.0653333
0 0.805625 0.564 0.04425 0.0506667
0 0.42 0.582167 0.021 0.021
0 0.509 0.368667 0.053 0.0553333
0 0.286 0.636833 0.02 0.015
0 0.521375 0.45 0.04275 0.0706667
0 0.475375 0.5485 0.02575 0.0216667
0 0.784625 0.526833 0.02425 0.0163333
0 0.3525 0.403333 0.024 0.0113333
0 0.65725 0.393 0.01 0.0286667
0 0.542 0.7175 0.0475 0.043
0 0.36325 0.649167 0.036 0.0623333
0 0.553625 0.470333 0.01925 0.03
0 0.443125 0.535167 0.00525 0.0356667
0 0.631625 0.391667 0.00725 0.028
0 0.655375 0.682 0.02125 0.018
0 0.4065 0.440167 0.0505 0.065
0 0.510125 0.563667 0.03325 0.074
0 0.360875 0.387167 0.00225 0.0343333
0 0.527875 0.390667 0.00975 0.012
0 0.4525 0.7235 0.0235 0.041
0 0.495625 0.544 0.02075 0.008
0 0.426125 0.375 0.05125 0.052
0 0.3645 0.7335 0.026 0.0243333
0 0.35825 0.3985 0.012 0.013
0 0.747375 0.5735 0.01025 0.039
0 0.300625 0.746667 0.00625 0.0566667
0 0.422625 0.72 0.03475 0.066
0 0.42225 0.629833 0.005 0.025
0 0.670875 0.7275 0.01325 0.0196667
0 0.739375 0.578833 0.00875 0.031
0 0.636625 0.461167 0.01925 0.0183333
0 0.700125 0.723 0.06475 0.062
0 0.294625 0.548833 0.02175 0.017
0 0.38175 0.432 0.0025 0.0346667
0 0.51225 0.6195 0.0255 0.0216667
0 0.466875 0.3825 0.02025 0.0123333
0 0.28575 0.588833 0.0135 0.027
0 0.375 0.469833 0.0045 0.0383333
0 0.589125 0.547833 0.04325 0.0596667
0 0.565 0.698667 0.0225 0.01
0 0.639375 0.7235 0.03425 0.025
0 0.639 0.4515 0.047 0.0356667
0 0.350875 0.625667 0.01975 0.0266667
0 0.68 0.5975 0.0055 0.051
0 0.72125 0.5505 0.0045 0.0303333
0 0.473625 0.7235 0.04325 0.073
0 0.577625 0.560833 0.01575 0.0183333
0 0.318875 0.398667 0.00575 0.032
0 0.370375 0.549667 0.01625 0.0146667
0 0.476 0.588833 0.032 0.0843333
0 0.524375 0.440333 0.02925 0.0186667
0 0.40075 0.526833 0.0265 0.021
0 0.490875 0.543667 0.00825 0.0213333
0 0.475625 0.6035 0.00725 0.0176667
0 0.497375 0.41 0.02525 0.03
0 0.339375 0.873833 0.02475 0.015
0 0.71375 0.562833 0.0105 0.0103333
0 0.551625 0.855167 0.00875 0.0316667
0 0.6045 0.608167 0.018 0.0276667
0 0.415 0.613 0.02 0.0253333
0 0.826125 0.559333 0.05225 0.05
0 0.3445 0.423167 0.0395 0.0656667
0 0.581875 0.724 0.01675 0.02
0 0.381875 0.409 0.02275 0.0146667
0 0.695875 0.707833 0.03925 0.0803333
0 0.69725 0.5975 0.0115 0.0543333
0 0.60975 0.577 0.026 0.024
0 0.388625 0.4115 0.02725 0.0316667
0 0.489375 0.377333 0.02025 0.02
0 0.3355 0.650667 0.012 0.0373333
0 0.666125 0.707167 0.01375 0.025
0 0.373375 0.4785 0.01475 0.025
0 0.7725 0.563333 0.025 0.0133333
0 0.28675 0.5055 0.019 0.0123333
0 0.521875 0.580333 0.00525 0.0173333
0 0.816625 0.539167 0.02225 0.0216667
0 0.541375 0.695 0.04925 0.054
0 0.279 0.588667 0.049 0.042
0 0.29525 0.511167 0.02 0.0156667
0 0.54225 0.728667 0.007 0.006
0 0.328 0.608167 0.0075 0.0396667
0 0.564625 0.453333 0.01675 0.028
0 0.450125 0.705 0.05625 0.0486667
0 0.388625 0.605 0.03375 0.066
0 0.289625 0.644833 0.01975 0.017
0 0.3675 0.5435 0.004 0.015
0 0.586125 0.546667 0.00275 0.0306667
0 0.577625 0.435667 0.05175 0.0546667
0 0.460375 0.8455 0.00825 0.0243333
0 0.642375 0.3945 0.02425 0.0263333
0 0.805875 0.572167 0.04125 0.015
0 0.49475 0.393 0.006 0.022
0 0.590875 0.701167 0.04225 0.0783333
0 0.372 0.503 0.0035 0.0266667
0 0.461 0.387667 0.0205 0.0273333
0 0.58525 0.355667 0.008 0.006
0 0.29125 0.599667 0.0505 0.0386667
0 0.4015 0.501333 0.0515 0.0726667
0 0.460875 0.453333 0.01875 0.0233333
0 0.711375 0.520167 0.04225 0.0683333
0 0.379875 0.4005 0.01475 0.00966667
0 0.553125 0.4745 0.04975 0.0543333
0 0.561125 0.405667 0.00475 0.008
0 0.622375 0.675833 0.00475 0.0296667
0 0.4435 0.525333 0.051 0.0746667
0 0.448125 0.454333 0.00625 0.0266667
0 0.4315 0.395667 0.0255 0.0133333
0 0.580875 0.361667 0.00875 0.00866667
0 0.472625 0.3915 0.02225 0.011
0 0.5 0.543167 0.018 0.0256667
0 0.384375 0.597833 0.00425 0.0416667
0 0.423375 0.715167 0.02375 0.013
0 0.342 0.404667 0.0075 0.012
0 0.50825 0.364667 0.0035 0.036
0 0.55525 0.426 0.0215 0.0206667
0 0.38125 0.652833 0.016 0.0216667
0 0.406125 0.634 0.04425 0.064
0 0.364375 0.646833 0.01475 0.0156667
0 0.67125 0.5635 0.0125 0.025
0 0.693625 0.529833 0.00125 0.0416667
0 0.585875 0.720167 0.01075 0.0143333
0 0.323625 0.404333 0.01425 0.014
0 0.538125 0.637167 0.03725 0.0776667
0 0.320125 0.408 0.00975 0.0166667
0 0.4275 0.6295 0.031 0.0783333
0 0.600375 0.381833 0.01275 0.0103333
0 0.66025 0.542167 0.006 0.0476667
0 0.78725 0.529167 0.0565 0.0696667
0 0.29875 0.736 0.013 0.0493333
0 0.781125 0.563167 0.01825 0.0383333
0 0.763625 0.5235 0.05125 0.055
0 0.41825 0.720167 0.0075 0.011
0 0.7755 0.561333 0.0425 0.0666667
0 0.643125 0.673667 0.03175 0.066
0 0.365625 0.543 0.00925 0.028
0 0.389125 0.597167 0.00575 0.0403333
0 0.67075 0.384167 0.0205 0.0176667
0 0.43475 0.397667 0.017 0.0246667
0 0.75625 0.550833 0.015 0.0243333
0 0.598625 0.661667 0.01975 0.0133333
0 0.7225 0.556833 0.0065 0.015
0 0.49625 0.592 0.0285 0.0126667
0 0.51025 0.594833 0.0075 0.0236667
0 0.717875 0.560833 0.01975 0.0136667
0 0.265125 0.743167 0.01175 0.0503333
0 0.6975 0.523833 0.0005 0.0363333
0 0.464125 0.446833 0.00675 0.0163333
0 0.639875 0.46 0.01875 0.0106667
0 0.7895 0.532667 0.0105 0.0226667
0 0.56925 0.5945 0.007 0.0203333
0 0.535625 0.694 0.02725 0.024
0 0.458125 0.589833 0.03125 0.0863333
0 0.344875 0.625833 0.03525 0.071
0 0.550875 0.374333 0.01225 0.026
0 0.361 0.7405 0.0445 0.0776667
0 0.570875 0.590833 0.04075 0.0723333
0 0.591375 0.394167 0.01875 0.0203333
0 0.600625 0.854167 0.02175 0.045
0 0.560625 0.378167 0.02125 0.0203333
0 0.600125 0.425167 0.01325 0.0243333
0 0.65425 0.591333 0.037 0.0706667
0 0.38075 0.647333 0.0095 0.0213333
0 0.463375 0.476 0.01925 0.016
0 0.439 0.5975 0.0065 0.0376667
0 0.510625 0.556167 0.00375 0.039
0 0.484 0.613833 0.0035 0.027
0 0.48025 0.7385 0.0105 0.015
0 0.37725 0.4965 0.0035 0.0423333
0 0.66075 0.5475 0.04 0.0696667
0 0.693375 0.725333 0.02425 0.0306667
0 0.543 0.6955 0.0255 0.0323333
0 0.491125 0.371833 0.00675 0.0176667
0 0.52775 0.415833 0.017 0.0183333
0 0.535875 0.6415 0.01275 0.0203333
0 0.73 0.563167 0.004 0.0143333
0 0.4535 0.339833 0.006 0.0176667
0 0.569 0.588 0.0265 0.0146667
0 0.4975 0.711667 0.002 0.026
0 0.620375 0.626667 0.01925 0.038
0 0.63525 0.581 0.0155 0.0186667
0 0.364625 0.652833 0.01425 0.013
0 0.623875 0.686 0.01425 0.0233333
0 0.51 0.568333 0.0115 0.0186667
0 0.590375 0.541667 0.00325 0.0246667
0 0.693 0.7155 0.019 0.035
0 0.494875 0.436333 0.01425 0.0173333
0 0.569875 0.428167 0.00325 0.0123333
0 0.597375 0.421667 0.01525 0.0106667
0 0.64325 0.681333 0.0215 0.0113333
0 0.400875 0.738 0.01275 0.0306667
0 0.59625 0.382833 0.011 0.00833333
0 0.668125 0.572167 0.02425 0.0203333
0 0.40525 0.5905 0.043 0.0623333
0 0.36075 0.605 0.0155 0.0246667
0 0.385625 0.438167 0.00975 0.0183333
0 0.595625 0.548833 0.00525 0.009
0 0.4525 0.485333 0.0585 0.078
0 0.709125 0.561333 0.00575 0.0126667
0 0.612 0.547667 0.0455 0.0786667
0 0.5535 0.855 0.067 0.0633333
0 0.659875 0.56 0.02125 0.0166667
0 0.376125 0.476833 0.00475 0.0183333
0 0.5235 0.613833 0.0105 0.015
0 0.684375 0.540667 0.00125 0.0353333
0 0.401375 0.654 0.01325 0.0206667
0 0.338625 0.743667 0.01725 0.026
0 0.47175 0.537833 0.003 0.0376667
0 0.45275 0.709333 0.02 0.0266667
0 0.28225 0.593333 0.014 0.046
0 0.592125 0.653167 0.05275 0.0343333
0 0.785375 0.536167 0.02225 0.0183333
0 0.301 0.642667 0.0035 0.028
0 0.495875 0.364 0.01075 0.0153333
0 0.58975 0.5805 0.0255 0.0256667
0 0.509625 0.376 0.01675 0.026
0 0.59175 0.588 0.0115 0.016
0 0.51425 0.47 0.0085 0.0153333
0 0.49 0.721333 0.025 0.024
0 0.432375 0.425667 0.01925 0.0166667
0 0.703 0.531667 0.002 0.0173333
0 0.5685 0.3675 0.028 0.0256667
0 0.426625 0.483333 0.00425 0.022
0 0.339125 0.623833 0.01275 0.039
0 0.434875 0.596667 0.00625 0.0393333
0 0.537125 0.638833 0.02275 0.0276667
0 0.61325 0.718167 0.0035 0.0216667
0 0.78875 0.582167 0.0415 0.0683333
0 0.5575 0.437667 0.0125 0.0146667
0 0.597125 0.655667 0.00925 0.012
0 0.37675 0.722667 0.0165 0.028
0 0.556625 0.399167 0.00275 0.0343333
0 0.627375 0.545 0.00825 0.0166667
0 0.50125 0.708667 0.0085 0.0246667
0 0.46375 0.520667 0.0045 0.0246667
0 0.49675 0.586667 0.0055 0.018
0 0.61775 0.720833 0.0075 0.0256667
0 0.603 0.5575 0.0175 0.013
0 0.691 0.577 0.0115 0.0153333
0 0.376125 0.469833 0.02975 0.0243333
0 0.493125 0.59 0.01025 0.0133333
0 0.30225 0.7455 0.009 0.023
0 0.262625 0.755167 0.00475 0.0336667
0 0.53325 0.365333 0.0065 0.0273333
0 0.34125 0.743 0.0395 0.0813333
0 0.390875 0.421833 0.01575 0.0316667
0 0.49425 0.527333 0.0185 0.0126667
0 0.822625 0.559167 0.00625 0.025
0 0.7555 0.545167 0.008 0.0223333
0 0.399375 0.404167 0.00325 0.029
0 0.583875 0.372 0.00925 0.0186667
0 0.42075 0.456667 0.0275 0.0166667
0 0.478625 0.3675 0.01325 0.011
0 0.41475 0.453 0.0055 0.0146667
0 0.424875 0.404667 0.00875 0.0226667
0 0.35525 0.4955 0.011 0.043
0 0.47375 0.359667 0.0065 0.0266667
0 0.520875 0.367167 0.01175 0.0176667
0 0.35325 0.392 0.0075 0.0233333
0 0.484625 0.74 0.01825 0.0186667
0 0.4595 0.597167 0.0075 0.031
0 0.481375 0.474 0.05725 0.058
0 0.262125 0.745167 0.04575 0.083
0 0.426625 0.502667 0.05025 0.078
0 0.643625 0.389167 0.00425 0.00966667
0 0.5845 0.405 0.013 0.0206667
0 0.59725 0.691 0.006 0.0213333
0 0.624 0.679667 0.041 0.064
0 0.6695 0.388833 0.006 0.0156667
0 0.46225 0.518667 0.0445 0.074
0 0.572875 0.590667 0.00775 0.018
0 0.785125 0.581 0.01025 0.0346667
0 0.542125 0.709 0.01325 0.0226667
0 0.57625 0.438167 0.0045 0.0296667
0 0.381875 0.437333 0.00725 0.02
0 0.555875 0.8555 0.01525 0.0383333
0 0.327125 0.611167 0.03775 0.069
0 0.42075 0.3595 0.017 0.0223333
0 0.55575 0.596167 0.0165 0.0136667
0 0.6715 0.733167 0.0105 0.0136667
0 0.430625 0.531667 0.00775 0.0193333
0 0.638625 0.674167 0.00525 0.011
0 0.454375 0.402667 0.02675 0.0486667
0 0.327375 0.486 0.02725 0.0146667
0 0.5385 0.5975 0.008 0.0196667
0 0.296625 0.743 0.04625 0.0633333
0 0.60925 0.677333 0.0205 0.0226667
0 0.505625 0.562833 0.00475 0.015
0 0.426625 0.629833 0.01125 0.0183333
0 0.631375 0.550667 0.01475 0.0126667
0 0.542 0.728667 0.025 0.0346667
0 0.634875 0.722167 0.01575 0.0276667
0 0.672125 0.567667 0.00725 0.0146667
0 0.363875 0.5255 0.00475 0.0303333
0 0.38525 0.381833 0.0205 0.0216667
0 0.444 0.4325 0.012 0.025
0 0.554375 0.3725 0.00875 0.0116667
0 0.57275 0.675167 0.008 0.0223333
0 0.719625 0.595 0.00675 0.0133333
0 0.34475 0.3815 0.0065 0.0163333
0 0.482 0.421833 0.015 0.027
0 0.738375 0.535333 0.00825 0.0333333
0 0.614875 0.397667 0.00625 0.0113333
0 0.48925 0.7245 0.0125 0.0283333
0 0.512125 0.474333 0.01025 0.0273333
0 0.75875 0.694833 0.018 0.009
0 0.341 0.387 0.008 0.0153333
0 0.50975 0.614167 0.0045 0.021
0 0.295125 0.546833 0.03775 0.0763333
0 0.536125 0.387333 0.01375 0.0246667
0 0.474875 0.381167 0.01775 0.0263333
0 0.673875 0.403333 0.01425 0.0266667
0 0.42025 0.572167 0.0395 0.065
0 0.59725 0.603 0.002 0.03
0 0.57975 0.711833 0.003 0.0343333
0 0.495125 0.3275 0.01025 0.0156667
0 0.381 0.5205 0.0235 0.029
0 0.53825 0.566 0.005 0.034
0 0.58 0.717167 0.0045 0.0163333
0 0.556875 0.8605 0.03375 0.0316667
0 0.3435 0.423833 0.0045 0.0196667
0 0.486125 0.550667 0.01975 0.016
0 0.7345 0.562 0.0105 0.028
0 0.76025 0.546333 0.0125 0.02
0 0.425125 0.505167 0.00725 0.0356667
0 0.601625 0.421333 0.02425 0.05
0 0.539375 0.647833 0.01025 0.025
0 0.540875 0.393167 0.02525 0.0163333
0 0.443625 0.410333 0.01925 0.0213333
0 0.499625 0.425667 0.01675 0.0326667
0 0.57075 0.378167 0.008 0.009
0 0.3845 0.417167 0.0045 0.0236667
0 0.4685 0.4535 0.015 0.015
0 0.56875 0.693667 0.0115 0.0233333
0 0.606375 0.436667 0.01225 0.018
0 0.465125 0.4215 0.01225 0.0296667
0 0.323375 0.4805 0.01775 0.0196667
0 0.643375 0.676 0.01275 0.0126667
0 0.40925 0.606833 0.002 0.0176667
0 0.389875 0.598833 0.02925 0.017
0 0.713875 0.520167 0.01175 0.0283333
0 0.46825 0.4485 0.0105 0.0163333
0 0.45825 0.377833 0.022 0.017
0 0.4 0.410667 0.006 0.0173333
0 0.542375 0.710833 0.02875 0.0303333
0 0.428375 0.400167 0.00525 0.0236667
0 0.700875 0.560667 0.00625 0.0226667
0 0.357375 0.484833 0.00725 0.035
0 0.6175 0.590167 0.0075 0.0203333
0 0.28775 0.647 0.011 0.0366667
0 0.38925 0.731167 0.015 0.021
0 0.582125 0.392667 0.01175 0.0326667
0 0.567875 0.5895 0.00425 0.017
0 0.65125 0.398 0.019 0.0273333
0 0.577125 0.6745 0.00975 0.0216667
0 0.589125 0.7075 0.00375 0.0243333
0 0.573125 0.6795 0.01525 0.0156667
0 0.501875 0.714833 0.00575 0.019
0 0.4435 0.394167 0.01 0.025
0 0.40225 0.656 0.0275 0.0533333
0 0.543 0.565833 0.0155 0.0396667
0 0.468 0.7285 0.006 0.025
0 0.306 0.636833 0.0345 0.0836667
0 0.585875 0.409667 0.02525 0.0333333
0 0.3845 0.432667 0.004 0.0346667
0 0.5435 0.464 0.0085 0.0386667
0 0.51125 0.405667 0.0075 0.0186667
0 0.40625 0.585833 0.0095 0.0263333
0 0.80675 0.5655 0.014 0.021
0 0.40175 0.590167 0.01 0.019
0 0.530125 0.374667 0.01575 0.0306667
0 0.486125 0.433667 0.02625 0.026
0 0.3985 0.521667 0.007 0.018
0 0.490875 0.3275 0.01075 0.017
0 0.7095 0.522667 0.0045 0.026
0 0.603 0.554 0.025 0.0266667
0 0.42375 0.3675 0.016 0.017
0 0.827 0.560833 0.0095 0.025
0 0.428 0.459167 0.0155 0.011
0 0.45525 0.594833 0.0045 0.031
0 0.381625 0.513333 0.00975 0.0166667
0 0.398 0.481167 0.0065 0.0263333
0 0.48275 0.442667 0.0225 0.022
0 0.615 0.547333 0.0145 0.0206667
0 0.495875 0.333167 0.01525 0.0183333
0 0.363 0.3725 0.016 0.015
0 0.627375 0.590833 0.00525 0.017
0 0.433625 0.839333 0.01275 0.024
0 0.443875 0.367333 0.02325 0.0153333
0 0.471625 0.6025 0.00975 0.0243333
0 0.292875 0.5545 0.01225 0.0216667
0 0.593125 0.709833 0.00575 0.023
0 0.423 0.72 0.016 0.0166667
0 0.404875 0.377833 0.01675 0.025
0 0.38575 0.513667 0.0145 0.0226667
0 0.379 0.404667 0.0035 0.0153333
0 0.601625 0.6935 0.01175 0.0216667
0 0.76825 0.531 0.01 0.0286667
0 0.648125 0.389333 0.01125 0.0153333
0 0.398125 0.503167 0.01125 0.033
0 0.454875 0.460833 0.02075 0.0203333
0 0.43075 0.481 0.01 0.038
0 0.614875 0.564167 0.00425 0.0343333
0 0.6325 0.404667 0.0145 0.0153333
0 0.458 0.3455 0.013 0.0176667
0 0.451375 0.406167 0.02175 0.0183333
0 0.46 0.524 0.0145 0.0306667
0 0.493375 0.730667 0.01575 0.026
0 0.58625 0.360333 0.016 0.012
0 0.58225 0.586833 0.0095 0.0276667
0 0.518625 0.443333 0.00575 0.0406667
0 0.422 0.507833 0.007 0.0263333
0 0.509875 0.471167 0.00825 0.0156667
0 0.67375 0.384167 0.004 0.019
0 0.698125 0.562667 0.00825 0.018
0 0.602125 0.6 0.00175 0.0273333
0 0.679625 0.545167 0.00225 0.0263333
0 0.4065 0.469833 0.0135 0.0203333
0 0.6405 0.461167 0.0235 0.0463333
0 0.528125 0.432333 0.00475 0.028
0 0.368 0.525667 0.0065 0.0273333
0 0.631375 0.545167 0.01225 0.0143333
0 0.553125 0.4375 0.00775 0.0176667
0 0.517375 0.578333 0.00575 0.0253333
0 0.504875 0.595167 0.00675 0.0243333
0 0.589125 0.370833 0.01425 0.0223333
0 0.4595 0.519833 0.0055 0.027
0 0.435 0.530333 0.008 0.0266667
0 0.54325 0.372167 0.0215 0.025
0 0.49225 0.585 0.005 0.0246667
0 0.35775 0.365833 0.005 0.0163333
0 0.507 0.363667 0.0165 0.0333333
0 0.353125 0.398 0.01925 0.0206667
0 0.403 0.4695 0.005 0.025
0 0.435625 0.535667 0.01475 0.0306667
0 0.47825 0.381167 0.0025 0.0236667
0 0.510125 0.562833 0.00775 0.023
0 0.569 0.432 0.003 0.0233333
0 0.657375 0.398833 0.01675 0.0223333
0 0.363875 0.544167 0.02875 0.049
0 0.419625 0.451333 0.01725 0.0213333
0 0.701375 0.564667 0.01375 0.0166667
0 0.3785 0.371333 0.0185 0.022
0 0.396625 0.515167 0.02425 0.0203333
0 0.4325 0.446667 0.0065 0.0306667
0 0.68425 0.546833 0.008 0.021
0 0.41575 0.408833 0.0025 0.0363333
0 0.476875 0.581 0.01525 0.0333333
0 0.8025 0.5645 0.013 0.0256667
0 0.785375 0.532 0.01175 0.0253333
0 0.557 0.477 0.0115 0.022
0 0.639625 0.586167 0.01975 0.0203333
0 0.57275 0.559833 0.0145 0.0243333
0 0.400875 0.629833 0.00825 0.0276667
0 0.642875 0.550833 0.00425 0.0276667
0 0.544875 0.414667 0.00425 0.0253333
0 0.68975 0.565333 0.0235 0.018
0 0.6225 0.681667 0.008 0.024
0 0.680875 0.606333 0.01375 0.036
0 0.676 0.402333 0.0055 0.0173333
0 0.65125 0.591 0.008 0.0226667
0 0.611 0.552333 0.0145 0.0186667
0 0.298 0.555167 0.0155 0.023
0 0.566125 0.399667 0.00925 0.0186667
0 0.45625 0.449 0.0175 0.012
0 0.7435 0.5345 0.007 0.037
0 0.601 0.437667 0.0115 0.0133333
0 0.71 0.519 0.01 0.0253333
0 0.4885 0.4935 0.004 0.0236667
0 0.692875 0.721667 0.01175 0.022
0 0.586625 0.580167 0.00725 0.0236667
0 0.382375 0.400667 0.00375 0.0186667
0 0.7645 0.529167 0.012 0.033
0 0.38975 0.603 0.0135 0.0226667
0 0.362375 0.366167 0.00925 0.017
0 0.513875 0.4715 0.02575 0.0523333
0 0.4365 0.444667 0.0055 0.034
0 0.318625 0.403333 0.01375 0.0186667
0 0.609625 0.572 0.00325 0.0213333
0 0.327375 0.618167 0.01375 0.0196667
0 0.447625 0.535833 0.01075 0.035
0 0.3985 0.4395 0.014 0.017
0 0.345 0.386167 0.0165 0.015
0 0.40775 0.373667 0.0085 0.0146667
0 0.654875 0.706167 0.00925 0.0316667
0 0.505625 0.6005 0.01675 0.021
0 0.5625 0.405333 0.025 0.0493333
0 0.447625 0.491167 0.01125 0.031
0 0.52725 0.613667 0.013 0.0213333
0 0.3625 0.389 0.024 0.0186667
0 0.40225 0.502167 0.0095 0.031
0 0.574625 0.436167 0.01225 0.0196667
0 0.42925 0.402667 0.0135 0.0206667
0 0.3575 0.469167 0.0055 0.0216667
0 0.481375 0.477333 0.01525 0.0333333
0 0.356625 0.565833 0.01775 0.019
0 0.492875 0.492333 0.01025 0.0306667
0 0.476625 0.543 0.01125 0.038
0 0.524625 0.431167 0.00325 0.0323333
0 0.532875 0.372 0.00875 0.0173333
0 0.414375 0.608 0.00725 0.0233333
0 0.439625 0.601667 0.01175 0.0226667
0 0.45725 0.340333 0.007 0.0206667
0 0.51225 0.373167 0.008 0.0163333
0 0.449375 0.417167 0.01525 0.0116667
0 0.377375 0.500833 0.01175 0.0236667
0 0.423125 0.5755 0.01075 0.0316667
0 0.656875 0.596667 0.01275 0.0233333
0 0.305875 0.644333 0.01075 0.0286667
0 0.5985 0.387833 0.0145 0.0183333
0 0.564125 0.6905 0.01075 0.0236667
0 0.435375 0.601167 0.00975 0.0196667
0 0.35825 0.572167 0.0225 0.0203333
0 0.44925 0.394333 0.0235 0.0193333
0 0.68675 0.5755 0.015 0.0176667
0 0.630875 0.398667 0.00925 0.0173333
0 0.5845 0.376333 0.0255 0.0353333
0 0.571 0.403667 0.018 0.022
0 0.2895 0.503167 0.013 0.0276667
0 0.6185 0.398833 0.0175 0.0183333
0 0.356625 0.486833 0.02875 0.0203333
0 0.418625 0.574667 0.00975 0.0293333
0 0.6995 0.535333 0.0085 0.0306667
0 0.431125 0.376333 0.00825 0.0466667
0 0.52725 0.394333 0.0145 0.0273333
0 0.67425 0.388833 0.012 0.0176667
0 0.372125 0.4735 0.00525 0.0216667
0 0.4015 0.482333 0.0165 0.0306667
0 0.4885 0.614167 0.0125 0.0263333
0 0.566125 0.370833 0.00275 0.0203333
0 0.394375 0.518167 0.00575 0.0256667
0 0.403 0.4305 0.0075 0.0316667
0 0.776375 0.570833 0.01825 0.035
0 0.29825 0.743667 0.019 0.0253333
0 0.4275 0.453167 0.011 0.023
0 0.499625 0.443167 0.01075 0.033
0 0.51675 0.409167 0.02 0.0236667
0 0.44525 0.361333 0.023 0.018
0 0.591 0.706167 0.022 0.0263333
0 0.4485 0.458667 0.0195 0.02
0 0.694375 0.591 0.01525 0.026
0 0.764125 0.524667 0.00575 0.0373333
0 0.416375 0.4145 0.01375 0.0236667
0 0.74475 0.5815 0.014 0.029
0 0.598 0.656167 0.022 0.0456667
0 0.380875 0.438 0.02625 0.0493333
0 0.79025 0.581667 0.013 0.0353333
0 0.359875 0.737833 0.00775 0.035
0 0.499125 0.3925 0.00725 0.029
0 0.447875 0.7045 0.00775 0.0223333
0 0.49575 0.370833 0.0115 0.0216667
0 0.525875 0.437333 0.01175 0.0313333
0 0.33975 0.7425 0.0225 0.051
0 0.643875 0.555833 0.01475 0.0203333
0 0.5295 0.437 0.0105 0.026
0 0.385 0.601833 0.0095 0.0236667
0 0.344625 0.625667 0.01475 0.0253333
0 0.664 0.581167 0.0285 0.0263333
0 0.36225 0.3935 0.0055 0.0276667
0 0.436875 0.448 0.01775 0.0266667
0 0.458125 0.454167 0.02125 0.009
0 0.35775 0.493833 0.009 0.013
0 0.67375 0.408833 0.0055 0.0143333
0 0.55425 0.442 0.0155 0.0246667
0 0.659875 0.5475 0.01175 0.0363333
0 0.6775 0.408167 0.0105 0.0163333
0 0.427125 0.487667 0.01225 0.0273333
0 0.365125 0.389167 0.00175 0.0216667
0 0.603375 0.441667 0.01525 0.026
0 0.479125 0.429 0.01825 0.0253333
0 0.528375 0.371 0.00675 0.0206667
0 0.3825 0.647167 0.028 0.0463333
0 0.42775 0.383833 0.011 0.021
0 0.359 0.370833 0.0085 0.0243333
0 0.3615 0.469833 0.0115 0.025
0 0.353125 0.485333 0.00325 0.0373333
0 0.556125 0.861 0.02475 0.0606667
0 0.675875 0.606333 0.00925 0.0346667
0 0.6315 0.5915 0.01 0.021
0 0.443625 0.4325 0.02525 0.0416667
0 0.516375 0.366167 0.01475 0.0216667
0 0.40625 0.630667 0.0135 0.0306667
0 0.50325 0.438833 0.007 0.0296667
0 0.348 0.423667 0.0095 0.022
0 0.632625 0.596167 0.01575 0.0223333
0 0.372875 0.5055 0.02575 0.0523333
0 0.55425 0.481667 0.0195 0.0293333
0 0.352 0.565167 0.008 0.0223333
0 0.519 0.447333 0.0155 0.0333333
0 0.4615 0.3765 0.0095 0.0276667
0 0.397875 0.388 0.02425 0.0426667
0 0.431625 0.425 0.02475 0.032
0 0.507625 0.371667 0.00575 0.0186667
0 0.500125 0.551333 0.01075 0.0273333
0 0.383125 0.404167 0.01125 0.019
0 0.404 0.4105 0.0085 0.0263333
0 0.602625 0.604 0.00925 0.0206667
0 0.4485 0.359667 0.007 0.024
0 0.546625 0.465833 0.02625 0.0363333
0 0.566125 0.426167 0.00825 0.0176667
0 0.497625 0.396333 0.02025 0.0333333
0 0.49875 0.405 0.0095 0.0366667
0 0.385375 0.423 0.01225 0.0286667
0 0.549375 0.370167 0.00575 0.025
0 0.72125 0.556167 0.0275 0.041
0 0.56675 0.3765 0.0095 0.019
0 0.574 0.430167 0.006 0.0223333
0 0.825375 0.562167 0.02575 0.0283333
0 0.761 0.695333 0.014 0.0353333
0 0.474 0.365333 0.0115 0.024
0 0.36375 0.606 0.023 0.048
0 0.53925 0.569833 0.01 0.0263333
0 0.590375 0.546 0.00775 0.0206667
0 0.421875 0.365 0.02625 0.034
0 0.54025 0.436 0.009 0.0266667
0 0.45175 0.488 0.008 0.044
0 0.660375 0.5655 0.02625 0.019
0 0.292625 0.508333 0.02525 0.0473333
0 0.50675 0.459 0.0295 0.0353333
0 0.4315 0.374333 0.027 0.0273333
0 0.714625 0.595 0.01075 0.0153333
0 0.47175 0.543333 0.012 0.0306667
0 0.639625 0.718833 0.02625 0.0596667
0 0.515125 0.613167 0.01225 0.033
0 0.69775 0.5295 0.0015 0.031
0 0.498625 0.5455 0.00625 0.0256667
0 0.447625 0.733 0.02325 0.0386667
0 0.336375 0.4025 0.00875 0.0263333
0 0.7135 0.565333 0.027 0.0286667
0 0.557125 0.4025 0.01125 0.0263333
0 0.407375 0.447667 0.01525 0.0253333
0 0.58175 0.436833 0.0035 0.0283333
0 0.59825 0.386833 0.027 0.0343333
0 0.468625 0.421833 0.02725 0.0443333
0 0.403875 0.372667 0.00625 0.02
0 0.523125 0.416167 0.02525 0.037
0 0.478875 0.387833 0.00975 0.0223333
0 0.365 0.6475 0.0175 0.0503333
0 0.716125 0.5995 0.01675 0.0243333
0 0.549625 0.414167 0.00925 0.025
0 0.340125 0.8715 0.02475 0.0716667
0 0.516125 0.4035 0.00875 0.0343333
0 0.5825 0.441167 0.012 0.0263333
0 0.4845 0.7365 0.025 0.045
0 0.402125 0.482 0.02675 0.0453333
0 0.445125 0.416667 0.01575 0.0153333
0 0.47425 0.388833 0.007 0.021
0 0.48825 0.326833 0.0255 0.0383333
0 0.490125 0.544167 0.02075 0.0396667
0 0.353 0.492167 0.006 0.0203333
0 0.40625 0.735833 0.019 0.0416667
0 0.601375 0.4395 0.02675 0.039
0 0.615 0.5715 0.0135 0.027
0 0.376875 0.3705 0.02525 0.047
0 0.586625 0.585667 0.01475 0.024
0 0.366 0.393833 0.011 0.025
0 0.44825 0.394 0.0245 0.0413333
0 0.572875 0.561833 0.02825 0.0436667
0 0.672375 0.571333 0.02725 0.0333333
0 0.556125 0.598333 0.02525 0.0253333
0 0.759375 0.5495 0.02725 0.0316667
0 0.477125 0.4 0.01825 0.0366667
0 0.36875 0.529167 0.0285 0.0476667
0 0.455875 0.599333 0.02875 0.038
0 0.492 0.495667 0.0295 0.048
0 0.62025 0.7195 0.023 0.0423333
0 0.423 0.510333 0.028 0.0486667
0 0.338625 0.65 0.02175 0.0486667
0 0.4595 0.8495 0.0275 0.0223333
0 0.585 0.360333 0.0235 0.0466667
0 0.74225 0.539667 0.0295 0.0426667
0 0.401375 0.5935 0.02775 0.0356667
0 0.2655 0.753667 0.02 0.0453333
0 0.427125 0.630667 0.02275 0.0326667
0 0.673125 0.732833 0.02175 0.0343333
0 0.775625 0.573333 0.02675 0.0553333
0 0.46 0.461 0.0265 0.036
0 0.49225 0.431167 0.024 0.041
0 0.540375 0.642833 0.02475 0.049
0 0.283625 0.6425 0.02275 0.031
0 0.697875 0.720833 0.02525 0.0563333
0 0.621875 0.684333 0.02825 0.0366667
0 0.476875 0.5825 0.02675 0.045
0 0.49825 0.532667 0.0285 0.0193333
0 0.734125 0.566333 0.02825 0.0253333
0 0.5675 0.594167 0.028 0.0363333
0 0.501125 0.714833 0.02525 0.0416667
0 0.602 0.693167 0.027 0.0436667
0 0.323125 0.4835 0.02525 0.0403333
0 0.449 0.705333 0.023 0.0493333
0 0.53975 0.598833 0.0255 0.0496667
0 0.594375 0.7095 0.02675 0.0476667
0 0.373125 0.719667 0.02175 0.0453333
0 0.480375 0.442167 0.02725 0.047
0 0.610625 0.553667 0.02675 0.04
0 0.4595 0.5225 0.0285 0.0456667
0 0.297125 0.555333 0.02675 0.0386667
0 0.44775 0.5385 0.0285 0.0443333
0 0.617875 0.594167 0.02775 0.0303333
0 0.642875 0.6765 0.02525 0.0316667
0 0.426 0.488833 0.0285 0.0416667
0 0.598 0.561333 0.027 0.026
0 0.481125 0.478 0.02625 0.0526667
0 0.38925 0.726 0.0205 0.0366667
0 0.493875 0.726 0.02675 0.0433333
0 0.468 0.4485 0.0245 0.037
0 0.639875 0.587667 0.02825 0.038
0 0.472625 0.605333 0.02825 0.0413333
0 0.6305 0.549333 0.0255 0.0246667
0 0.538875 0.387333 0.02425 0.0366667
0 0.3855 0.5155 0.028 0.049
0 0.427625 0.383 0.02575 0.034
0 0.43475 0.533333 0.0285 0.0386667
0 0.784 0.534 0.028 0.04
0 0.65675 0.599167 0.0275 0.0303333
0 0.468875 0.726333 0.02475 0.0373333
0 0.772 0.555667 0.027 0.0373333
0 0.42225 0.720667 0.025 0.0326667
0 0.402 0.504333 0.0275 0.046
0 0.58 0.722667 0.028 0.0306667
0 0.551625 0.443667 0.02575 0.042
0 0.66 0.55 0.029 0.032
0 0.40225 0.437833 0.0275 0.0443333
0 0.436 0.844333 0.0225 0.03
0 0.676875 0.4115 0.02525 0.0403333
0 0.76325 0.5285 0.029 0.033
0 0.509375 0.5655 0.02875 0.033
0 0.527 0.616667 0.029 0.04
0 0.6565 0.4 0.025 0.0446667
0 0.684375 0.549667 0.02925 0.0313333
0 0.517125 0.584333 0.02925 0.0406667
0 0.694625 0.593167 0.02775 0.0563333
0 0.800875 0.5665 0.02675 0.029
0 0.686 0.578 0.0295 0.024
0 0.5395 0.572667 0.029 0.042
0 0.492375 0.590167 0.03025 0.0463333
0 0.564125 0.694 0.02775 0.0293333
0 0.376 0.505167 0.029 0.027
0 0.325875 0.616 0.02775 0.0306667
0 0.710375 0.522333 0.02775 0.046
0 0.35175 0.4 0.027 0.0393333
0 0.355125 0.370667 0.02725 0.0446667
0 0.419 0.577167 0.028 0.041
0 0.4145 0.6095 0.028 0.0436667
0 0.384 0.422833 0.0275 0.0423333
0 0.41975 0.454167 0.026 0.0363333
0 0.6765 0.606667 0.0295 0.0466667
0 0.52675 0.398833 0.025 0.0323333
0 0.406875 0.633167 0.02725 0.0363333
0 0.576375 0.6835 0.02625 0.0263333
0 0.30475 0.643167 0.027 0.0456667
0 0.506 0.6055 0.0285 0.031
0 0.426625 0.403833 0.02575 0.0516667
0 0.439375 0.604167 0.02775 0.0343333
0 0.518125 0.450667 0.02825 0.0406667
0 0.526625 0.438333 0.02825 0.0373333
0 0.317 0.405667 0.027 0.0266667
0 0.452125 0.49 0.02975 0.046
0 0.569625 0.399333 0.02425 0.0426667
0 0.789875 0.577667 0.02625 0.0473333
0 0.49325 0.370833 0.0255 0.033
0 0.385 0.605 0.029 0.0333333
0 0.74275 0.582833 0.0265 0.0503333
0 0.41375 0.415667 0.027 0.04
0 0.343125 0.627333 0.02875 0.0346667
0 0.647625 0.389 0.02375 0.04
0 0.371125 0.478333 0.02975 0.038
0 0.3525 0.567333 0.0275 0.036
0 0.394125 0.5225 0.02825 0.0436667
0 0.407 0.450667 0.029 0.0553333
0 0.585 0.394167 0.0265 0.0403333
0 0.489625 0.616167 0.02925 0.0463333
0 0.477375 0.427167 0.02825 0.0456667
0 0.617875 0.399 0.02575 0.0333333
0 0.55275 0.478 0.024 0.054
0 0.701375 0.567 0.02975 0.0406667
0 0.289125 0.509667 0.02475 0.0266667
0 0.51475 0.617 0.028 0.0493333
0 0.434875 0.449 0.02875 0.0393333
0 0.34375 0.388667 0.026 0.0353333
0 0.564375 0.4265 0.02625 0.0463333
0 0.444625 0.414833 0.02875 0.0436667
0 0.502125 0.405333 0.02875 0.0513333
0 0.360125 0.744833 0.02825 0.0296667
0 0.298125 0.7435 0.02475 0.0496667
0 0.67275 0.3885 0.026 0.0383333
0 0.643125 0.561333 0.02925 0.0346667
0 0.514125 0.365833 0.02625 0.045
0 0.4615 0.378 0.0255 0.036
0 0.62975 0.400667 0.0275 0.038
0 0.47325 0.545833 0.0295 0.0423333
0 0.427125 0.455833 0.02775 0.0483333
0 0.360125 0.472667 0.02775 0.038
0 0.447375 0.460667 0.02675 0.0353333
0 0.63175 0.595 0.029 0.0353333
0 0.502375 0.444167 0.02825 0.0523333
0 0.714875 0.5945 0.02775 0.0336667
0 0.526 0.372167 0.0255 0.0463333
0 0.4555 0.339 0.0275 0.036
0 0.402 0.411 0.0295 0.048
0 0.285 0.595167 0.027 0.0303333
0 0.573 0.4335 0.0275 0.041
0 0.506 0.371667 0.026 0.0473333
0 0.3475 0.427667 0.0275 0.0333333
0 0.5805 0.439833 0.0285 0.0416667
0 0.554875 0.4045 0.02875 0.0323333
0 0.515125 0.405167 0.02925 0.043
0 0.761625 0.6995 0.02675 0.0336667
0 0.335 0.406333 0.0275 0.0333333
0 0.381 0.405333 0.0265 0.0426667
0 0.56375 0.377 0.027 0.042
0 0.547375 0.416667 0.02825 0.0373333
0 0.49875 0.550333 0.027 0.036
0 0.697125 0.534667 0.03075 0.0433333
0 0.614625 0.573167 0.02775 0.043
0 0.601 0.605833 0.0285 0.0396667
0 0.547 0.372333 0.0265 0.0453333
0 0.473625 0.388167 0.02675 0.0443333
0 0.538625 0.439667 0.02925 0.038
0 0.589 0.550333 0.0285 0.032
0 0.447875 0.361833 0.02725 0.0363333
0 0.66125 0.706333 0.0275 0.0366667
0 0.473 0.366 0.025 0.0426667
0 0.5855 0.589333 0.029 0.0373333
0 0.351125 0.494833 0.02825 0.035
0 0.401875 0.371 0.02875 0.048
0 0.364625 0.394833 0.02975 0.0396667
