0 0.82849 0.518503 0.0294225 0.0518092
0 0.3464 0.385005 0.00347222 0.0189145
0 0.362025 0.378152 0.0478801 0.0474232
0 0.182749 0.507127 0.0146199 0.0148026
0 0.81917 0.54386 0.026133 0.0296053
0 0.402778 0.560992 0.0321637 0.0233004
0 0.451572 0.549068 0.00475146 0.0169956
0 0.855994 0.626782 0.0233918 0.0287829
0 0.571637 0.543997 0.0113304 0.0150768
0 0.592745 0.569627 0.0166301 0.0115132
0 0.598593 0.65392 0.0151681 0.0238487
0 0.402504 0.388843 0.0217471 0.0435855
0 0.324196 0.54057 0.0175439 0.0109649
0 0.392727 0.584293 0.00548246 0.0095943
0 0.481725 0.655154 0.0193713 0.0263158
0 0.363304 0.476974 0.00621345 0.0104167
0 0.88231 0.544271 0.0317982 0.0282346
0 0.337993 0.659814 0.0133406 0.0252193
0 0.485471 0.644189 0.00968567 0.0120614
0 0.891265 0.513295 0.0519006 0.0479715
0 0.578308 0.519326 0.0451389 0.075932
0 0.394828 0.578673 0.00895468 0.0285088
0 0.542215 0.791941 0.0625 0.0455044
0 0.2892 0.594846 0.0129751 0.0350877
0 0.403874 0.657621 0.0296053 0.00822368
0 0.297971 0.586212 0.0115132 0.0337171
0 0.497076 0.485471 0.00657895 0.0186404
0 0.31451 0.508909 0.00950292 0.00630482
0 0.826023 0.547012 0.00255848 0.0205592
0 0.888249 0.570861 0.00237573 0.0254934
0 0.427997 0.390351 0.0562866 0.0383772
0 0.206689 0.469435 0.0179094 0.0227522
0 0.26663 0.560992 0.0127924 0.0095943
0 0.303271 0.516447 0.0191886 0.0142544
0 0.48538 0.649808 0.0219298 0.011239
0 0.267087 0.390077 0.00456871 0.0153509
0 0.797423 0.693668 0.00420322 0.0326206
0 0.503655 0.64364 0.0215643 0.035636
0 0.17489 0.578262 0.00255848 0.0106908
0 0.255391 0.440241 0.0199196 0.029057
0 0.838085 0.63994 0.0665205 0.0589364
0 0.457602 0.441749 0.060307 0.0572917
0 0.472679 0.590186 0.0115132 0.0350877
0 0.822003 0.615817 0.00182749 0.0282346
0 0.794225 0.648438 0.0127924 0.0117873
0 0.555099 0.520148 0.0111477 0.046875
0 0.30985 0.547149 0.0118787 0.0137061
0 0.602156 0.489035 0.0665205 0.0548246
0 0.908991 0.507264 0.0303363 0.0594846
0 0.879386 0.569353 0.0201023 0.0158991
0 0.362664 0.574836 0.0100512 0.0104167
0 0.505208 0.386376 0.0487939 0.0540022
0 0.341648 0.498355 0.0180921 0.0169956
0 0.517635 0.447917 0.00310673 0.0235746
0 0.178545 0.488898 0.00475146 0.0243969
0 0.230811 0.5821 0.0255848 0.044682
0 0.203856 0.506716 0.0213816 0.0128838
0 0.480446 0.36568 0.0124269 0.00657895
0 0.481999 0.370614 0.0118787 0.00438596
0 0.864035 0.526453 0.0116959 0.017818
0 0.256488 0.483279 0.0455044 0.0592105
0 0.376645 0.363624 0.0544591 0.0348136
0 0.363852 0.696135 0.0168129 0.0496162
0 0.452303 0.647204 0.0193713 0.0526316
0 0.402138 0.578673 0.0169956 0.0317982
0 0.391996 0.548383 0.0124269 0.0139803
0 0.818165 0.591694 0.00657895 0.0117873
0 0.22606 0.384594 0.00913743 0.0296053
0 0.815698 0.611157 0.0177266 0.0128838
0 0.404879 0.550027 0.00347222 0.020011
0 0.240497 0.522752 0.0113304 0.0219298
0 0.799433 0.649534 0.0118787 0.015625
0 0.344115 0.578399 0.0124269 0.0137061
0 0.431195 0.624589 0.0206506 0.0095943
0 0.220212 0.639391 0.0475146 0.0419408
0 0.394828 0.383224 0.0498904 0.0296053
0 0.433845 0.534402 0.00548246 0.0183662
0 0.24735 0.442708 0.0162646 0.0153509
0 0.950292 0.328947 0.0135234 0.0241228
0 0.968567 0.583196 0.0628655 0.0457785
0 0.363121 0.528646 0.00255848 0.013432
0 0.421784 0.503838 0.00365497 0.0115132
0 0.409174 0.485746 0.00402047 0.0180921
0 0.426626 0.356223 0.0151681 0.017818
0 0.211349 0.605537 0.0173611 0.0175439
0 0.489218 0.520833 0.0500731 0.0696272
0 0.585252 0.460938 0.0714547 0.0457785
0 0.530976 0.160773 0.0115132 0.0271382
0 0.964547 0.572917 0.0175439 0.00328947
0 0.496345 0.615954 0.0109649 0.060307
0 0.815058 0.513569 0.0153509 0.0227522
0 0.799708 0.698465 0.0138889 0.0372807
0 0.479258 0.456963 0.0539108 0.0460526
0 0.564784 0.526042 0.0389254 0.0230263
0 0.401224 0.546327 0.00529971 0.0191886
0 0.532895 0.589227 0.065424 0.0501645
0 0.336806 0.602522 0.0102339 0.0279605
0 0.431104 0.5625 0.0540936 0.0449561
0 0.361659 0.586212 0.0259503 0.0123355
0 0.465917 0.541255 0.0129751 0.0556469
0 0.578034 0.527686 0.0127924 0.0466009
0 0.291118 0.571546 0.00767544 0.0208333
0 0.328125 0.621985 0.0169956 0.0230263
0 0.424159 0.533169 0.00767544 0.0126096
0 0.971308 0.583745 0.0127924 0.0326206
0 0.753929 0.654057 0.0122442 0.0148026
0 0.506031 0.593613 0.0431287 0.042489
0 0.931469 0.593065 0.0157164 0.0161732
0 0.274397 0.394874 0.03125 0.0161732
0 0.446912 0.474095 0.0056652 0.0348136
0 0.565058 0.529742 0.0102339 0.0331689
0 0.452029 0.510828 0.0122442 0.0233004
0 0.299982 0.498492 0.0411184 0.0408443
0 0.921418 0.649123 0.0164474 0.0142544
0 0.846126 0.546601 0.0449561 0.0822368
0 0.219846 0.614446 0.0299708 0.0189145
0 0.21345 0.516721 0.00402047 0.0208333
0 0.270376 0.506579 0.0257675 0.0367325
0 0.571272 0.493832 0.0464181 0.0364583
0 0.267452 0.511787 0.00749269 0.0509868
0 0.596674 0.533717 0.056652 0.0696272
0 0.307018 0.460115 0.0153509 0.0238487
0 0.945541 0.58909 0.0186404 0.0104167
0 0.419956 0.512061 0.0244883 0.0224781
0 0.319719 0.631305 0.0155336 0.0137061
0 0.264254 0.613487 0.0201023 0.0345395
0 0.927266 0.647615 0.0233918 0.0381031
0 0.51133 0.490543 0.0449561 0.0430373
0 0.373812 0.540296 0.0444079 0.0520833
0 0.246254 0.593339 0.0535453 0.0605811
0 0.332602 0.507127 0.0120614 0.0153509
0 0.531433 0.549342 0.0149854 0.0296053
0 0.83973 0.669134 0.0405702 0.0559211
0 0.451572 0.371025 0.0120614 0.00794956
0 0.849781 0.560307 0.00767544 0.0586623
0 0.46939 0.496162 0.0180921 0.033443
0 0.209704 0.587856 0.0367325 0.0485197
0 0.346217 0.44449 0.0513523 0.0764803
0 0.574105 0.554962 0.0425804 0.0216557
0 0.562226 0.468339 0.0137061 0.0287829
0 0.376005 0.614309 0.0502558 0.0372807
0 0.817343 0.613761 0.00420322 0.0180921
0 0.382675 0.587308 0.0263158 0.00904605
0 0.824836 0.582648 0.0414839 0.0709978
0 0.277686 0.468339 0.0104167 0.0364583
0 0.786276 0.66557 0.0250365 0.0153509
0 0.502741 0.477796 0.0182749 0.0263158
0 0.281798 0.542215 0.0405702 0.029057
0 0.3983 0.560444 0.00749269 0.0254934
0 0.499086 0.614172 0.0175439 0.0276864
0 0.436495 0.57511 0.0498904 0.0339912
0 0.324927 0.371436 0.00292398 0.0158991
0 0.32776 0.641584 0.0173611 0.0216557
0 0.598227 0.582648 0.0480629 0.0391996
0 0.779423 0.66091 0.0438596 0.0696272
0 0.553819 0.504112 0.0162646 0.0252193
0 0.961714 0.272752 0.0235746 0.0158991
0 0.433205 0.467654 0.00858918 0.00822368
0 0.53655 0.597999 0.0208333 0.0265899
0 0.557474 0.467379 0.0148026 0.0197368
0 0.211257 0.625822 0.0241228 0.0263158
0 0.253929 0.444079 0.0564693 0.035636
0 0.433936 0.473136 0.00529971 0.0230263
0 0.393092 0.454221 0.0369152 0.0751096
0 0.322825 0.379112 0.0151681 0.0126096
0 0.367233 0.479167 0.00347222 0.0197368
0 0.416849 0.502878 0.00475146 0.00794956
0 0.369883 0.474918 0.0113304 0.0167215
0 0.222862 0.589775 0.00858918 0.0342654
0 0.311312 0.516584 0.0144371 0.0233004
0 0.439145 0.438322 0.0197368 0.0131579
0 0.22341 0.37966 0.0451389 0.0460526
0 0.917763 0.494929 0.0109649 0.00849781
0 0.371802 0.445175 0.0473319 0.0712719
0 0.568348 0.527275 0.00877193 0.0249452
0 0.550439 0.478344 0.00475146 0.0202851
0 0.311769 0.566064 0.0416667 0.0608553
0 0.46473 0.39926 0.0354532 0.0205592
0 0.286915 0.504797 0.0193713 0.0189145
0 0.403052 0.475055 0.0210161 0.0148026
0 0.241045 0.471628 0.0471491 0.0507127
0 0.470852 0.633361 0.0056652 0.0183662
0 0.90625 0.612116 0.0201023 0.0285088
0 0.59576 0.608827 0.0511696 0.0592105
0 0.820267 0.57278 0.0235746 0.0233004
0 0.330958 0.634731 0.0160819 0.0457785
0 0.327942 0.511376 0.0166301 0.0117873
0 0.773026 0.268366 0.0277778 0.0339912
0 0.599141 0.528783 0.0224781 0.0323465
0 0.556561 0.539062 0.0188231 0.0205592
0 0.804733 0.690789 0.0487939 0.064693
0 0.447277 0.507401 0.0593933 0.064693
0 0.352613 0.488213 0.00968567 0.0378289
0 0.331414 0.510691 0.0122442 0.0301535
0 0.440698 0.439282 0.0517178 0.0452303
0 0.556287 0.63295 0.0354532 0.0635965
0 0.22341 0.610334 0.0389254 0.0655154
0 0.336349 0.650905 0.00493421 0.0189145
0 0.202394 0.467516 0.0619518 0.0326206
0 0.36239 0.577166 0.00438596 0.013432
0 0.395011 0.525082 0.0462354 0.0342654
0 0.923154 0.560992 0.0191886 0.0233004
0 0.531341 0.503838 0.0111477 0.0339912
0 0.240406 0.467654 0.00858918 0.0405702
0 0.541575 0.789337 0.00456871 0.00411184
0 0.377284 0.472862 0.0118787 0.0148026
0 0.253746 0.380482 0.0137061 0.0158991
0 0.316612 0.647615 0.0162646 0.0189145
0 0.87235 0.508635 0.0476974 0.0644189
0 0.912007 0.529331 0.0195541 0.0186404
0 0.819353 0.541255 0.0133406 0.0189145
0 0.543311 0.457648 0.0376462 0.0583882
0 0.389894 0.493695 0.0173611 0.0120614
0 0.364583 0.598958 0.0135234 0.0296053
0 0.174342 0.615817 0.0562866 0.0293311
0 0.451389 0.467791 0.00950292 0.0205592
0 0.210069 0.479989 0.0169956 0.0307018
0 0.574196 0.461486 0.0157164 0.0194627
0 0.823556 0.514529 0.0553728 0.0257675
0 0.849232 0.530839 0.0255848 0.0233004
0 0.549251 0.482182 0.0188231 0.0213816
0 0.17617 0.621299 0.0186404 0.00740132
0 0.362573 0.61568 0.0215643 0.0180921
0 0.760691 0.660088 0.0407529 0.0663377
0 0.300256 0.450658 0.0186404 0.0142544
0 0.328308 0.578125 0.0246711 0.0279605
0 0.427449 0.61938 0.0372807 0.0666118
0 0.438322 0.541667 0.031981 0.0493421
0 0.775768 0.63665 0.0105994 0.0172697
0 0.530519 0.772889 0.0186404 0.017818
0 0.923063 0.64227 0.058114 0.0307018
0 0.203034 0.46176 0.00986842 0.0276864
0 0.337171 0.623492 0.0179094 0.0249452
0 0.399031 0.495066 0.0180921 0.0197368
0 0.531067 0.592379 0.0197368 0.0180921
0 0.39099 0.511513 0.00895468 0.0257675
0 0.542672 0.788514 0.0228436 0.0183662
0 0.488304 0.532346 0.0222953 0.0235746
0 0.32511 0.658169 0.0146199 0.0109649
0 0.844664 0.661732 0.0109649 0.0142544
0 0.594207 0.472862 0.0126096 0.0148026
0 0.41557 0.661732 0.00438596 0.0213816
0 0.296327 0.522067 0.00712719 0.0172697
0 0.16886 0.484101 0.0197368 0.0285088
0 0.518458 0.63199 0.0504386 0.0605811
0 0.378929 0.502467 0.00895468 0.0515351
0 0.353344 0.53591 0.0232091 0.0175439
0 0.257219 0.392544 0.0235746 0.0219298
0 0.203399 0.635143 0.0197368 0.0307018
0 0.462171 0.543586 0.0391082 0.0690789
0 0.286641 0.536732 0.0217471 0.0131579
0 0.352613 0.473958 0.0111477 0.0169956
0 0.57913 0.455318 0.0168129 0.00822368
0 0.90223 0.495477 0.0124269 0.0211075
0 0.85974 0.528509 0.0177266 0.0126096
0 0.466283 0.541393 0.0180921 0.0142544
0 0.414931 0.439145 0.0104167 0.0285088
0 0.232182 0.63665 0.0115132 0.0254934
0 0.950658 0.322917 0.0230263 0.026864
0 0.257036 0.628564 0.0140716 0.0449561
0 0.298702 0.636239 0.00785819 0.033443
0 0.492416 0.636376 0.0520833 0.0381031
0 0.857548 0.703673 0.0422149 0.0888158
0 0.262244 0.513706 0.0551901 0.0482456
0 0.498721 0.486705 0.0332602 0.0194627
0 0.172789 0.489446 0.0513523 0.0304276
0 0.373721 0.586897 0.0131579 0.0219298
0 0.542124 0.54386 0.0155336 0.0126096
0 0.824927 0.557155 0.0413012 0.0320724
0 0.242873 0.642407 0.00840643 0.011239
0 0.273209 0.384183 0.0190058 0.0353618
0 0.427814 0.61472 0.0120614 0.0523575
0 0.469572 0.383772 0.0246711 0.0246711
0 0.332876 0.61801 0.0158991 0.0222039
0 0.823374 0.610883 0.0133406 0.0216557
0 0.416484 0.555236 0.0171784 0.0205592
0 0.828308 0.684896 0.00895468 0.0326206
0 0.268914 0.628701 0.00932018 0.0276864
0 0.925804 0.546601 0.0515351 0.060307
0 0.389437 0.461349 0.0182749 0.0169956
0 0.404331 0.650356 0.0100512 0.00685307
0 0.431835 0.372122 0.0160819 0.011239
0 0.293129 0.444764 0.0420322 0.0627741
0 0.785636 0.653646 0.0120614 0.0254934
0 0.45212 0.469161 0.0182749 0.0123355
0 0.197825 0.47341 0.0177266 0.029057
0 0.485928 0.464227 0.0171784 0.0172697
0 0.259868 0.619106 0.0464181 0.0550987
0 0.515534 0.455866 0.0179094 0.0153509
0 0.889254 0.554962 0.0142544 0.0364583
0 0.254751 0.473547 0.0153509 0.011239
0 0.278052 0.537829 0.0177266 0.0131579
0 0.456871 0.379797 0.0182749 0.0194627
0 0.607913 0.653235 0.00529971 0.0219298
0 0.773849 0.642681 0.0148026 0.0304276
0 0.431652 0.379112 0.0193713 0.0104167
0 0.844572 0.668311 0.0213816 0.00986842
0 0.49799 0.446957 0.0160819 0.0095943
0 0.869426 0.501919 0.00968567 0.0339912
0 0.275037 0.467516 0.0146199 0.0211075
0 0.798611 0.644189 0.00730994 0.00822368
0 0.940698 0.544408 0.0360015 0.0230263
0 0.471126 0.592105 0.0317982 0.026864
0 0.435124 0.386787 0.0113304 0.0444079
0 0.501827 0.379523 0.0116959 0.0238487
0 0.340461 0.656798 0.00475146 0.00712719
0 0.871802 0.561129 0.0228436 0.0180921
0 0.314693 0.653783 0.0215643 0.0378289
0 0.316064 0.560718 0.0144371 0.0260417
0 0.60572 0.658306 0.036367 0.0638706
0 0.886605 0.510828 0.0177266 0.0304276
0 0.372076 0.655016 0.0120614 0.0194627
0 0.378746 0.591557 0.0155336 0.0339912
0 0.806287 0.692845 0.00584795 0.0227522
0 0.863944 0.668174 0.0111477 0.046875
0 0.440607 0.639529 0.0105994 0.0235746
0 0.491685 0.604441 0.0217471 0.0131579
0 0.275402 0.332648 0.0522661 0.0348136
0 0.403692 0.577988 0.0222953 0.015625
0 0.815515 0.598821 0.0144371 0.00520833
0 0.436221 0.500959 0.0376462 0.020011
0 0.280245 0.654057 0.0107822 0.0520833
0 0.47606 0.36705 0.0175439 0.00877193
0 0.289565 0.449973 0.00895468 0.0287829
0 0.408077 0.47807 0.0493421 0.0564693
0 0.222953 0.602248 0.0138889 0.0317982
0 0.549068 0.517818 0.0279605 0.0301535
0 0.299251 0.499041 0.0162646 0.013432
0 0.222405 0.375959 0.00913743 0.017818
0 0.420687 0.542078 0.0171784 0.0128838
0 0.171966 0.488624 0.00328947 0.0293311
0 0.23602 0.511787 0.0180921 0.0246711
0 0.54852 0.567297 0.0173611 0.0320724
0 0.510599 0.491228 0.00804094 0.0466009
0 0.257858 0.615406 0.0204678 0.0224781
0 0.313505 0.574698 0.0257675 0.0227522
0 0.583882 0.536595 0.0113304 0.0518092
0 0.782072 0.657758 0.00347222 0.0183662
0 0.249452 0.53687 0.0146199 0.00794956
0 0.310673 0.505482 0.0157164 0.0153509
0 0.145285 0.602385 0.0431287 0.0688048
0 0.405519 0.437911 0.0116959 0.0402961
0 0.466283 0.623492 0.00785819 0.0249452
0 0.76462 0.66653 0.0339912 0.0183662
0 0.274306 0.479441 0.0142544 0.0257675
0 0.39492 0.379934 0.0127924 0.0120614
0 0.243787 0.647889 0.0153509 0.0139803
0 0.407438 0.468202 0.0133406 0.0323465
0 0.288194 0.394737 0.0259503 0.0109649
0 0.402047 0.560033 0.0116959 0.03125
0 0.840278 0.498081 0.0434942 0.0745614
0 0.553271 0.630482 0.0180921 0.0213816
0 0.54788 0.538103 0.0102339 0.0422149
0 0.411184 0.437089 0.0431287 0.0441338
0 0.81917 0.686815 0.00237573 0.0238487
0 0.138889 0.60869 0.0127924 0.0265899
0 0.271016 0.561952 0.0124269 0.0219298
0 0.853801 0.624041 0.0592105 0.0748355
0 0.370157 0.383498 0.0155336 0.0285088
0 0.814876 0.593065 0.0142544 0.0095943
0 0.374452 0.580592 0.0201023 0.0191886
0 0.893549 0.556195 0.033443 0.0285088
0 0.848227 0.549342 0.00383772 0.0328947
0 0.41155 0.477111 0.0138889 0.0128838
0 0.594664 0.567297 0.00877193 0.0331689
0 0.300621 0.462719 0.00913743 0.0361842
0 0.249635 0.445587 0.0179094 0.00740132
0 0.435216 0.654605 0.0188231 0.0208333
0 0.320084 0.520285 0.0129751 0.0202851
0 0.93951 0.581826 0.0135234 0.0348136
0 0.419682 0.663925 0.037098 0.0372807
0 0.890534 0.525082 0.0314327 0.0233004
0 0.344481 0.486979 0.0153509 0.0260417
0 0.373173 0.60869 0.0113304 0.0479715
0 0.316612 0.487664 0.0162646 0.0235746
0 0.219024 0.381031 0.00895468 0.0317982
0 0.829039 0.684073 0.0414839 0.0863487
0 0.840095 0.672286 0.0197368 0.0139803
0 0.278052 0.480674 0.0360015 0.0353618
0 0.40095 0.65159 0.00913743 0.0553728
0 0.495797 0.604304 0.0164474 0.0353618
0 0.765716 0.661047 0.0160819 0.0189145
0 0.465278 0.501919 0.0102339 0.0400219
0 0.406159 0.540022 0.0155336 0.0279605
0 0.223684 0.609923 0.0102339 0.0219298
0 0.235837 0.473821 0.0122442 0.0463268
0 0.231086 0.518229 0.0133406 0.0167215
0 0.548337 0.51028 0.0184576 0.0101425
0 0.861842 0.670779 0.0621345 0.0679825
0 0.38962 0.592242 0.0230263 0.0309759
0 0.441155 0.653509 0.0219298 0.0148026
0 0.377558 0.373904 0.0208333 0.00932018
0 0.524488 0.506031 0.0135234 0.0175439
0 0.36303 0.374178 0.0118787 0.00438596
0 0.30784 0.486842 0.0162646 0.0164474
0 0.485471 0.456277 0.0115132 0.0331689
0 0.439967 0.379386 0.00895468 0.0115132
0 0.934393 0.542489 0.0168129 0.0241228
0 0.963268 0.578399 0.0241228 0.0219298
0 0.37299 0.538514 0.00694444 0.0309759
0 0.478253 0.565241 0.0219298 0.03125
0 0.818713 0.520696 0.0233918 0.0194627
0 0.512061 0.449013 0.0168129 0.0109649
0 0.821272 0.575795 0.00804094 0.0183662
0 0.851882 0.693805 0.00895468 0.0394737
0 0.53125 0.781798 0.00767544 0.0153509
0 0.773666 0.672834 0.00712719 0.0216557
0 0.594572 0.487664 0.0056652 0.0296053
0 0.36705 0.475055 0.00895468 0.00932018
0 0.393275 0.388021 0.00877193 0.0402961
0 0.819444 0.624452 0.0208333 0.0197368
0 0.481999 0.50795 0.00420322 0.0345395
0 0.344755 0.493284 0.0279605 0.0189145
0 0.786184 0.659265 0.00840643 0.0109649
0 0.307018 0.607867 0.00584795 0.0161732
0 0.799251 0.656524 0.000913743 0.0169956
0 0.511879 0.561678 0.0453216 0.0559211
0 0.313688 0.56812 0.0195541 0.0227522
0 0.311038 0.607867 0.00986842 0.0205592
0 0.349232 0.379523 0.0160819 0.015625
0 0.391996 0.449973 0.0201023 0.011239
0 0.404788 0.639117 0.0102339 0.0287829
0 0.486659 0.386787 0.0124269 0.0219298
0 0.587993 0.463542 0.00785819 0.0126096
0 0.353618 0.597862 0.0138889 0.0180921
0 0.427632 0.628838 0.0190058 0.00986842
0 0.340826 0.649123 0.00475146 0.026864
0 0.365588 0.38665 0.0257675 0.0167215
0 0.536001 0.506579 0.0168129 0.0186404
0 0.410636 0.471217 0.0131579 0.0202851
0 0.444901 0.388432 0.0173611 0.0202851
0 0.235289 0.372259 0.0107822 0.0422149
0 0.486294 0.48136 0.00584795 0.0296053
0 0.880665 0.53591 0.0197368 0.0230263
0 0.174159 0.492462 0.00730994 0.0282346
0 0.436404 0.386102 0.0168129 0.017818
0 0.27659 0.641996 0.0115132 0.0202851
0 0.219298 0.644189 0.00657895 0.0164474
0 0.8072 0.698054 0.0127924 0.020011
0 0.377193 0.504249 0.0193713 0.015625
0 0.918403 0.532346 0.0158991 0.0389254
0 0.29386 0.596217 0.0146199 0.0235746
0 0.82849 0.646107 0.0232091 0.0224781
0 0.261422 0.647478 0.0155336 0.0301535
0 0.32776 0.638158 0.0414839 0.0301535
0 0.282621 0.543037 0.0162646 0.0438596
0 0.885051 0.540707 0.0179094 0.0243969
0 0.843933 0.554276 0.00621345 0.0400219
0 0.823465 0.619106 0.0109649 0.00904605
0 0.8178 0.514254 0.0138889 0.0131579
0 0.548337 0.523026 0.0144371 0.0208333
0 0.3125 0.480263 0.0116959 0.0339912
0 0.435581 0.646519 0.00420322 0.013432
0 0.561129 0.475329 0.0060307 0.0317982
0 0.481268 0.642407 0.0158991 0.0189145
0 0.487025 0.491365 0.0171784 0.0194627
0 0.565058 0.520011 0.0153509 0.0148026
0 0.336075 0.656661 0.00584795 0.0095943
0 0.493238 0.636102 0.00292398 0.0342654
0 0.798063 0.645696 0.0164474 0.00904605
0 0.808571 0.666804 0.0199196 0.0238487
0 0.328399 0.476014 0.00328947 0.0233004
0 0.322734 0.59375 0.0219298 0.0186404
0 0.224872 0.510417 0.0184576 0.0274123
0 0.836166 0.50466 0.0188231 0.0202851
0 0.581049 0.525082 0.0060307 0.0485197
0 0.41822 0.658032 0.0221126 0.0145285
0 0.864218 0.688322 0.0179094 0.0416667
0 0.269371 0.641036 0.0263158 0.0167215
0 0.828947 0.541118 0.0105994 0.0307018
0 0.475238 0.64131 0.0286915 0.0238487
0 0.874726 0.506853 0.0104167 0.0241228
0 0.269371 0.520011 0.0157164 0.0350877
0 0.253655 0.58114 0.0317982 0.0230263
0 0.590278 0.507675 0.0138889 0.0180921
0 0.460344 0.630894 0.0193713 0.0304276
0 0.560947 0.628564 0.0129751 0.0213816
0 0.371345 0.536321 0.0146199 0.0183662
0 0.287007 0.636924 0.00712719 0.0298794
0 0.591283 0.480537 0.00785819 0.026864
0 0.831871 0.644052 0.00840643 0.0101425
0 0.260691 0.518503 0.00858918 0.0441338
0 0.532621 0.586623 0.0140716 0.0180921
0 0.407164 0.555647 0.0190058 0.0180921
0 0.377193 0.493832 0.0219298 0.0205592
0 0.501645 0.600466 0.00913743 0.0205592
0 0.169408 0.510143 0.0230263 0.0422149
0 0.864583 0.544682 0.00913743 0.026864
0 0.332694 0.475329 0.00493421 0.0224781
0 0.453399 0.55551 0.0460526 0.0238487
0 0.293951 0.588816 0.00712719 0.0345395
0 0.524854 0.5 0.0182749 0.0164474
0 0.891082 0.575247 0.0409357 0.0265899
0 0.43284 0.474781 0.0169956 0.0153509
0 0.287007 0.566612 0.0133406 0.0241228
0 0.322551 0.587993 0.00913743 0.0158991
0 0.8411 0.662555 0.00895468 0.0230263
0 0.502558 0.463816 0.0120614 0.026864
0 0.256853 0.649534 0.0107822 0.0293311
0 0.412372 0.597725 0.0228436 0.020011
0 0.382036 0.609786 0.00932018 0.0189145
0 0.197734 0.467928 0.00877193 0.0274123
0 0.148666 0.607045 0.00895468 0.0282346
0 0.248538 0.592379 0.00840643 0.0400219
0 0.394828 0.450247 0.00895468 0.042489
0 0.253289 0.576069 0.00548246 0.0095943
0 0.390351 0.523849 0.0193713 0.0197368
0 0.346308 0.450384 0.0175439 0.0142544
0 0.559759 0.460115 0.0138889 0.0172697
0 0.241776 0.468476 0.0171784 0.0230263
0 0.586166 0.532072 0.0115132 0.0246711
0 0.577303 0.46313 0.00292398 0.0315241
0 0.361751 0.500137 0.00895468 0.0282346
0 0.390442 0.640488 0.0144371 0.0227522
0 0.573282 0.541941 0.0127924 0.0301535
0 0.307383 0.62267 0.0171784 0.0254934
0 0.280245 0.331963 0.0158991 0.0279605
0 0.247807 0.543997 0.0105994 0.0254934
0 0.265534 0.39227 0.0113304 0.0279605
0 0.436129 0.529468 0.0107822 0.0391996
0 0.209521 0.641173 0.0129751 0.0372807
0 0.413651 0.657484 0.00310673 0.0145285
0 0.348867 0.530291 0.00694444 0.0276864
0 0.350329 0.601974 0.0164474 0.0224781
0 0.352522 0.637884 0.00511696 0.0252193
0 0.175256 0.618558 0.0208333 0.0167215
0 0.935124 0.588816 0.0131579 0.0296053
0 0.378015 0.486705 0.00420322 0.0309759
0 0.32648 0.587445 0.0104167 0.0137061
0 0.511056 0.473821 0.0158991 0.0370066
0 0.511696 0.507127 0.00511696 0.0285088
0 0.847314 0.625685 0.0158991 0.0276864
0 0.820815 0.693394 0.00493421 0.015625
0 0.519006 0.631168 0.0193713 0.0189145
0 0.481451 0.488761 0.00237573 0.0257675
0 0.404514 0.636376 0.0180921 0.0435855
0 0.408077 0.547423 0.0168129 0.0186404
0 0.30583 0.610883 0.0221126 0.0293311
0 0.570267 0.550027 0.0173611 0.0211075
0 0.218385 0.550987 0.0109649 0.0317982
0 0.468659 0.585663 0.0195541 0.0227522
0 0.907712 0.583333 0.00694444 0.029057
0 0.405885 0.586897 0.00950292 0.0323465
0 0.289931 0.494518 0.0060307 0.0416667
0 0.369518 0.64131 0.00365497 0.0265899
0 0.358004 0.643914 0.0124269 0.0164474
0 0.364401 0.376371 0.00804094 0.0274123
0 0.865223 0.709156 0.0173611 0.029057
0 0.30318 0.462856 0.0142544 0.0145285
0 0.22807 0.38295 0.0197368 0.0131579
0 0.394828 0.518777 0.0144371 0.0271382
0 0.257036 0.475603 0.0063962 0.0389254
0 0.912463 0.577303 0.0244883 0.0323465
0 0.31451 0.504386 0.0153509 0.0235746
0 0.823648 0.608416 0.0215643 0.0435855
0 0.288834 0.398986 0.0235746 0.0397478
0 0.198556 0.497259 0.0155336 0.0317982
0 0.328399 0.499178 0.0142544 0.0224781
0 0.362664 0.530702 0.0199196 0.0257675
0 0.436038 0.467105 0.00913743 0.0279605
0 0.251371 0.45011 0.0210161 0.0224781
0 0.257401 0.653646 0.0129751 0.013432
0 0.211257 0.517955 0.00913743 0.0183662
0 0.281433 0.64926 0.0179094 0.0194627
0 0.462171 0.655702 0.0339912 0.0339912
0 0.440058 0.646382 0.0124269 0.0158991
0 0.513615 0.48739 0.00529971 0.0350877
0 0.373447 0.45148 0.00968567 0.0279605
0 0.4428 0.445175 0.0157164 0.0224781
0 0.390716 0.636102 0.00730994 0.0249452
0 0.572368 0.492462 0.00913743 0.0331689
0 0.870523 0.499589 0.0213816 0.020011
0 0.406707 0.466009 0.0217471 0.0164474
0 0.411367 0.637198 0.0222953 0.0276864
0 0.22405 0.543997 0.0153509 0.0254934
0 0.460618 0.65063 0.00895468 0.0211075
0 0.540205 0.504386 0.0369152 0.0224781
0 0.252467 0.480537 0.0111477 0.0328947
0 0.512427 0.556195 0.0211988 0.0213816
0 0.540662 0.590186 0.0195541 0.0219298
0 0.452668 0.657072 0.0102339 0.0235746
0 0.498721 0.486157 0.0208333 0.0331689
0 0.195906 0.53125 0.0219298 0.0197368
0 0.821455 0.581826 0.0244883 0.0183662
0 0.868695 0.675576 0.0151681 0.0309759
0 0.21208 0.634731 0.0060307 0.017818
0 0.264254 0.513706 0.00657895 0.035636
0 0.85307 0.557292 0.00950292 0.0230263
0 0.218841 0.607456 0.0140716 0.0252193
0 0.482091 0.45614 0.00694444 0.0400219
0 0.425895 0.400082 0.00822368 0.0326206
0 0.432474 0.493284 0.0126096 0.0293311
0 0.485106 0.525768 0.0133406 0.0361842
0 0.520468 0.636924 0.0266813 0.0227522
0 0.262061 0.379112 0.0142544 0.026864
0 0.603344 0.658991 0.00237573 0.0191886
0 0.561586 0.633772 0.0208333 0.0164474
0 0.366228 0.5 0.0138889 0.0246711
0 0.547606 0.517133 0.0206506 0.0150768
0 0.25731 0.379386 0.0105994 0.0263158
0 0.173246 0.506716 0.00767544 0.0276864
0 0.276681 0.332648 0.00621345 0.0145285
0 0.227248 0.590461 0.0151681 0.0208333
0 0.179276 0.51261 0.0211988 0.0257675
0 0.23136 0.518229 0.0201023 0.0293311
0 0.362208 0.522341 0.0116959 0.0326206
0 0.483096 0.38199 0.00310673 0.0254934
0 0.350238 0.524534 0.0217471 0.0222039
0 0.929002 0.554962 0.0202851 0.015625
0 0.568074 0.494655 0.0063962 0.0194627
0 0.438231 0.445587 0.00694444 0.0254934
0 0.286367 0.485883 0.0153509 0.0254934
0 0.193988 0.526316 0.0151681 0.0131579
0 0.437135 0.569764 0.00877193 0.0254934
0 0.223958 0.642407 0.0155336 0.0254934
0 0.407712 0.479715 0.0138889 0.0142544
0 0.261513 0.618421 0.00840643 0.03125
0 0.269006 0.635691 0.0124269 0.0115132
0 0.761148 0.658717 0.0105994 0.0252193
0 0.511879 0.530016 0.0197368 0.0150768
0 0.496985 0.63761 0.00712719 0.0230263
0 0.969572 0.581826 0.0228436 0.0211075
0 0.859466 0.687363 0.0135234 0.0315241
0 0.865223 0.507538 0.0184576 0.0298794
0 0.803911 0.659814 0.00950292 0.0142544
0 0.93019 0.562774 0.0332602 0.0438596
0 0.594298 0.492462 0.0102339 0.0172697
0 0.487025 0.451891 0.0259503 0.0331689
0 0.865132 0.550302 0.0168129 0.0233004
0 0.22405 0.374315 0.0105994 0.0315241
0 0.505665 0.600466 0.0149854 0.0271382
0 0.29989 0.516996 0.0102339 0.0197368
0 0.28189 0.639529 0.0257675 0.0301535
0 0.827577 0.641584 0.00822368 0.0139803
0 0.83242 0.683799 0.00804094 0.0227522
0 0.886696 0.568531 0.0175439 0.029057
0 0.823922 0.550713 0.00420322 0.0241228
0 0.291118 0.643092 0.0219298 0.0224781
0 0.901773 0.491776 0.0206506 0.033443
0 0.178088 0.507401 0.0140716 0.0197368
0 0.856177 0.69915 0.0157164 0.0293311
0 0.174433 0.581826 0.0060307 0.0227522
0 0.869243 0.54153 0.0111477 0.0408443
0 0.29057 0.638295 0.00804094 0.0216557
0 0.455683 0.594298 0.0239401 0.0230263
0 0.420048 0.474095 0.0202851 0.0167215
0 0.818622 0.512473 0.0235746 0.0452303
0 0.328673 0.54153 0.0111477 0.0304276
0 0.382036 0.368695 0.0202851 0.0405702
0 0.386148 0.63898 0.00877193 0.0257675
0 0.490132 0.613624 0.0164474 0.0309759
0 0.360654 0.381442 0.0111477 0.0320724
0 0.293768 0.61102 0.0232091 0.0279605
0 0.514163 0.631716 0.00785819 0.0238487
0 0.460618 0.443668 0.0056652 0.0211075
0 0.332328 0.542626 0.00895468 0.0309759
0 0.245797 0.593065 0.0222953 0.0211075
0 0.869152 0.568531 0.00657895 0.026864
0 0.250457 0.580181 0.0100512 0.0326206
0 0.500183 0.455044 0.0201023 0.0191886
0 0.844207 0.658443 0.0257675 0.0350877
0 0.390716 0.554962 0.0179094 0.0205592
0 0.800256 0.66091 0.00584795 0.0191886
0 0.890351 0.519463 0.0201023 0.0257675
0 0.537189 0.5 0.0166301 0.0158991
0 0.547423 0.560307 0.00895468 0.026864
0 0.390899 0.586623 0.00767544 0.0230263
0 0.819536 0.616913 0.00858918 0.013432
0 0.366045 0.572917 0.00913743 0.0345395
0 0.45879 0.655702 0.0144371 0.0378289
0 0.276955 0.648575 0.0104167 0.0164474
0 0.51526 0.506716 0.00712719 0.0271382
0 0.240588 0.376782 0.0228436 0.0183662
0 0.375274 0.65063 0.0063962 0.0167215
0 0.328399 0.368832 0.00328947 0.0205592
0 0.498081 0.525493 0.00420322 0.0422149
0 0.489401 0.568394 0.00913743 0.0315241
0 0.486477 0.506579 0.00950292 0.0279605
0 0.278052 0.473821 0.0206506 0.0271382
0 0.211349 0.57648 0.00822368 0.0224781
0 0.175621 0.574698 0.0102339 0.0227522
0 0.236385 0.642818 0.029057 0.0180921
0 0.457054 0.450795 0.00950292 0.0293311
0 0.365497 0.623355 0.0105994 0.026864
0 0.172971 0.487116 0.0228436 0.0493421
0 0.294682 0.442023 0.00858918 0.0391996
0 0.81186 0.666804 0.00274123 0.0249452
0 0.266173 0.38665 0.0177266 0.0304276
0 0.299251 0.606771 0.0122442 0.0150768
0 0.366137 0.523849 0.0118787 0.0279605
0 0.479532 0.387884 0.0113304 0.0389254
0 0.531981 0.780016 0.0219298 0.0342654
0 0.348684 0.59608 0.00950292 0.0233004
0 0.599963 0.611705 0.00986842 0.0167215
0 0.907164 0.496162 0.00255848 0.0126096
0 0.30318 0.636924 0.0109649 0.0370066
0 0.753015 0.655702 0.0191886 0.0487939
0 0.918586 0.538514 0.034905 0.0337171
0 0.403235 0.54756 0.0195541 0.0282346
0 0.873264 0.561952 0.00712719 0.0339912
0 0.215369 0.517681 0.0104167 0.0260417
0 0.494061 0.530839 0.0126096 0.0304276
0 0.560307 0.519874 0.0168129 0.0205592
0 0.80784 0.673246 0.00785819 0.0213816
0 0.281524 0.528646 0.0126096 0.0331689
0 0.461623 0.498355 0.0219298 0.0197368
0 0.365954 0.481497 0.0067617 0.0211075
0 0.497716 0.64364 0.0169956 0.0219298
0 0.802357 0.692982 0.00493421 0.0208333
0 0.45276 0.475603 0.0235746 0.0252193
0 0.261787 0.623904 0.0184576 0.026864
0 0.240497 0.504523 0.0138889 0.0413925
0 0.820358 0.686129 0.0193713 0.0317982
0 0.498538 0.462856 0.0109649 0.0326206
0 0.32849 0.387473 0.00858918 0.0211075
0 0.39629 0.591694 0.0162646 0.0243969
0 0.336531 0.609238 0.0151681 0.0298794
0 0.803363 0.65392 0.00255848 0.0172697
0 0.598958 0.492736 0.0202851 0.0249452
0 0.244061 0.596354 0.0118787 0.0342654
0 0.553363 0.477796 0.0142544 0.0257675
0 0.608096 0.658991 0.00749269 0.0197368
0 0.178637 0.574561 0.00493421 0.0241228
0 0.198556 0.507401 0.0184576 0.0235746
0 0.424068 0.541941 0.00785819 0.033443
0 0.603984 0.609375 0.00986842 0.0191886
0 0.354806 0.486979 0.0191886 0.0227522
0 0.41027 0.635417 0.0204678 0.0586623
0 0.599141 0.487253 0.00968567 0.0326206
0 0.466374 0.628701 0.0131579 0.0227522
0 0.796966 0.642681 0.0168129 0.0298794
0 0.561495 0.47807 0.0173611 0.026864
0 0.377924 0.609923 0.00475146 0.0263158
0 0.290753 0.500548 0.0142544 0.0389254
0 0.400585 0.655016 0.00950292 0.0167215
0 0.294591 0.607182 0.00913743 0.0197368
0 0.277412 0.338679 0.0157164 0.0249452
0 0.369335 0.542626 0.00694444 0.0359101
0 0.585618 0.505757 0.0129751 0.0279605
0 0.536184 0.540844 0.0146199 0.0263158
0 0.332785 0.386102 0.00767544 0.0265899
0 0.603162 0.536184 0.0206506 0.029057
0 0.211349 0.524808 0.0221126 0.0249452
0 0.328947 0.479304 0.0113304 0.0315241
0 0.369974 0.480811 0.0155336 0.026864
0 0.82776 0.550987 0.0067617 0.0202851
0 0.474689 0.634046 0.0151681 0.0230263
0 0.143458 0.606497 0.0131579 0.0353618
0 0.249635 0.573465 0.00402047 0.0230263
0 0.818896 0.604578 0.0179094 0.0260417
0 0.456506 0.648163 0.00877193 0.0276864
0 0.410453 0.486842 0.0138889 0.033443
0 0.378929 0.617462 0.0166301 0.0359101
0 0.478436 0.381579 0.00146199 0.0257675
0 0.374817 0.536184 0.0193713 0.0279605
0 0.60901 0.667489 0.0137061 0.0252193
0 0.894189 0.55455 0.0219298 0.0531798
0 0.823739 0.686678 0.00237573 0.0153509
0 0.382493 0.51261 0.00767544 0.0263158
0 0.938414 0.542626 0.0215643 0.0408443
0 0.398849 0.648712 0.00529971 0.0222039
0 0.286367 0.500548 0.00804094 0.0328947
0 0.590004 0.479167 0.0191886 0.0235746
0 0.48602 0.488076 0.0104167 0.0326206
0 0.324927 0.375137 0.00767544 0.0315241
0 0.778235 0.670779 0.0118787 0.026864
0 0.302723 0.492736 0.0180921 0.0359101
0 0.348684 0.387336 0.0124269 0.0383772
0 0.552997 0.537281 0.0233918 0.0367325
0 0.310855 0.605537 0.0248538 0.0476974
0 0.812043 0.672012 0.00749269 0.020011
0 0.353344 0.523986 0.00712719 0.0370066
0 0.91292 0.499589 0.0155336 0.0243969
0 0.510234 0.562911 0.0127924 0.0353618
0 0.329404 0.392681 0.0166301 0.0265899
0 0.420322 0.505208 0.0146199 0.0285088
0 0.541393 0.456689 0.0221126 0.0186404
0 0.912007 0.494518 0.0060307 0.0191886
0 0.968019 0.58114 0.0241228 0.0449561
0 0.593933 0.576343 0.0255848 0.017818
0 0.243878 0.646793 0.0224781 0.0413925
0 0.407346 0.587582 0.0204678 0.0381031
0 0.502558 0.387473 0.0142544 0.0216557
0 0.498904 0.530428 0.0179094 0.0378289
0 0.257858 0.384457 0.0197368 0.0243969
0 0.290479 0.561129 0.0148026 0.0449561
0 0.299616 0.523712 0.0166301 0.0260417
0 0.454496 0.661184 0.0171784 0.0296053
0 0.303363 0.642544 0.0190058 0.0241228
0 0.826937 0.58114 0.0226608 0.0520833
0 0.433205 0.56716 0.0133406 0.0328947
0 0.398392 0.38199 0.0193713 0.0254934
0 0.236751 0.523026 0.0232091 0.0263158
0 0.369335 0.450247 0.00986842 0.0391996
0 0.302814 0.469846 0.0219298 0.0307018
0 0.569262 0.499863 0.0131579 0.0276864
0 0.802997 0.697231 0.0113304 0.0233004
0 0.873721 0.56716 0.0138889 0.0307018
0 0.423337 0.467791 0.0217471 0.0298794
0 0.907895 0.589364 0.0164474 0.03125
0 0.207328 0.574424 0.00456871 0.0287829
0 0.328034 0.505208 0.0215643 0.0252193
0 0.370797 0.649534 0.00694444 0.0271382
0 0.252558 0.543586 0.0237573 0.0339912
0 0.178819 0.580318 0.0122442 0.0296053
0 0.553363 0.561541 0.0248538 0.0534539
0 0.515168 0.487664 0.0201023 0.0405702
0 0.345212 0.387747 0.0226608 0.0243969
0 0.328673 0.374178 0.0126096 0.0323465
0 0.208333 0.58114 0.0146199 0.0301535
0 0.516265 0.53591 0.0211988 0.0433114
0 0.353344 0.64227 0.0118787 0.0285088
0 0.208242 0.635691 0.0063962 0.0279605
0 0.58242 0.462582 0.00402047 0.0326206
0 0.319627 0.650219 0.0113304 0.0372807
0 0.382127 0.486842 0.00694444 0.0350877
0 0.438779 0.445175 0.0281433 0.0345395
0 0.412738 0.655154 0.0202851 0.0400219
0 0.377467 0.368832 0.0232091 0.0238487
0 0.824653 0.69312 0.00858918 0.0128838
0 0.315698 0.566201 0.0177266 0.0501645
0 0.377833 0.511239 0.0056652 0.03125
0 0.84905 0.554825 0.0131579 0.0307018
0 0.287098 0.492462 0.0252193 0.0194627
0 0.378381 0.48602 0.0243056 0.0235746
0 0.785727 0.658169 0.0184576 0.0515351
0 0.294865 0.588268 0.0221126 0.0257675
0 0.354258 0.52892 0.0158991 0.0370066
0 0.324013 0.630345 0.0237573 0.0320724
0 0.177175 0.505757 0.0239401 0.0515351
0 0.311221 0.629797 0.0266813 0.0391996
0 0.506579 0.600466 0.0215643 0.0496162
0 0.356817 0.5858 0.0224781 0.0400219
0 0.239583 0.373492 0.0197368 0.0507127
0 0.432018 0.400905 0.0230263 0.0381031
0 0.194719 0.524808 0.0264985 0.0441338
0 0.843567 0.530702 0.0241228 0.0548246
0 0.465278 0.392818 0.0226608 0.0230263
0 0.203034 0.469024 0.0219298 0.0476974
0 0.458242 0.599095 0.0250365 0.0479715
0 0.491137 0.568805 0.0232091 0.0411184
0 0.394554 0.554002 0.0193713 0.0422149
0 0.514254 0.63199 0.0255848 0.0501645
0 0.488944 0.392133 0.0224781 0.0386513
0 0.85636 0.699973 0.0255848 0.0479715
0 0.465369 0.505482 0.0213816 0.0449561
0 0.365406 0.624178 0.0243056 0.0444079
0 0.223319 0.643366 0.0190058 0.0690789
0 0.224232 0.550439 0.0219298 0.0405702
0 0.481451 0.642133 0.0210161 0.0381031
0 0.436129 0.474232 0.0228436 0.0317982
0 0.335526 0.654468 0.0204678 0.0572917
0 0.831232 0.684896 0.0224781 0.0583882
0 0.270559 0.569079 0.0213816 0.0296053
0 0.54057 0.499041 0.0215643 0.0309759
0 0.473776 0.573876 0.0243056 0.0391996
0 0.562317 0.518366 0.0248538 0.0422149
0 0.460983 0.649945 0.0206506 0.0729167
0 0.482365 0.462308 0.0243056 0.0331689
0 0.406159 0.473821 0.0221126 0.0391996
0 0.427906 0.624178 0.0224781 0.0422149
0 0.865406 0.675027 0.0246711 0.046875
0 0.835709 0.500685 0.0255848 0.0408443
0 0.498081 0.645011 0.0250365 0.0586623
0 0.218841 0.610197 0.0246711 0.0444079
0 0.439967 0.38665 0.0232091 0.0298794
0 0.852339 0.625411 0.0259503 0.0518092
0 0.918951 0.537829 0.0228436 0.0641447
0 0.539656 0.590598 0.0226608 0.0518092
0 0.365223 0.497807 0.0217471 0.0389254
0 0.322186 0.586075 0.0241228 0.058114
0 0.31186 0.486568 0.0235746 0.035636
0 0.19947 0.505482 0.025402 0.0427632
0 0.39428 0.517544 0.0224781 0.0422149
0 0.931469 0.561678 0.0215643 0.029057
0 0.447734 0.50562 0.0252193 0.0391996
0 0.226882 0.592928 0.0232091 0.0367325
0 0.432657 0.492873 0.0239401 0.0455044
0 0.256944 0.654879 0.0237573 0.0531798
0 0.332237 0.543997 0.0241228 0.0463268
0 0.528509 0.499315 0.0211988 0.0326206
0 0.241137 0.475603 0.0239401 0.0345395
0 0.864766 0.54852 0.0244883 0.0586623
0 0.352522 0.493421 0.0244883 0.0400219
0 0.277869 0.337445 0.0239401 0.0482456
0 0.390168 0.637198 0.0241228 0.0572917
0 0.378381 0.612116 0.026864 0.0542763
0 0.411732 0.438596 0.0248538 0.033443
0 0.440241 0.647067 0.0219298 0.049068
0 0.760874 0.660362 0.0199196 0.0460526
0 0.573465 0.547834 0.0219298 0.0413925
0 0.26599 0.567571 0.025402 0.0501645
0 0.487116 0.505482 0.0264985 0.0460526
0 0.560307 0.635005 0.0219298 0.044682
0 0.911915 0.606086 0.0255848 0.0427632
0 0.224324 0.500137 0.0224781 0.0408443
0 0.839821 0.667489 0.0246711 0.033443
0 0.564967 0.4804 0.0246711 0.0496162
0 0.365771 0.523026 0.0257675 0.0466009
0 0.348958 0.456277 0.0235746 0.0375548
0 0.411184 0.555647 0.0255848 0.0350877
0 0.826937 0.642955 0.0248538 0.0529057
0 0.315972 0.518914 0.0237573 0.0433114
0 0.889072 0.518777 0.0263158 0.0561952
0 0.485563 0.530154 0.0263158 0.0570175
0 0.411367 0.592654 0.0237573 0.0608553
0 0.452577 0.661321 0.0286915 0.042489
0 0.602156 0.536184 0.0241228 0.064693
0 0.327577 0.480126 0.0250365 0.0430373
0 0.248538 0.599232 0.0241228 0.0433114
0 0.268732 0.635417 0.0213816 0.0542763
0 0.869609 0.506442 0.0232091 0.0523575
0 0.36504 0.580318 0.0250365 0.0427632
0 0.394371 0.586897 0.0252193 0.0526316
0 0.26526 0.519463 0.0243056 0.0526316
0 0.818896 0.619243 0.0237573 0.0394737
0 0.568805 0.500274 0.0257675 0.0405702
0 0.606177 0.660773 0.0215643 0.0457785
0 0.394737 0.45614 0.0263158 0.0400219
0 0.519737 0.450521 0.0252193 0.0342654
0 0.516173 0.505757 0.0224781 0.0433114
0 0.260782 0.624452 0.0237573 0.0592105
0 0.14492 0.606634 0.0230263 0.0509868
0 0.49936 0.462308 0.0257675 0.0337171
0 0.456323 0.387061 0.0270468 0.0367325
0 0.398757 0.648575 0.0244883 0.0575658
0 0.394189 0.493284 0.0259503 0.0441338
0 0.594024 0.575521 0.0235746 0.0441338
0 0.236202 0.64131 0.0250365 0.0507127
0 0.240223 0.512061 0.0264985 0.0394737
0 0.326937 0.392818 0.0266813 0.0460526
0 0.51133 0.563596 0.0252193 0.0433114
0 0.257219 0.481086 0.0239401 0.0400219
0 0.544865 0.456689 0.0257675 0.0345395
0 0.585435 0.506853 0.0272295 0.0427632
0 0.424251 0.542215 0.025402 0.0361842
0 0.282621 0.532209 0.025402 0.0441338
0 0.473501 0.636924 0.0252193 0.0496162
0 0.886422 0.56812 0.0239401 0.0572917
0 0.377558 0.5821 0.0259503 0.0463268
0 0.465095 0.549205 0.0248538 0.0397478
0 0.290479 0.636787 0.0235746 0.0498904
0 0.369609 0.544134 0.026133 0.0339912
0 0.449105 0.54989 0.0243056 0.0433114
0 0.286824 0.499589 0.0257675 0.049068
0 0.436769 0.537007 0.0230263 0.0296053
0 0.276864 0.648986 0.0252193 0.0463268
0 0.461349 0.449698 0.026133 0.0370066
0 0.215643 0.517681 0.0237573 0.0430373
0 0.939419 0.587308 0.026864 0.0496162
0 0.340735 0.488076 0.0250365 0.0413925
0 0.248355 0.574561 0.0244883 0.0526316
0 0.335709 0.611842 0.0259503 0.0438596
0 0.598319 0.487527 0.0270468 0.0452303
0 0.299251 0.523438 0.0250365 0.044682
0 0.500914 0.387884 0.0259503 0.0367325
0 0.369609 0.450384 0.0272295 0.0361842
0 0.602339 0.611157 0.0241228 0.0578399
0 0.535362 0.5429 0.0250365 0.0501645
0 0.802632 0.656661 0.0255848 0.0567434
0 0.29386 0.593476 0.0259503 0.0493421
0 0.348045 0.599095 0.0264985 0.0496162
0 0.828308 0.550027 0.0235746 0.0474232
0 0.802449 0.700384 0.0270468 0.0548246
0 0.552357 0.480811 0.0246711 0.0444079
0 0.499086 0.531524 0.0270468 0.0564693
0 0.294317 0.450521 0.026133 0.0419408
0 0.581689 0.530565 0.0255848 0.0507127
0 0.269371 0.3946 0.0252193 0.0364583
0 0.464364 0.631442 0.0263158 0.051261
0 0.411184 0.486979 0.0255848 0.0430373
0 0.369792 0.480674 0.0246711 0.0381031
0 0.256396 0.387198 0.0266813 0.0545504
0 0.30254 0.643503 0.0279605 0.0572917
0 0.34905 0.387198 0.0270468 0.0408443
0 0.319901 0.655016 0.0279605 0.0594846
0 0.364035 0.381716 0.0266813 0.0370066
0 0.368512 0.648163 0.0264985 0.051261
0 0.222862 0.381716 0.0243056 0.0370066
0 0.811038 0.674479 0.0263158 0.0600329
0 0.419134 0.506168 0.026133 0.046875
0 0.776681 0.674205 0.0244883 0.0474232
0 0.487208 0.48739 0.0248538 0.0504386
0 0.207328 0.57511 0.0243056 0.035636
0 0.906981 0.586897 0.0270468 0.0531798
0 0.847953 0.556058 0.0263158 0.051261
0 0.431835 0.568668 0.0259503 0.0529057
0 0.376827 0.512336 0.0274123 0.0372807
0 0.382675 0.486705 0.0277778 0.0413925
0 0.873264 0.567982 0.0272295 0.0504386
0 0.327394 0.375 0.0264985 0.0471491
0 0.352248 0.530154 0.028326 0.0537281
0 0.352065 0.642544 0.026133 0.0509868
0 0.477887 0.380894 0.0255848 0.0402961
0 0.494974 0.612802 0.0264985 0.0474232
0 0.91091 0.492736 0.0243056 0.0408443
0 0.177357 0.579907 0.026133 0.0441338
0 0.582328 0.462171 0.025402 0.0438596
0 0.823191 0.693257 0.027595 0.058114
0 0.206963 0.636376 0.0264985 0.0572917
