0 0.33325 0.521833 0.056 0.0543333
0 0.2895 0.474667 0.0075 0.00866667
0 0.43375 0.381667 0.0025 0.016
0 0.313375 0.453667 0.01325 0.0166667
0 0.406 0.550333 0.0065 0.012
0 0.55175 0.557333 0.0025 0.0113333
0 0.243 0.460333 0.0045 0.0106667
0 0.913875 0.263833 0.00875 0.037
0 0.292125 0.765667 0.06275 0.136
0 0.842875 0.272 0.01625 0.0173333
0 0.583625 0.839333 0.04375 0.0526667
0 0.255625 0.394833 0.00325 0.0116667
0 0.6925 0.177 0.021 0.0106667
0 0.29775 0.479167 0.008 0.00766667
0 0.551875 0.525667 0.00375 0.0133333
0 0.284375 0.400167 0.00225 0.017
0 0.409125 0.451833 0.00275 0.00366667
0 0.8825 0.28 0.007 0.0213333
0 0.538875 0.526833 0.00375 0.0196667
0 0.292875 0.465167 0.01925 0.00966667
0 0.4625 0.559167 0.0225 0.015
0 0.54075 0.5345 0.039 0.0376667
0 0.429125 0.438333 0.00925 0.0113333
0 0.28875 0.391833 0.003 0.0123333
0 0.454625 0.5435 0.00275 0.0136667
0 0.509375 0.542333 0.02775 0.0546667
0 0.226875 0.561 0.00275 0.03
0 0.293375 0.398167 0.01675 0.0203333
0 0.22975 0.4635 0.004 0.0183333
0 0.538625 0.553167 0.00275 0.0143333
0 0.438375 0.426 0.00175 0.0106667
0 0.37625 0.572167 0.0015 0.0103333
0 0.330625 0.510333 0.00375 0.016
0 0.3115 0.412667 0.056 0.0413333
0 0.450375 0.531167 0.00325 0.0103333
0 0.43825 0.445833 0.022 0.017
0 0.4045 0.419167 0.007 0.00633333
0 0.353875 0.517 0.02625 0.0166667
0 0.438625 0.374167 0.05625 0.0576667
0 0.297 0.514667 0.004 0.00466667
0 0.32675 0.459833 0.052 0.051
0 0.20975 0.522167 0.028 0.00833333
0 0.431625 0.780833 0.03275 0.0296667
0 0.429 0.459167 0.014 0.0376667
0 0.442125 0.574667 0.00475 0.00933333
0 0.579875 0.5485 0.01475 0.005
0 0.390375 0.378 0.05075 0.0293333
0 0.590375 0.5215 0.05175 0.0903333
0 0.8815 0.988 0.011 0.024
0 0.389375 0.425833 0.01325 0.005
0 0.58625 0.907167 0.0685 0.0376667
0 0.4695 0.5605 0.027 0.0236667
0 0.34175 0.449333 0.034 0.0393333
0 0.391875 0.410333 0.05075 0.0346667
0 0.319375 0.544 0.02325 0.012
0 0.205375 0.537167 0.02025 0.00833333
0 0.841 0.7645 0.0275 0.071
0 0.41725 0.4015 0.018 0.0223333
0 0.393 0.419 0.007 0.00933333
0 0.30125 0.41 0.006 0.0113333
0 0.404625 0.536333 0.00275 0.008
0 0.464625 0.531333 0.01225 0.00866667
0 0.230625 0.470667 0.01175 0.00266667
0 0.387875 0.504 0.00125 0.01
0 0.267875 0.526833 0.00425 0.0356667
0 0.4225 0.4165 0.057 0.029
0 0.412625 0.429667 0.05025 0.048
0 0.433 0.795833 0.0305 0.0523333
0 0.3545 0.454167 0.0145 0.00566667
0 0.375625 0.448333 0.00625 0.014
0 0.243625 0.479667 0.02825 0.0393333
0 0.52625 0.529 0.0035 0.0213333
0 0.393125 0.448667 0.02075 0.0173333
0 0.338 0.524667 0.0035 0.008
0 0.373375 0.528 0.04225 0.0553333
0 0.50175 0.581333 0.0245 0.018
0 0.42375 0.535 0.027 0.026
0 0.226875 0.437167 0.00875 0.009
0 0.524375 0.501 0.02375 0.008
0 0.237875 0.4565 0.04225 0.0523333
0 0.5585 0.562667 0.022 0.0113333
0 0.28425 0.427167 0.0045 0.011
0 0.576 0.906 0.0225 0.00933333
0 0.458 0.552333 0.042 0.0566667
0 0.27575 0.725333 0.0085 0.00666667
0 0.362625 0.434667 0.05525 0.0386667
0 0.217 0.4705 0.0185 0.0123333
0 0.553125 0.5355 0.01425 0.0123333
0 0.311 0.445667 0.0155 0.0133333
0 0.227125 0.458333 0.00575 0.0193333
0 0.3715 0.443667 0.0035 0.014
0 0.27225 0.525167 0.0505 0.063
0 0.273375 0.459333 0.04375 0.058
0 0.38375 0.4085 0.0025 0.00966667
0 0.3255 0.463333 0.0035 0.008
0 0.44 0.433833 0.0535 0.0483333
0 0.30975 0.491667 0.0075 0.00866667
0 0.473375 0.544333 0.03475 0.0273333
0 0.35925 0.510167 0.003 0.0156667
0 0.60625 0.837667 0.046 0.118667
0 0.280125 0.534167 0.01275 0.021
0 0.224375 0.44 0.04775 0.0566667
0 0.288625 0.767667 0.01125 0.004
0 0.496375 0.5315 0.00925 0.015
0 0.434 0.425 0.0035 0.00733333
0 0.25575 0.467 0.0235 0.00666667
0 0.404375 0.414167 0.00575 0.009
0 0.453375 0.548333 0.01725 0.008
0 0.44275 0.58 0.039 0.0666667
0 0.427 0.787 0.055 0.0733333
0 0.471875 0.538 0.00725 0.0186667
0 0.426875 0.534833 0.00475 0.013
0 0.913875 0.270167 0.01475 0.041
0 0.33775 0.5545 0.0555 0.0456667
0 0.33875 0.463667 0.0085 0.0153333
0 0.238125 0.4575 0.00775 0.00833333
0 0.3265 0.395 0.0595 0.054
0 0.29275 0.459667 0.0185 0.008
0 0.284125 0.448167 0.00625 0.0143333
0 0.24325 0.583167 0.025 0.0156667
0 0.35925 0.4305 0.0035 0.0103333
0 0.243875 0.593333 0.03825 0.0333333
0 0.28525 0.440833 0.005 0.013
0 0.540875 0.547667 0.00575 0.01
0 0.340875 0.448167 0.01825 0.00833333
0 0.304625 0.576 0.01175 0.0333333
0 0.353875 0.518667 0.05775 0.06
0 0.3555 0.581167 0.0245 0.013
0 0.22575 0.442833 0.003 0.0156667
0 0.959625 0.893333 0.01075 0.0126667
0 0.600875 0.659667 0.00825 0.0166667
0 0.430875 0.462333 0.00575 0.0253333
0 0.54425 0.557167 0.011 0.0143333
0 0.319 0.550167 0.0225 0.0123333
0 0.4485 0.543333 0.018 0.028
0 0.29375 0.687 0.0115 0.0166667
0 0.38775 0.376167 0.0145 0.005
0 0.346375 0.403 0.00425 0.01
0 0.325375 0.459167 0.00475 0.011
0 0.430625 0.388667 0.05375 0.0366667
0 0.40875 0.548333 0.005 0.0106667
0 0.366625 0.391667 0.00125 0.008
0 0.493875 0.537833 0.00675 0.019
0 0.394375 0.4955 0.02775 0.0156667
0 0.42075 0.392833 0.002 0.0143333
0 0.30975 0.4835 0.043 0.0636667
0 0.309125 0.4035 0.00225 0.00966667
0 0.3245 0.5535 0.02 0.029
0 0.4275 0.408333 0.01 0.00666667
0 0.3 0.549333 0.0225 0.0213333
0 0.396375 0.416167 0.00475 0.011
0 0.37375 0.495333 0.0265 0.0273333
0 0.29575 0.511333 0.0145 0.006
0 0.539875 0.514333 0.00775 0.008
0 0.365 0.466167 0.0165 0.0536667
0 0.565125 0.536333 0.01325 0.01
0 0.4715 0.526667 0.0055 0.014
0 0.39625 0.421 0.005 0.0126667
0 0.28125 0.4505 0.0165 0.00566667
0 0.430375 0.531667 0.00575 0.0246667
0 0.3855 0.454 0.0215 0.0106667
0 0.301625 0.482 0.00475 0.0153333
0 0.39375 0.472833 0.037 0.0563333
0 0.412125 0.442333 0.00725 0.00866667
0 0.006875 0.7175 0.00625 0.015
0 0.3945 0.512167 0.0545 0.0283333
0 0.426375 0.5315 0.00725 0.0163333
0 0.4285 0.420667 0.008 0.0133333
0 0.325625 0.444333 0.00475 0.0166667
0 0.305375 0.411167 0.00525 0.0136667
0 0.305875 0.442667 0.05125 0.0633333
0 0.25025 0.515667 0.0525 0.064
0 0.235875 0.4705 0.01525 0.0136667
0 0.28025 0.398167 0.0035 0.011
0 0.42825 0.520833 0.013 0.0116667
0 0.285875 0.879833 0.01075 0.0236667
0 0.547125 0.5495 0.02025 0.0296667
0 0.490625 0.550833 0.04925 0.0423333
0 0.214875 0.461167 0.02625 0.0183333
0 0.278 0.494833 0.0205 0.0163333
0 0.38475 0.566 0.0185 0.0226667
0 0.46375 0.5355 0.007 0.0103333
0 0.41775 0.525667 0.0055 0.0213333
0 0.397625 0.4365 0.01125 0.0116667
0 0.673875 0.206667 0.00375 0.018
0 0.308625 0.398667 0.00425 0.0133333
0 0.38425 0.448167 0.0055 0.009
0 0.502125 0.6495 0.01725 0.00566667
0 0.251125 0.392333 0.00325 0.008
0 0.334375 0.475667 0.00525 0.00733333
0 0.33975 0.409667 0.018 0.022
0 0.522 0.505 0.012 0.0386667
0 0.20775 0.475833 0.0505 0.0336667
0 0.410125 0.426833 0.02025 0.013
0 0.8245 0.838833 0.021 0.035
0 0.672375 0.211667 0.01375 0.0133333
0 0.26 0.480667 0.054 0.058
0 0.612875 0.537333 0.01225 0.0273333
0 0.348125 0.510167 0.00825 0.051
0 0.298625 0.680667 0.01575 0.0253333
0 0.3385 0.437333 0.0055 0.016
0 0.32675 0.5805 0.046 0.0463333
0 0.414625 0.565333 0.01675 0.016
0 0.54325 0.539333 0.0245 0.0186667
0 0.54075 0.532333 0.011 0.02
0 0.2925 0.425333 0.0095 0.022
0 0.389375 0.554 0.01025 0.0406667
0 0.2265 0.567667 0.0255 0.0286667
0 0.524625 0.506 0.04325 0.0586667
0 0.40525 0.532167 0.0025 0.015
0 0.3595 0.403667 0.005 0.012
0 0.582 0.519667 0.0155 0.00666667
0 0.40725 0.574833 0.042 0.061
0 0.36225 0.4775 0.051 0.055
0 0.235 0.559833 0.0145 0.00833333
0 0.55275 0.547333 0.0095 0.0193333
0 0.608 0.5455 0.045 0.0583333
0 0.42525 0.542333 0.0055 0.00933333
0 0.40775 0.417833 0.0055 0.005
0 0.3275 0.5355 0.025 0.0236667
0 0.404375 0.382 0.00225 0.0173333
0 0.328125 0.549 0.03925 0.008
0 0.40725 0.548833 0.0425 0.0276667
0 0.556 0.525333 0.0385 0.048
0 0.236125 0.457167 0.01575 0.0356667
0 0.20625 0.555 0.0225 0.01
0 0.603625 0.655 0.01025 0.0133333
0 0.365 0.3985 0.0205 0.00966667
0 0.20175 0.5415 0.006 0.047
0 0.450375 0.5265 0.00225 0.0163333
0 0.26775 0.4595 0.0105 0.0296667
0 0.409125 0.448 0.00425 0.00866667
0 0.298625 0.475667 0.00975 0.0406667
0 0.393625 0.519 0.03425 0.052
0 0.91325 0.283 0.0145 0.0326667
0 0.43075 0.567167 0.052 0.0363333
0 0.50175 0.580833 0.012 0.0296667
0 0.430125 0.536333 0.00375 0.0146667
0 0.353125 0.406833 0.01025 0.017
0 0.3555 0.5135 0.0055 0.005
0 0.280625 0.779333 0.01175 0.0166667
0 0.36025 0.565 0.022 0.0193333
0 0.48025 0.560167 0.014 0.0463333
0 0.301875 0.4555 0.01175 0.0476667
0 0.299 0.440833 0.0085 0.0163333
0 0.573625 0.918 0.03375 0.0213333
0 0.941125 0.27 0.01325 0.0226667
0 0.3385 0.4765 0.005 0.00766667
0 0.426 0.419333 0.0075 0.00733333
0 0.355625 0.4475 0.01925 0.0116667
0 0.261875 0.880833 0.01425 0.0316667
0 0.369875 0.571833 0.00975 0.0323333
0 0.28425 0.768333 0.013 0.00333333
0 0.32275 0.581333 0.009 0.0386667
0 0.289625 0.471333 0.01025 0.016
0 0.608875 0.538833 0.01675 0.00433333
0 0.325875 0.5645 0.05425 0.0496667
0 0.438375 0.458333 0.05525 0.032
0 0.43375 0.455833 0.0105 0.023
0 0.3425 0.466167 0.0045 0.019
0 0.57725 0.544333 0.0465 0.0393333
0 0.513125 0.556667 0.01675 0.026
0 0.291875 0.388 0.00225 0.0146667
0 0.421 0.443167 0.004 0.0163333
0 0.342125 0.469667 0.00625 0.00733333
0 0.0995 0.561167 0.009 0.0236667
0 0.365375 0.501833 0.05575 0.0483333
0 0.400125 0.449833 0.00425 0.00966667
0 0.280875 0.799333 0.01575 0.00866667
0 0.394875 0.441667 0.01625 0.00333333
0 0.374625 0.447833 0.01675 0.00433333
0 0.417 0.4505 0.0075 0.00966667
0 0.52675 0.5605 0.042 0.0536667
0 0.295 0.516333 0.042 0.0593333
0 0.553125 0.514333 0.00725 0.00733333
0 0.391625 0.375167 0.01525 0.00766667
0 0.521375 0.5305 0.00425 0.0156667
0 0.432125 0.516333 0.02575 0.0286667
0 0.334375 0.392833 0.01725 0.0203333
0 0.286875 0.895167 0.03125 0.0296667
0 0.34075 0.568667 0.06 0.0313333
0 0.292125 0.392 0.00225 0.012
0 0.402 0.574167 0.013 0.0136667
0 0.350875 0.571167 0.02175 0.0323333
0 0.3265 0.422 0.009 0.022
0 0.33 0.426333 0.006 0.014
0 0.90075 0.271167 0.0175 0.0343333
0 0.424875 0.5495 0.00425 0.00833333
0 0.432125 0.5245 0.04525 0.0416667
0 0.470375 0.520333 0.00825 0.00533333
0 0.556375 0.532333 0.00725 0.0313333
0 0.3615 0.568333 0.044 0.04
0 0.351 0.471167 0.005 0.015
0 0.33775 0.441667 0.006 0.0126667
0 0.427375 0.782667 0.01975 0.01
0 0.228125 0.562167 0.05975 0.0403333
0 0.565375 0.5555 0.01725 0.0216667
0 0.35875 0.552833 0.0475 0.0383333
0 0.30725 0.6815 0.057 0.0683333
0 0.25875 0.458667 0.0045 0.012
0 0.351 0.453667 0.004 0.016
0 0.42875 0.527167 0.008 0.0136667
0 0.219625 0.488 0.02375 0.0106667
0 0.2235 0.444333 0.022 0.016
0 0.36925 0.458667 0.0105 0.0126667
0 0.350375 0.508 0.01925 0.014
0 0.35675 0.405 0.0105 0.0113333
0 0.412125 0.4205 0.00225 0.011
0 0.47475 0.5425 0.0145 0.0176667
0 0.435375 0.398 0.01725 0.014
0 0.367125 0.560333 0.01075 0.0446667
0 0.87775 0.986 0.0155 0.028
0 0.433 0.520167 0.0125 0.00766667
0 0.568125 0.547667 0.01025 0.018
0 0.25725 0.433167 0.045 0.0476667
0 0.47925 0.504167 0.0435 0.0523333
0 0.294 0.483167 0.0265 0.011
0 0.491125 0.548667 0.00975 0.0186667
0 0.22225 0.4745 0.042 0.0523333
0 0.242125 0.495833 0.01225 0.051
0 0.271125 0.491833 0.00375 0.00766667
0 0.22075 0.4855 0.011 0.0496667
0 0.27725 0.744167 0.0245 0.013
0 0.378375 0.458833 0.01925 0.0116667
0 0.44025 0.533833 0.0435 0.029
0 0.377375 0.429667 0.01525 0.00533333
0 0.338875 0.398667 0.01775 0.0126667
0 0.41175 0.560833 0.044 0.0316667
0 0.31725 0.6615 0.0155 0.00566667
0 0.280375 0.498667 0.00925 0.018
0 0.549 0.548 0.0115 0.0113333
0 0.43325 0.576833 0.0185 0.0196667
0 0.321 0.421 0.0335 0.038
0 0.5755 0.901 0.0125 0.0293333
0 0.393625 0.425833 0.01625 0.007
0 0.38725 0.505333 0.015 0.0526667
0 0.5055 0.582667 0.046 0.0653333
0 0.40125 0.587667 0.066 0.0406667
0 0.402875 0.526 0.01225 0.0193333
0 0.220125 0.4595 0.06075 0.0483333
0 0.28175 0.427333 0.0025 0.0166667
0 0.37625 0.546167 0.051 0.045
0 0.209125 0.5015 0.04425 0.0523333
0 0.30275 0.5645 0.0115 0.0316667
0 0.281875 0.391333 0.01325 0.0346667
0 0.21425 0.4805 0.0075 0.0396667
0 0.37425 0.449167 0.0495 0.0456667
0 0.436875 0.557 0.01825 0.016
0 0.255625 0.4315 0.00925 0.0336667
0 0.918 0.278 0.0175 0.036
0 0.2395 0.499333 0.0265 0.014
0 0.37475 0.506833 0.0155 0.011
0 0.34325 0.515333 0.0125 0.0286667
0 0.30725 0.4475 0.01 0.013
0 0.22525 0.459833 0.0245 0.0283333
0 0.97975 0.808667 0.0195 0.0186667
0 0.39625 0.447667 0.0045 0.0106667
0 0.36175 0.409833 0.0205 0.013
0 0.394875 0.384667 0.01725 0.0326667
0 0.420875 0.424167 0.01275 0.0176667
0 0.88375 0.279333 0.0265 0.0393333
0 0.2935 0.691667 0.0055 0.0186667
0 0.459 0.416167 0.057 0.0516667
0 0.581125 0.527167 0.05325 0.0483333
0 0.394625 0.433333 0.02175 0.032
0 0.350125 0.476333 0.00425 0.0173333
0 0.53525 0.561333 0.018 0.0306667
0 0.323 0.462167 0.0035 0.0303333
0 0.393125 0.371833 0.01525 0.019
0 0.26875 0.527333 0.016 0.008
0 0.30975 0.665333 0.0265 0.0393333
0 0.3355 0.522667 0.006 0.0353333
0 0.344875 0.405333 0.00725 0.0326667
0 0.578125 0.858167 0.07025 0.0296667
0 0.518375 0.561833 0.01725 0.0103333
0 0.603625 0.851667 0.00675 0.01
0 0.30875 0.570167 0.0135 0.0163333
0 0.5765 0.8565 0.006 0.0123333
0 0.528625 0.549 0.01675 0.0193333
0 0.291125 0.4495 0.01125 0.0103333
0 0.222125 0.491333 0.00775 0.03
0 0.375 0.4545 0.005 0.0156667
0 0.469875 0.532667 0.01175 0.006
0 0.408 0.398333 0.003 0.0126667
0 0.577125 0.918 0.02175 0.012
0 0.3915 0.554333 0.0175 0.0153333
0 0.339125 0.431833 0.01625 0.00966667
0 0.49475 0.537833 0.0285 0.025
0 0.301875 0.444333 0.02175 0.026
0 0.2095 0.471333 0.023 0.0213333
0 0.365875 0.405833 0.01425 0.0176667
0 0.26975 0.515 0.019 0.024
0 0.328375 0.5445 0.01775 0.015
0 0.544875 0.537 0.01175 0.0133333
0 0.426625 0.542667 0.01425 0.00933333
0 0.382 0.443667 0.015 0.0126667
0 0.272875 0.46 0.01325 0.0206667
0 0.43075 0.514167 0.0115 0.007
0 0.280625 0.433 0.02175 0.0133333
0 0.324 0.537 0.007 0.0346667
0 0.2935 0.692167 0.034 0.071
0 0.258625 0.580333 0.03825 0.0566667
0 0.407625 0.553667 0.00675 0.0153333
0 0.306375 0.422 0.01875 0.0133333
0 0.3945 0.431333 0.014 0.01
0 0.485875 0.539667 0.01375 0.0153333
0 0.286 0.406667 0.0445 0.0286667
0 0.47375 0.533333 0.0345 0.0313333
0 0.467125 0.549167 0.01475 0.0143333
0 0.427 0.4155 0.0095 0.019
0 0.341375 0.566167 0.01225 0.0183333
0 0.306625 0.5465 0.00925 0.0503333
0 0.518875 0.5055 0.00525 0.0356667
0 0.4295 0.547333 0.0205 0.0113333
0 0.238375 0.511167 0.00725 0.0376667
0 0.310125 0.459333 0.01125 0.0293333
0 0.426625 0.397833 0.01425 0.0183333
0 0.424875 0.437 0.01425 0.0206667
0 0.47875 0.538167 0.015 0.013
0 0.30625 0.549667 0.053 0.0646667
0 0.50575 0.523167 0.0045 0.041
0 0.364875 0.478333 0.01975 0.0166667
0 0.581625 0.861833 0.02575 0.0163333
0 0.311 0.461333 0.039 0.0413333
0 0.33525 0.5575 0.0095 0.017
0 0.3025 0.487333 0.0225 0.0193333
0 0.453625 0.535833 0.01125 0.00766667
0 0.437625 0.422667 0.01225 0.014
0 0.352625 0.571 0.01575 0.00933333
0 0.385375 0.561333 0.00675 0.0193333
0 0.39925 0.4545 0.026 0.0103333
0 0.316125 0.399833 0.00825 0.0103333
0 0.324125 0.402333 0.02025 0.0266667
0 0.229875 0.466667 0.02725 0.0153333
0 0.671875 0.206333 0.01925 0.0113333
0 0.38475 0.384833 0.02 0.023
0 0.432375 0.4155 0.00675 0.0143333
0 0.46325 0.554667 0.0145 0.0226667
0 0.234875 0.461667 0.02425 0.012
0 0.23225 0.447833 0.02 0.0183333
0 0.497125 0.506 0.00725 0.036
0 0.370875 0.388667 0.01025 0.0266667
0 0.3735 0.533167 0.013 0.035
0 0.210125 0.547167 0.01175 0.0176667
0 0.410375 0.417167 0.01175 0.0223333
0 0.58 0.851167 0.0105 0.0163333
0 0.314375 0.477167 0.01275 0.0323333
0 0.432375 0.539167 0.02975 0.0183333
0 0.31575 0.667333 0.02 0.0133333
0 0.608875 0.856833 0.01775 0.013
0 0.206625 0.540167 0.04175 0.0563333
0 0.49275 0.510833 0.0085 0.029
0 0.244625 0.571333 0.02575 0.00733333
0 0.3335 0.461833 0.007 0.0116667
0 0.31525 0.5515 0.0135 0.0436667
0 0.495125 0.554333 0.01325 0.012
0 0.328625 0.421333 0.01425 0.00733333
0 0.2215 0.474333 0.0175 0.0366667
0 0.390375 0.432833 0.01525 0.007
0 0.295 0.470167 0.0115 0.025
0 0.4535 0.520167 0.015 0.0156667
0 0.503125 0.653167 0.06325 0.0503333
0 0.50675 0.580833 0.0105 0.037
0 0.28175 0.495333 0.0235 0.00933333
0 0.31825 0.6605 0.0545 0.0456667
0 0.243375 0.566833 0.04575 0.065
0 0.23925 0.4895 0.0025 0.029
0 0.23925 0.455667 0.0165 0.016
0 0.408875 0.550167 0.01275 0.0163333
0 0.322375 0.389333 0.01425 0.0186667
0 0.373875 0.567833 0.00575 0.025
0 0.50175 0.507833 0.0205 0.0443333
0 0.39125 0.442333 0.035 0.0273333
0 0.373875 0.395833 0.01375 0.0196667
0 0.369875 0.443833 0.00775 0.0236667
0 0.350625 0.409333 0.01875 0.0233333
0 0.257 0.3875 0.0105 0.017
0 0.322875 0.402667 0.02225 0.008
0 0.34825 0.3985 0.0025 0.023
0 0.417625 0.560167 0.01575 0.0176667
0 0.336125 0.404833 0.00825 0.0203333
0 0.28575 0.890667 0.031 0.0126667
0 0.5165 0.5545 0.0155 0.0143333
0 0.410375 0.395 0.00725 0.016
0 0.369 0.534833 0.0035 0.0263333
0 0.355125 0.553333 0.01875 0.0366667
0 0.263 0.509167 0.0075 0.0283333
0 0.3265 0.4365 0.017 0.00766667
0 0.407375 0.5265 0.01075 0.0183333
0 0.210875 0.542667 0.00525 0.0173333
0 0.302125 0.4145 0.02075 0.00966667
0 0.29925 0.478167 0.0175 0.011
0 0.376875 0.565 0.01025 0.0473333
0 0.31075 0.556167 0.012 0.023
0 0.23175 0.484833 0.006 0.045
0 0.277625 0.739333 0.02475 0.0346667
0 0.498125 0.5165 0.03925 0.0256667
0 0.42825 0.5165 0.015 0.0136667
0 0.37875 0.562333 0.0245 0.0293333
0 0.28075 0.8875 0.0175 0.015
0 0.28075 0.783833 0.0595 0.0823333
0 0.603 0.662167 0.0365 0.015
0 0.323625 0.410833 0.01475 0.021
0 0.553 0.523333 0.0105 0.0313333
0 0.41925 0.395333 0.003 0.024
0 0.460625 0.5685 0.01125 0.0156667
0 0.416625 0.5335 0.01825 0.013
0 0.439625 0.528833 0.02375 0.019
0 0.23525 0.470167 0.023 0.025
0 0.513125 0.520667 0.01925 0.0233333
0 0.608 0.8515 0.012 0.011
0 0.3615 0.511 0.009 0.024
0 0.324375 0.477667 0.01325 0.0246667
0 0.216625 0.476167 0.00825 0.0256667
0 0.239125 0.521833 0.02725 0.019
0 0.352375 0.472333 0.01425 0.0193333
0 0.575875 0.912833 0.02275 0.0116667
0 0.328875 0.427 0.01025 0.0226667
0 0.282625 0.393667 0.01425 0.0146667
0 0.40725 0.580833 0.0185 0.0243333
0 0.391375 0.389 0.03025 0.0366667
0 0.260625 0.452667 0.00225 0.0173333
0 0.494625 0.582667 0.01775 0.0213333
0 0.298125 0.510667 0.01475 0.03
0 0.27375 0.7455 0.031 0.077
0 0.610125 0.853667 0.05425 0.0346667
0 0.299 0.550167 0.0055 0.0276667
0 0.580375 0.856333 0.01875 0.0126667
0 0.285125 0.764333 0.01825 0.016
0 0.40675 0.401 0.012 0.0206667
0 0.49525 0.537333 0.0165 0.014
0 0.45625 0.562667 0.0035 0.0286667
0 0.403125 0.384167 0.01125 0.0283333
0 0.437 0.545333 0.0255 0.0246667
0 0.4075 0.394 0.02 0.00333333
0 0.431125 0.4385 0.00725 0.0176667
0 0.40625 0.378833 0.0085 0.0156667
0 0.30375 0.565333 0.019 0.0173333
0 0.303125 0.477167 0.00725 0.0243333
0 0.43225 0.385 0.0105 0.0213333
0 0.289625 0.389667 0.00875 0.0146667
0 0.2325 0.445167 0.007 0.0103333
0 0.523125 0.5285 0.00475 0.0203333
0 0.21675 0.477833 0.0225 0.0143333
0 0.482125 0.539 0.00825 0.024
0 0.41975 0.528833 0.015 0.013
0 0.323875 0.466667 0.02225 0.02
0 0.39875 0.443333 0.009 0.0273333
0 0.32375 0.444833 0.007 0.0196667
0 0.364875 0.427333 0.01525 0.0166667
0 0.382375 0.535667 0.00775 0.0413333
0 0.316125 0.494 0.00875 0.02
0 0.263125 0.4625 0.01375 0.0323333
0 0.349 0.478833 0.017 0.0143333
0 0.49925 0.656833 0.006 0.0196667
0 0.437875 0.521833 0.01375 0.021
0 0.3565 0.511333 0.007 0.0206667
0 0.242375 0.460667 0.00625 0.034
0 0.527125 0.527833 0.01025 0.0236667
0 0.2105 0.4625 0.004 0.0303333
0 0.318875 0.411833 0.00975 0.0196667
0 0.285625 0.401333 0.00875 0.0206667
0 0.4285 0.444 0.006 0.018
0 0.21825 0.455 0.0035 0.038
0 0.51175 0.581833 0.0405 0.0243333
0 0.326125 0.398 0.01975 0.0113333
0 0.301875 0.425 0.00925 0.0333333
0 0.447875 0.5325 0.02375 0.021
0 0.231 0.5635 0.003 0.045
0 0.290375 0.478 0.01375 0.0146667
0 0.459125 0.417167 0.01475 0.0116667
0 0.44125 0.4215 0.0185 0.0216667
0 0.1985 0.478167 0.0075 0.033
0 0.25825 0.395167 0.0135 0.017
0 0.470875 0.526167 0.01675 0.013
0 0.431625 0.51 0.01875 0.0173333
0 0.428375 0.422 0.01475 0.016
0 0.43125 0.5675 0.0055 0.0316667
0 0.2735 0.527333 0.002 0.0186667
0 0.330875 0.399167 0.02075 0.0196667
0 0.324625 0.4495 0.02175 0.0236667
0 0.375125 0.4725 0.03875 0.0343333
0 0.278 0.748667 0.0155 0.018
0 0.26875 0.496 0.026 0.0213333
0 0.332 0.510333 0.014 0.022
0 0.357125 0.5545 0.01625 0.00766667
0 0.431375 0.572833 0.00925 0.0203333
0 0.374375 0.531333 0.02475 0.02
0 0.3955 0.420833 0.0115 0.025
0 0.257125 0.46 0.00425 0.0173333
0 0.318 0.666 0.0205 0.0333333
0 0.54 0.5225 0.007 0.0236667
0 0.33675 0.444 0.015 0.0206667
0 0.360375 0.400333 0.00775 0.0213333
0 0.552375 0.556667 0.01125 0.032
0 0.39925 0.415833 0.011 0.0143333
0 0.231125 0.4875 0.02625 0.0263333
0 0.245125 0.461333 0.00625 0.008
0 0.344125 0.4665 0.01175 0.0196667
0 0.419125 0.4445 0.00825 0.0203333
0 0.44925 0.578 0.011 0.016
0 0.265625 0.433333 0.00825 0.0126667
0 0.306875 0.4595 0.02175 0.0176667
0 0.303875 0.552167 0.01175 0.023
0 0.277875 0.46 0.01125 0.0273333
0 0.331125 0.4225 0.00925 0.0203333
0 0.508875 0.520833 0.01525 0.0156667
0 0.558 0.519667 0.022 0.0166667
0 0.29325 0.522333 0.0255 0.0206667
0 0.248625 0.44 0.01225 0.028
0 0.264625 0.58 0.00375 0.0246667
0 0.3905 0.5 0.0035 0.0406667
0 0.296 0.6875 0.015 0.0283333
0 0.267625 0.511 0.02575 0.0426667
0 0.37375 0.4385 0.0105 0.0303333
0 0.285625 0.448 0.01325 0.016
0 0.37425 0.467833 0.0095 0.0203333
0 0.337375 0.521833 0.02175 0.0136667
0 0.298 0.689833 0.008 0.017
0 0.285625 0.5035 0.02375 0.0256667
0 0.34075 0.477667 0.0085 0.024
0 0.602875 0.659 0.01925 0.02
0 0.328125 0.444333 0.00825 0.0186667
0 0.410375 0.422833 0.00475 0.0276667
0 0.243125 0.488333 0.00225 0.034
0 0.214875 0.462333 0.00725 0.0326667
0 0.494 0.5905 0.018 0.0176667
0 0.378625 0.4375 0.01675 0.0343333
0 0.19725 0.4745 0.014 0.035
0 0.5365 0.5285 0.0085 0.0216667
0 0.40825 0.594833 0.0225 0.0163333
0 0.495125 0.549833 0.01925 0.0116667
0 0.247125 0.5695 0.00375 0.043
0 0.29375 0.515167 0.013 0.025
0 0.194375 0.478167 0.00325 0.035
0 0.331 0.562833 0.003 0.0343333
0 0.36 0.555167 0.0135 0.0243333
0 0.310875 0.399167 0.01025 0.0136667
0 0.222375 0.4555 0.00625 0.041
0 0.26975 0.483 0.0255 0.0193333
0 0.51875 0.559667 0.0195 0.024
0 0.432625 0.5505 0.00575 0.0336667
0 0.43625 0.378167 0.0095 0.0243333
0 0.412875 0.454333 0.01725 0.0226667
0 0.242625 0.574167 0.00425 0.027
0 0.298375 0.482667 0.00575 0.0206667
0 0.3075 0.4105 0.016 0.019
0 0.2945 0.389833 0.008 0.0183333
0 0.369375 0.415833 0.00775 0.0316667
0 0.306125 0.456167 0.01275 0.029
0 0.553375 0.562833 0.02025 0.0223333
0 0.538 0.521333 0.016 0.018
0 0.40175 0.393833 0.0215 0.0136667
0 0.437 0.571667 0.011 0.018
0 0.405625 0.449833 0.02425 0.023
0 0.473375 0.533 0.01675 0.0186667
0 0.285375 0.492667 0.01275 0.0353333
0 0.407375 0.415333 0.00825 0.0153333
0 0.481625 0.506333 0.00875 0.0333333
0 0.5615 0.550167 0.019 0.0163333
0 0.402875 0.534333 0.00575 0.0186667
0 0.369375 0.500667 0.00975 0.0346667
0 0.255375 0.3855 0.02775 0.023
0 0.382375 0.538 0.02825 0.028
0 0.395625 0.506833 0.01425 0.023
0 0.327 0.392667 0.0225 0.0126667
0 0.47825 0.505333 0.006 0.0346667
0 0.375 0.4235 0.0135 0.0223333
0 0.253 0.387 0.0045 0.022
0 0.529375 0.561667 0.01825 0.022
0 0.454375 0.5315 0.01725 0.0296667
0 0.355 0.570833 0.013 0.0236667
0 0.390625 0.437 0.02375 0.0186667
0 0.55025 0.554 0.017 0.0166667
0 0.303625 0.547 0.00325 0.0373333
0 0.3665 0.433167 0.023 0.0276667
0 0.4235 0.4445 0.019 0.0223333
0 0.265 0.480333 0.0095 0.0286667
0 0.39025 0.383167 0.026 0.015
0 0.20575 0.540167 0.0065 0.031
0 0.273375 0.7465 0.01475 0.021
0 0.4115 0.4495 0.0095 0.019
0 0.397875 0.528833 0.00925 0.025
0 0.3905 0.402 0.0285 0.022
0 0.193 0.483 0.029 0.0246667
0 0.393625 0.529 0.00575 0.022
0 0.327 0.581167 0.014 0.0183333
0 0.3825 0.5425 0.014 0.031
0 0.215375 0.5135 0.00375 0.0303333
0 0.527 0.5565 0.01 0.0223333
0 0.35775 0.558833 0.0085 0.0443333
0 0.486 0.559833 0.015 0.0336667
0 0.39425 0.466667 0.0265 0.0313333
0 0.24325 0.511167 0.0095 0.033
0 0.23975 0.457 0.0045 0.0186667
0 0.38625 0.405667 0.006 0.0286667
0 0.302875 0.410333 0.00925 0.0206667
0 0.407125 0.533667 0.00875 0.0253333
0 0.434375 0.460833 0.02425 0.0223333
0 0.2195 0.481 0.011 0.0273333
0 0.244375 0.439833 0.00975 0.0296667
0 0.227375 0.490833 0.01225 0.039
0 0.499 0.531167 0.02 0.0236667
0 0.269125 0.533667 0.00525 0.026
0 0.33975 0.522833 0.007 0.033
0 0.369625 0.415 0.02125 0.0193333
0 0.33525 0.404667 0.023 0.024
0 0.285875 0.424833 0.00725 0.0223333
0 0.348625 0.405333 0.00775 0.0206667
0 0.44975 0.527167 0.0065 0.0296667
0 0.445 0.571667 0.0065 0.0266667
0 0.336 0.475833 0.0145 0.0256667
0 0.253875 0.393833 0.01275 0.0243333
0 0.2845 0.8855 0.0225 0.029
0 0.39975 0.566833 0.022 0.0196667
0 0.403 0.5875 0.004 0.023
0 0.2905 0.393333 0.0225 0.01
0 0.54025 0.556333 0.01 0.028
0 0.5805 0.5505 0.0065 0.0303333
0 0.28175 0.399833 0.01 0.0276667
0 0.378625 0.437333 0.02625 0.0206667
0 0.30675 0.428 0.025 0.0306667
0 0.52425 0.532667 0.011 0.02
0 0.260375 0.583333 0.00825 0.0306667
0 0.433125 0.404167 0.02175 0.0243333
0 0.487625 0.531667 0.01825 0.0226667
0 0.503 0.555 0.0185 0.0353333
0 0.432 0.532667 0.018 0.0253333
0 0.239125 0.513667 0.01525 0.0306667
0 0.210625 0.509 0.00075 0.0246667
0 0.336625 0.4385 0.02025 0.017
0 0.433375 0.3775 0.01775 0.0136667
0 0.239125 0.493667 0.00875 0.0246667
0 0.456875 0.5675 0.01175 0.029
0 0.445375 0.577 0.01325 0.022
0 0.35025 0.450167 0.0175 0.0176667
0 0.43225 0.4155 0.019 0.023
0 0.274 0.491 0.015 0.028
0 0.47425 0.5255 0.0195 0.021
0 0.33975 0.471667 0.0275 0.0186667
0 0.506875 0.528 0.00975 0.034
0 0.247625 0.574333 0.01025 0.0346667
0 0.22825 0.443667 0.0045 0.0186667
0 0.340625 0.526833 0.01975 0.0256667
0 0.424 0.395 0.0075 0.0286667
0 0.244 0.493667 0.012 0.0266667
0 0.259625 0.5785 0.00375 0.0336667
0 0.378 0.540833 0.008 0.0323333
0 0.214375 0.5095 0.03075 0.029
0 0.40725 0.586833 0.006 0.0236667
0 0.609625 0.850333 0.02425 0.0566667
0 0.3355 0.565 0.014 0.0186667
0 0.261125 0.457667 0.00875 0.022
0 0.328875 0.465167 0.01225 0.029
0 0.498875 0.555167 0.01775 0.0236667
0 0.369875 0.466833 0.01225 0.0323333
0 0.4075 0.400667 0.0265 0.0146667
0 0.274375 0.533333 0.00775 0.0286667
0 0.605625 0.545167 0.01025 0.0336667
0 0.453375 0.527333 0.00575 0.03
0 0.511625 0.576333 0.02175 0.0433333
0 0.3115 0.491333 0.015 0.0373333
0 0.399375 0.443667 0.01575 0.0173333
0 0.470125 0.553833 0.01825 0.0296667
0 0.235625 0.565333 0.01425 0.028
0 0.412375 0.415667 0.02225 0.012
0 0.360375 0.425833 0.00625 0.029
0 0.27725 0.465833 0.027 0.0296667
0 0.419625 0.5585 0.01775 0.043
0 0.302875 0.4775 0.02325 0.0263333
0 0.327625 0.461167 0.00475 0.023
0 0.3745 0.572167 0.012 0.025
0 0.502375 0.653 0.01175 0.038
0 0.26025 0.4325 0.009 0.0196667
0 0.565 0.5435 0.0235 0.029
0 0.37725 0.448667 0.0205 0.0126667
0 0.27975 0.7925 0.0195 0.0156667
0 0.415375 0.422667 0.01125 0.024
0 0.54175 0.5205 0.024 0.0263333
0 0.243625 0.4445 0.02925 0.0256667
0 0.419875 0.526 0.02075 0.03
0 0.393625 0.422333 0.02575 0.014
0 0.576125 0.909167 0.02475 0.051
0 0.211125 0.511667 0.00275 0.0373333
0 0.327375 0.388833 0.02725 0.0316667
0 0.390875 0.505 0.01275 0.0366667
0 0.48275 0.538167 0.019 0.0243333
0 0.3975 0.415833 0.0235 0.019
0 0.219125 0.4835 0.02675 0.0276667
0 0.456875 0.5425 0.02175 0.0276667
0 0.31925 0.415833 0.026 0.021
0 0.4995 0.655667 0.026 0.05
0 0.374125 0.4425 0.02425 0.021
0 0.35325 0.477167 0.0215 0.0216667
0 0.494625 0.589333 0.02375 0.0493333
0 0.437 0.377 0.024 0.0246667
0 0.498875 0.510333 0.02225 0.018
0 0.487125 0.565833 0.02975 0.0456667
0 0.31125 0.454167 0.0225 0.037
0 0.352625 0.453833 0.02225 0.031
0 0.360375 0.476 0.02275 0.0366667
0 0.32675 0.583 0.0265 0.0266667
0 0.38575 0.448833 0.027 0.0243333
0 0.428375 0.421833 0.02475 0.025
0 0.4365 0.527333 0.022 0.0406667
0 0.344125 0.470667 0.02425 0.0366667
0 0.298625 0.686167 0.01825 0.049
0 0.214375 0.467 0.03025 0.036
0 0.5195 0.510833 0.0235 0.0203333
0 0.35775 0.5115 0.0225 0.0336667
0 0.4605 0.422667 0.027 0.0386667
0 0.225375 0.4955 0.03025 0.0443333
0 0.40825 0.382 0.025 0.0233333
0 0.302125 0.41 0.02575 0.028
0 0.3145 0.5605 0.026 0.0276667
0 0.35675 0.577667 0.028 0.0333333
0 0.361125 0.405167 0.02425 0.0263333
0 0.479125 0.506 0.02525 0.0273333
0 0.28475 0.494833 0.03 0.0256667
0 0.303 0.550333 0.0285 0.0493333
0 0.309625 0.3995 0.02625 0.0243333
0 0.425625 0.789667 0.02825 0.036
0 0.40325 0.566167 0.0255 0.0336667
0 0.322875 0.544 0.02675 0.0373333
0 0.53675 0.527167 0.021 0.031
0 0.2895 0.477667 0.027 0.038
0 0.5805 0.853333 0.023 0.046
0 0.377375 0.454 0.02525 0.0233333
0 0.285125 0.450833 0.02825 0.0303333
0 0.552625 0.561667 0.02525 0.0426667
0 0.3275 0.441833 0.0285 0.0276667
0 0.424625 0.444 0.02625 0.0373333
0 0.33275 0.426 0.0265 0.0273333
0 0.235875 0.567667 0.02925 0.0373333
0 0.552875 0.526167 0.02275 0.0276667
0 0.348625 0.5155 0.02575 0.0383333
0 0.40625 0.416333 0.0265 0.0326667
0 0.613125 0.545333 0.02375 0.0466667
0 0.340125 0.437667 0.02575 0.0306667
0 0.361125 0.427167 0.02675 0.0236667
0 0.4115 0.555 0.0255 0.0273333
0 0.369375 0.394 0.02475 0.0273333
0 0.3895 0.560167 0.0275 0.039
0 0.432125 0.5545 0.02425 0.033
0 0.386 0.4105 0.027 0.0263333
0 0.52825 0.556333 0.025 0.0366667
0 0.251 0.392833 0.0285 0.0296667
0 0.297625 0.484167 0.02775 0.0316667
0 0.27275 0.7495 0.026 0.0303333
0 0.394875 0.528 0.02475 0.0253333
0 0.407375 0.533167 0.02475 0.0376667
0 0.3195 0.478 0.026 0.0366667
0 0.301125 0.572333 0.02675 0.0253333
0 0.36075 0.561167 0.0275 0.0363333
0 0.36925 0.465167 0.026 0.0303333
0 0.432125 0.4435 0.02625 0.0276667
0 0.327875 0.512 0.02725 0.03
0 0.541125 0.555667 0.02625 0.03
0 0.29375 0.388667 0.026 0.036
0 0.4575 0.567 0.0255 0.0433333
0 0.2855 0.428333 0.029 0.028
0 0.247 0.579167 0.0275 0.0423333
0 0.297875 0.516167 0.02875 0.0296667
0 0.435875 0.428167 0.02725 0.0283333
0 0.370375 0.42 0.02825 0.0346667
0 0.26475 0.484667 0.028 0.0333333
0 0.2045 0.5455 0.0285 0.029
0 0.435625 0.571833 0.02575 0.045
0 0.367875 0.5385 0.02775 0.0336667
0 0.3685 0.5055 0.0255 0.0423333
0 0.4445 0.5775 0.0265 0.0383333
0 0.508 0.5275 0.023 0.0283333
0 0.52475 0.531667 0.025 0.0353333
0 0.23875 0.4625 0.028 0.0223333
0 0.582625 0.5555 0.02525 0.041
0 0.334625 0.567333 0.02625 0.0386667
0 0.60825 0.545667 0.0255 0.0286667
0 0.582375 0.5285 0.02625 0.0356667
0 0.244125 0.5165 0.02875 0.051
0 0.23925 0.4955 0.0295 0.0503333
0 0.3765 0.544833 0.029 0.0356667
0 0.398125 0.449667 0.02725 0.032
0 0.272125 0.532333 0.02825 0.0353333
0 0.410875 0.399 0.02775 0.0306667
0 0.335625 0.478833 0.02775 0.0356667
0 0.40975 0.45 0.027 0.042
0 0.3405 0.527833 0.028 0.0516667
0 0.50225 0.657 0.029 0.024
0 0.25925 0.5845 0.0305 0.0243333
0 0.28225 0.400833 0.025 0.0276667
0 0.310625 0.494833 0.02925 0.0403333
0 0.424375 0.394 0.02775 0.0393333
0 0.272875 0.494667 0.02925 0.0406667
0 0.453125 0.526833 0.02675 0.045
0 0.259875 0.434167 0.02725 0.0263333
0 0.226625 0.444833 0.02675 0.033
0 0.37375 0.572667 0.0295 0.0433333
0 0.406625 0.589333 0.02675 0.044
0 0.327625 0.4615 0.02775 0.0343333
0 0.26 0.461667 0.0295 0.028
0 0.41575 0.422333 0.028 0.0366667
0 0.34725 0.4055 0.027 0.039
0 0.208875 0.518167 0.03075 0.0356667
0 0.388875 0.506 0.03025 0.0306667
