0 0.442448 0.608796 0.0505208 0.0675926
0 0.985677 0.216667 0.00885417 0.0259259
0 0.235677 0.541204 0.0119792 0.0342593
0 0.271615 0.519444 0.0015625 0.0240741
0 0.16276 0.602315 0.0453125 0.119444
0 0.317448 0.599074 0.00260417 0.0148148
0 0.350521 0.553241 0.00208333 0.0138889
0 0.373698 0.534722 0.00364583 0.012037
0 0.693229 0.122685 0.0166667 0.0231481
0 0.38151 0.5875 0.00364583 0.012037
0 0.276042 0.502315 0.00625 0.0157407
0 0.349219 0.558333 0.0140625 0.0444444
0 0.288021 0.299537 0.0166667 0.0175926
0 0.243229 0.580556 0.00208333 0.0166667
0 0.355208 0.551852 0.00208333 0.0185185
0 0.818229 0.127778 0.0125 0.0203704
0 0.275521 0.604167 0.0479167 0.087963
0 0.343229 0.517593 0.003125 0.0111111
0 0.284115 0.505556 0.0130208 0.0296296
0 0.376823 0.554167 0.0078125 0.0138889
0 0.376302 0.561111 0.00572917 0.0148148
0 0.351042 0.606944 0.00416667 0.012037
0 0.385417 0.556944 0.00729167 0.0175926
0 0.160417 0.575463 0.00416667 0.0361111
0 0.985417 0.227315 0.00729167 0.025
0 0.338021 0.651852 0.00208333 0.0203704
0 0.345833 0.543519 0.0447917 0.0555556
0 0.332552 0.557407 0.0192708 0.0111111
0 0.00520833 0.520833 0.0104167 0.0194444
0 0.367969 0.538889 0.0046875 0.0111111
0 0.309115 0.577778 0.00364583 0.0166667
0 0.239844 0.574074 0.0651042 0.0611111
0 0.249219 0.636574 0.00989583 0.0546296
0 0.28776 0.306944 0.0171875 0.0194444
0 0.322135 0.562963 0.0046875 0.0148148
0 0.190365 0.602315 0.0546875 0.112037
0 0.333854 0.583333 0.003125 0.0166667
0 0.279687 0.505093 0.003125 0.0212963
0 0.377865 0.578704 0.0046875 0.0222222
0 0.36276 0.5625 0.00364583 0.0138889
0 0.559635 0.112037 0.0234375 0.00740741
0 0.373437 0.559722 0.0104167 0.0175926
0 0.251823 0.587037 0.0109375 0.037037
0 0.339583 0.549537 0.0104167 0.025
0 0.288021 0.517593 0.003125 0.0148148
0 0.326302 0.603704 0.0140625 0.0185185
0 0.288281 0.511574 0.00260417 0.0175926
0 0.238281 0.637037 0.0130208 0.0555556
0 0.380208 0.560648 0.00416667 0.00833333
0 0.355469 0.519907 0.00260417 0.0157407
0 0.418229 0.576852 0.0625 0.0444444
0 0.602344 0.107407 0.0130208 0.0425926
0 0.420573 0.54537 0.0588542 0.0407407
0 0.329427 0.547685 0.0046875 0.0138889
0 0.35625 0.646759 0.0114583 0.0361111
0 0.821615 0.0180556 0.0234375 0.0157407
0 0.420052 0.57963 0.00885417 0.0111111
0 0.310156 0.594907 0.0598958 0.0675926
0 0.176302 0.596759 0.0119792 0.0305556
0 0.538542 0.100926 0.00416667 0.0388889
0 0.63151 0.108796 0.0182292 0.0342593
0 0.527344 0.0865741 0.00989583 0.0416667
0 0.267708 0.602315 0.015625 0.0527778
0 0.19974 0.561574 0.0171875 0.0361111
0 0.330208 0.542593 0.00416667 0.0166667
0 0.31875 0.568981 0.00625 0.012037
0 0.215885 0.581481 0.0223958 0.0333333
0 0.294531 0.523611 0.0442708 0.0212963
0 0.28125 0.55787 0.0114583 0.0194444
0 0.439844 0.596296 0.0119792 0.0111111
0 0.558854 0.106019 0.0229167 0.0101852
0 0.989844 0.217593 0.0078125 0.0407407
0 0.431771 0.595833 0.0145833 0.0324074
0 0.164583 0.553241 0.0416667 0.075
0 0.392448 0.576852 0.00364583 0.0148148
0 0.438021 0.6 0.025 0.0333333
0 0.367448 0.53287 0.00572917 0.0157407
0 0.375521 0.5375 0.0239583 0.012037
0 0.379948 0.555093 0.00677083 0.0138889
0 0.363021 0.520833 0.01875 0.0194444
0 0.31901 0.564815 0.0244792 0.0148148
0 0.321354 0.5125 0.0489583 0.0509259
0 0.369792 0.658333 0.0229167 0.0240741
0 0.222656 0.525463 0.0369792 0.0842593
0 0.321875 0.570833 0.00520833 0.0194444
0 0.195573 0.552778 0.0369792 0.0777778
0 0.360938 0.5875 0.00729167 0.0435185
0 0.259896 0.595833 0.0166667 0.0416667
0 0.261198 0.576389 0.0223958 0.037963
0 0.330729 0.653241 0.01875 0.0546296
0 0.2 0.570833 0.0708333 0.0509259
0 0.707292 0.650463 0.0354167 0.0305556
0 0.534635 0.102315 0.00677083 0.0287037
0 0.985156 0.226852 0.0182292 0.0351852
0 0.376042 0.591204 0.00520833 0.00833333
0 0.255469 0.525926 0.0473958 0.0851852
0 0.253906 0.625926 0.0546875 0.0481481
0 0.439844 0.585648 0.0255208 0.0287037
0 0.260677 0.577315 0.00989583 0.062037
0 0.229427 0.622685 0.0588542 0.0842593
0 0.314323 0.499537 0.0078125 0.0157407
0 0.3125 0.495833 0.0458333 0.062037
0 0.23151 0.639352 0.0161458 0.037963
0 0.453646 0.598148 0.00833333 0.012963
0 0.332292 0.662963 0.0145833 0.0166667
0 0.186198 0.588426 0.0213542 0.0490741
0 0.442969 0.581481 0.0526042 0.0777778
0 0.328385 0.652778 0.0536458 0.0555556
0 0.707552 0.643056 0.00989583 0.025
0 0.300781 0.604167 0.0078125 0.0342593
0 0.364583 0.543981 0.0166667 0.0194444
0 0.388281 0.558333 0.0161458 0.00740741
0 0.346354 0.656482 0.0177083 0.00740741
0 0.38151 0.601852 0.0182292 0.0240741
0 0.32474 0.535185 0.0286458 0.0314815
0 0.37526 0.584259 0.00677083 0.0148148
0 0.451823 0.587963 0.0078125 0.0314815
0 0.365885 0.556481 0.0151042 0.0314815
0 0.323438 0.522685 0.00625 0.0416667
0 0.370833 0.566667 0.00729167 0.00925926
0 0.383073 0.589815 0.0151042 0.0111111
0 0.176302 0.608796 0.0192708 0.0527778
0 0.323958 0.565741 0.0104167 0.00925926
0 0.294531 0.596296 0.0046875 0.05
0 0.295052 0.516667 0.0140625 0.0148148
0 0.746094 0.122685 0.0151042 0.0472222
0 0.311458 0.506481 0.009375 0.037037
0 0.336198 0.652315 0.0171875 0.012037
0 0.347396 0.611111 0.0229167 0.0388889
0 0.177865 0.59537 0.0536458 0.0740741
0 0.371354 0.651852 0.0364583 0.1
0 0.288281 0.773148 0.00989583 0.012963
0 0.25651 0.579167 0.00572917 0.0472222
0 0.233333 0.561574 0.003125 0.0527778
0 0.258333 0.581019 0.0489583 0.0842593
0 0.185677 0.603704 0.00989583 0.0185185
0 0.320052 0.593056 0.00364583 0.0416667
0 0.382812 0.547685 0.021875 0.0231481
0 0.713281 0.107407 0.0119792 0.0185185
0 0.373698 0.589352 0.0109375 0.025
0 0.413281 0.544907 0.0192708 0.0101852
0 0.373437 0.658796 0.0125 0.0435185
0 0.26875 0.586574 0.00520833 0.0509259
0 0.323438 0.655556 0.0208333 0.0203704
0 0.230729 0.631481 0.00520833 0.0444444
0 0.173698 0.587037 0.0140625 0.0203704
0 0.396354 0.585648 0.0208333 0.025
0 0.280729 0.608796 0.0197917 0.0361111
0 0.702604 0.636111 0.0760417 0.0666667
0 0.22474 0.533333 0.0046875 0.0351852
0 0.331771 0.587963 0.00520833 0.0351852
0 0.178906 0.576852 0.00989583 0.05
0 0.353646 0.522222 0.0114583 0.0222222
0 0.225521 0.55 0.01875 0.0240741
0 0.334896 0.563426 0.0166667 0.0342593
0 0.44401 0.593518 0.0078125 0.037037
0 0.697656 0.642593 0.0109375 0.0462963
0 0.314323 0.497685 0.0130208 0.0509259
0 0.392448 0.574537 0.0171875 0.0324074
0 0.328125 0.656018 0.0197917 0.0138889
0 0.290365 0.593982 0.0494792 0.0731481
0 0.328646 0.52037 0.00729167 0.0259259
0 0.170573 0.573611 0.00572917 0.0342593
0 0.332031 0.535185 0.0161458 0.0166667
0 0.161198 0.568981 0.0661458 0.0564815
0 0.340365 0.55787 0.0192708 0.0231481
0 0.373437 0.653704 0.01875 0.012963
0 0.307292 0.581481 0.025 0.0240741
0 0.260677 0.589815 0.0151042 0.0203704
0 0.257292 0.638889 0.0197917 0.0296296
0 0.320573 0.571759 0.0161458 0.0194444
0 0.232031 0.564352 0.0171875 0.0416667
0 0.351823 0.533333 0.0192708 0.0407407
0 0.341927 0.588889 0.00885417 0.0203704
0 0.328385 0.543056 0.00885417 0.0287037
0 0.277344 0.504167 0.0140625 0.0268519
0 0.349219 0.524074 0.0078125 0.0240741
0 0.373437 0.646759 0.0166667 0.0361111
0 0.307031 0.574074 0.00989583 0.0259259
0 0.416146 0.551389 0.01875 0.0231481
0 0.273698 0.515741 0.00885417 0.0222222
0 0.436198 0.588889 0.0046875 0.0333333
0 0.18151 0.603241 0.0140625 0.0305556
0 0.348437 0.511111 0.028125 0.0333333
0 0.236979 0.636574 0.0197917 0.0212963
0 0.222396 0.571759 0.0104167 0.0305556
0 0.376563 0.566204 0.0197917 0.0212963
0 0.36901 0.65 0.0140625 0.0203704
0 0.358073 0.612037 0.0234375 0.0259259
0 0.395052 0.573148 0.0046875 0.0277778
0 0.366406 0.571759 0.0161458 0.0212963
0 0.296354 0.611111 0.0229167 0.0333333
0 0.358073 0.52963 0.0182292 0.0222222
0 0.240885 0.57963 0.00677083 0.0259259
0 0.319531 0.50787 0.00677083 0.0212963
0 0.370573 0.535185 0.0213542 0.0240741
0 0.369531 0.529167 0.0130208 0.0472222
0 0.236719 0.630093 0.00989583 0.0287037
0 0.25625 0.631019 0.0114583 0.0416667
0 0.436198 0.594907 0.0130208 0.0212963
0 0.324479 0.661574 0.0145833 0.025
0 0.409375 0.579167 0.009375 0.025
0 0.317448 0.511111 0.0140625 0.0388889
0 0.241406 0.584722 0.0161458 0.0194444
0 0.379167 0.593518 0.0208333 0.0259259
0 0.182552 0.611111 0.0223958 0.0259259
0 0.177604 0.576852 0.021875 0.0462963
0 0.321354 0.610185 0.01875 0.0240741
0 0.285937 0.557407 0.009375 0.0296296
0 0.390885 0.580556 0.0046875 0.0166667
0 0.358333 0.558796 0.0135417 0.0231481
0 0.414062 0.548611 0.0239583 0.0490741
0 0.294531 0.603241 0.00989583 0.0398148
0 0.234375 0.580093 0.021875 0.0305556
0 0.291146 0.603241 0.00833333 0.0435185
0 0.352604 0.603241 0.009375 0.0416667
0 0.286458 0.563889 0.0177083 0.0240741
0 0.341667 0.654167 0.0197917 0.0212963
0 0.165104 0.576389 0.00729167 0.0324074
0 0.356771 0.594907 0.0104167 0.0361111
0 0.315625 0.603704 0.00520833 0.0296296
0 0.244792 0.57963 0.0104167 0.0259259
0 0.414062 0.57963 0.0145833 0.012963
0 0.702604 0.643519 0.0135417 0.037037
0 0.253646 0.638426 0.00729167 0.0287037
0 0.252083 0.632407 0.00416667 0.0259259
0 0.290104 0.513426 0.01875 0.0342593
0 0.26901 0.597222 0.00885417 0.0351852
0 0.33776 0.59537 0.0182292 0.0240741
0 0.253125 0.534722 0.00833333 0.0324074
0 0.265625 0.594907 0.009375 0.0305556
0 0.416146 0.584722 0.01875 0.0268519
0 0.220573 0.577315 0.0192708 0.0212963
0 0.448438 0.590278 0.00416667 0.0361111
0 0.311198 0.573611 0.0130208 0.0398148
0 0.257552 0.534259 0.0130208 0.0296296
0 0.324479 0.528241 0.0125 0.0268519
0 0.219531 0.543056 0.0078125 0.0268519
0 0.357552 0.549537 0.00677083 0.0287037
0 0.378385 0.5875 0.0151042 0.0175926
0 0.228906 0.573611 0.00572917 0.0342593
0 0.365625 0.564352 0.009375 0.0305556
0 0.383073 0.557407 0.0182292 0.0277778
0 0.20026 0.581019 0.0276042 0.037963
0 0.357812 0.519907 0.0114583 0.037963
0 0.448438 0.59537 0.009375 0.0277778
0 0.339323 0.555556 0.0234375 0.0462963
0 0.353385 0.551389 0.00260417 0.0231481
0 0.257292 0.586574 0.0114583 0.0324074
0 0.332292 0.542593 0.0125 0.0351852
0 0.315104 0.507407 0.0104167 0.0185185
0 0.395052 0.578241 0.0109375 0.0212963
0 0.166146 0.581481 0.01875 0.0351852
0 0.26901 0.514815 0.0078125 0.0333333
0 0.22474 0.543056 0.0119792 0.0305556
0 0.195052 0.574074 0.0109375 0.0296296
0 0.339063 0.651389 0.0229167 0.0398148
0 0.336719 0.586111 0.00989583 0.0351852
0 0.345052 0.522685 0.0078125 0.0324074
0 0.233333 0.572685 0.00625 0.0398148
0 0.31875 0.572222 0.0229167 0.0444444
0 0.323958 0.660185 0.025 0.0518519
0 0.320312 0.600926 0.0104167 0.0314815
0 0.173698 0.586574 0.0234375 0.0768519
0 0.354167 0.555556 0.0104167 0.0277778
0 0.286198 0.59537 0.0265625 0.0481481
0 0.251823 0.631944 0.0223958 0.0675926
0 0.415365 0.581019 0.0234375 0.062037
0 0.18125 0.599537 0.0208333 0.0768519
0 0.28151 0.506019 0.0203125 0.0435185
0 0.36875 0.653241 0.0208333 0.0583333
0 0.235417 0.62963 0.0239583 0.0611111
0 0.164323 0.580556 0.0255208 0.0685185
0 0.36875 0.536111 0.0229167 0.0611111
0 0.24375 0.580556 0.028125 0.0425926
0 0.21849 0.57963 0.0276042 0.062963
0 0.25625 0.536111 0.025 0.0518519
0 0.356771 0.518981 0.0260417 0.062037
0 0.285677 0.564815 0.0244792 0.0592593
0 0.265104 0.59537 0.028125 0.062963
0 0.29349 0.603241 0.0244792 0.0601852
0 0.38151 0.557407 0.0255208 0.0537037
0 0.434375 0.595833 0.0260417 0.0583333
0 0.702344 0.641667 0.0265625 0.0574074
0 0.359635 0.594444 0.0276042 0.0592593
0 0.25599 0.588889 0.0255208 0.0703704
0 0.289844 0.514352 0.0234375 0.0601852
0 0.314323 0.507407 0.0244792 0.0666667
0 0.310937 0.573611 0.0260417 0.0546296
0 0.222917 0.543519 0.0260417 0.0611111
0 0.377344 0.587963 0.0255208 0.062963
0 0.322135 0.528241 0.0286458 0.0675926
0 0.269792 0.513889 0.0260417 0.0425926
0 0.352344 0.610185 0.0276042 0.0611111
0 0.19401 0.574074 0.0276042 0.0703704
0 0.363802 0.566204 0.0265625 0.0583333
0 0.447135 0.590278 0.0276042 0.0638889
0 0.231771 0.573611 0.0260417 0.0675926
0 0.39375 0.581481 0.0260417 0.05
0 0.33151 0.543981 0.0265625 0.0416667
0 0.351562 0.556944 0.028125 0.0694444
0 0.335417 0.588426 0.0270833 0.0601852
0 0.31875 0.602315 0.028125 0.0564815
0 0.34349 0.521296 0.0276042 0.0685185
