0 0.701042 0.764352 0.0135417 0.0157407
0 0.767448 0.720833 0.00677083 0.012037
0 0.810156 0.750463 0.0078125 0.0138889
0 0.734635 0.72037 0.00572917 0.00555556
0 0.875 0.764815 0.01875 0.0111111
0 0.721875 0.706481 0.00625 0.0111111
0 0.151302 0.81713 0.00572917 0.0101852
0 0.639844 0.765278 0.00364583 0.0101852
0 0.834635 0.736574 0.00885417 0.012037
0 0.739062 0.795833 0.01875 0.0101852
0 0.771615 0.713889 0.0046875 0.0148148
0 0.788021 0.69537 0.009375 0.0111111
0 0.800521 0.720833 0.00729167 0.00648148
0 0.682813 0.76713 0.0197917 0.0324074
0 0.657552 0.720833 0.0317708 0.0361111
0 0.846875 0.786574 0.00833333 0.00648148
0 0.764844 0.734259 0.00885417 0.00740741
0 0.676302 0.727778 0.0046875 0.00555556
0 0.575521 0.805556 0.0177083 0.0277778
0 0.700521 0.713426 0.00416667 0.0101852
0 0.75599 0.79213 0.00885417 0.012037
0 0.854948 0.772222 0.00677083 0.00740741
0 0.738802 0.773148 0.00885417 0.00925926
0 0.809115 0.721296 0.00885417 0.00555556
0 0.833854 0.722222 0.00729167 0.0037037
0 0.755729 0.705556 0.0135417 0.0203704
0 0.703385 0.75787 0.0286458 0.0305556
0 0.64401 0.718518 0.0171875 0.0185185
0 0.664062 0.765741 0.00416667 0.0111111
0 0.651823 0.759259 0.0046875 0.0111111
0 0.846615 0.750926 0.0078125 0.012963
0 0.495313 0.768519 0.015625 0.0296296
0 0.660156 0.735185 0.0078125 0.00555556
0 0.830208 0.755093 0.00520833 0.00833333
0 0.116406 0.819444 0.00989583 0.012963
0 0.692969 0.7125 0.0078125 0.0101852
0 0.571094 0.756019 0.0161458 0.0268519
0 0.846875 0.772222 0.00625 0.00925926
0 0.747656 0.793519 0.0078125 0.00925926
0 0.12526 0.814352 0.0130208 0.0268519
0 0.69401 0.719907 0.00677083 0.00648148
0 0.734896 0.781944 0.00833333 0.00833333
0 0.84974 0.734722 0.0078125 0.00833333
0 0.796354 0.772685 0.00520833 0.00833333
0 0.797917 0.748611 0.00625 0.0101852
0 0.841927 0.750463 0.00677083 0.00833333
0 0.680469 0.736574 0.00677083 0.00833333
0 0.183854 0.801389 0.0166667 0.0212963
0 0.257812 0.775463 0.00729167 0.0157407
0 0.811198 0.742593 0.00989583 0.0111111
0 0.852083 0.718518 0.0125 0.0314815
0 0.71875 0.762963 0.00833333 0.0111111
0 0.763802 0.749074 0.00677083 0.00740741
0 0.947656 0.815741 0.0213542 0.0111111
0 0.763542 0.794444 0.0114583 0.0259259
0 0.170052 0.820833 0.00572917 0.0101852
0 0.192448 0.800463 0.0171875 0.0305556
0 0.672135 0.75787 0.0046875 0.012037
0 0.717969 0.727315 0.00677083 0.00833333
0 0.701563 0.706019 0.015625 0.0175926
0 0.654948 0.735648 0.00677083 0.00833333
0 0.746615 0.719907 0.0078125 0.00648148
0 0.682813 0.784259 0.0125 0.012963
0 0.791146 0.7 0.00625 0.0203704
0 0.67526 0.715741 0.0046875 0.012963
0 0.648177 0.772222 0.00572917 0.00740741
0 0.263281 0.79213 0.0140625 0.0157407
0 0.226562 0.8 0.00625 0.0277778
0 0.734635 0.788426 0.00677083 0.00833333
0 0.814583 0.743056 0.009375 0.0138889
0 0.034375 0.819444 0.0104167 0.012963
0 0.667708 0.721759 0.00833333 0.00833333
0 0.741406 0.741667 0.0359375 0.0296296
0 0.697396 0.785648 0.00729167 0.00648148
0 0.822135 0.742593 0.00572917 0.012963
0 0.700521 0.774074 0.00625 0.00555556
0 0.676042 0.736111 0.00625 0.00555556
0 0.671094 0.728241 0.00364583 0.00462963
0 0.626302 0.758796 0.0046875 0.0138889
0 0.216667 0.796296 0.0197917 0.0222222
0 0.749219 0.771296 0.0369792 0.0296296
0 0.894792 0.772685 0.0208333 0.0157407
0 0.643229 0.763889 0.0166667 0.0185185
0 0.791927 0.722222 0.0078125 0.00925926
0 0.688802 0.752315 0.00364583 0.012037
0 0.763542 0.714352 0.00833333 0.0101852
0 0.810156 0.757407 0.0078125 0.0148148
0 0.821354 0.715278 0.00833333 0.0101852
0 0.809375 0.714352 0.00833333 0.00648148
0 0.501562 0.757407 0.00625 0.0166667
0 0.754687 0.777778 0.00520833 0.00740741
0 0.875521 0.786574 0.00729167 0.00648148
0 0.807031 0.7125 0.0182292 0.0435185
0 0.804948 0.748611 0.0161458 0.0194444
0 0.663542 0.772685 0.00625 0.012037
0 0.671094 0.715278 0.0046875 0.0101852
0 0.759635 0.754167 0.00572917 0.0101852
0 0.367969 0.823611 0.00677083 0.012037
0 0.363802 0.768981 0.0119792 0.0194444
0 0.734635 0.793519 0.0276042 0.0592593
0 0.710417 0.7625 0.00833333 0.0101852
0 0.453906 0.7625 0.0151042 0.0175926
0 0.367708 0.822222 0.0104167 0.0296296
0 0.842708 0.772685 0.00729167 0.00833333
0 0.772135 0.755093 0.00677083 0.0138889
0 0.654167 0.735185 0.0291667 0.0444444
0 0.734375 0.714352 0.00625 0.00648148
0 0.159115 0.80787 0.0161458 0.012037
0 0.741927 0.7125 0.0046875 0.00833333
0 0.0992187 0.80463 0.0151042 0.0166667
0 0.510938 0.768981 0.0229167 0.0138889
0 0.659896 0.764815 0.00625 0.0148148
0 0.642969 0.773148 0.00572917 0.012963
0 0.733333 0.734722 0.0197917 0.0101852
0 0.730729 0.770833 0.00625 0.00648148
0 0.739062 0.784259 0.0104167 0.00925926
0 0.73776 0.735185 0.0171875 0.0166667
0 0.663802 0.720833 0.0078125 0.00648148
0 0.726042 0.743981 0.00625 0.00648148
0 0.689844 0.719907 0.00364583 0.012037
0 0.14974 0.803241 0.0171875 0.0305556
0 0.670833 0.789352 0.028125 0.0268519
0 0.67474 0.790278 0.0213542 0.012037
0 0.759896 0.714815 0.00833333 0.0111111
0 0.86276 0.793981 0.00364583 0.0101852
0 0.648438 0.765278 0.0375 0.0490741
0 0.722396 0.750463 0.00625 0.00833333
0 0.820312 0.750926 0.0270833 0.0296296
0 0.851562 0.762037 0.0166667 0.0222222
0 0.74349 0.793981 0.00989583 0.0101852
0 0.834375 0.765278 0.00520833 0.00833333
0 0.763802 0.720833 0.00572917 0.0101852
0 0.745052 0.706019 0.00677083 0.0175926
0 0.702083 0.71713 0.00833333 0.00833333
0 0.722396 0.728241 0.00625 0.00833333
0 0.726042 0.713426 0.00833333 0.00648148
0 0.785937 0.756019 0.00729167 0.0101852
0 0.751042 0.719444 0.0104167 0.0240741
0 0.802083 0.8125 0.0114583 0.012037
0 0.811458 0.751852 0.0322917 0.037037
0 0.788542 0.749537 0.00625 0.0175926
0 0.75625 0.736111 0.00729167 0.00925926
0 0.329688 0.771296 0.0135417 0.0259259
0 0.65599 0.77963 0.0046875 0.00925926
0 0.75026 0.770833 0.0151042 0.0157407
0 0.81901 0.733333 0.00572917 0.00925926
0 0.771875 0.720833 0.00520833 0.0138889
0 0.796094 0.721759 0.00677083 0.00833333
0 0.726042 0.794444 0.00625 0.0166667
0 0.683594 0.763889 0.0151042 0.00925926
0 0.540365 0.74537 0.0130208 0.0296296
0 0.11276 0.819907 0.0109375 0.0268519
0 0.855729 0.778241 0.00729167 0.00462963
0 0.692187 0.780556 0.00729167 0.0111111
0 0.657812 0.789815 0.0166667 0.0333333
0 0.0953125 0.812963 0.0104167 0.0203704
0 0.73099 0.750463 0.00572917 0.00462963
0 0.734896 0.706019 0.0177083 0.0194444
0 0.763802 0.77037 0.0078125 0.0037037
0 0.680208 0.77963 0.00833333 0.012963
0 0.696354 0.780556 0.00729167 0.0111111
0 0.755469 0.72037 0.0161458 0.0148148
0 0.738802 0.720833 0.00677083 0.00833333
0 0.780469 0.778241 0.00572917 0.00833333
0 0.717708 0.75787 0.00729167 0.00833333
0 0.759115 0.77037 0.00677083 0.00740741
0 0.790365 0.712037 0.0203125 0.0407407
0 0.755469 0.770833 0.0078125 0.00648148
0 0.132552 0.818981 0.0307292 0.0231481
0 0.864323 0.780093 0.0161458 0.0138889
0 0.834375 0.751389 0.009375 0.00462963
0 0.72474 0.735648 0.0161458 0.012037
0 0.93099 0.764352 0.0109375 0.0175926
0 0.488542 0.763889 0.00833333 0.012963
0 0.734896 0.727315 0.009375 0.0101852
0 0.713281 0.711111 0.0046875 0.0111111
0 0.789583 0.771296 0.0166667 0.0203704
0 0.767969 0.728704 0.0078125 0.00740741
0 0.704427 0.7125 0.00677083 0.00833333
0 0.792448 0.714815 0.00989583 0.00925926
0 0.704948 0.728241 0.0276042 0.0324074
0 0.259635 0.769907 0.0151042 0.0231481
0 0.671094 0.735648 0.00677083 0.00648148
0 0.738281 0.743519 0.00885417 0.00555556
0 0.663281 0.737037 0.0078125 0.0111111
0 0.690104 0.784722 0.0104167 0.0101852
0 0.866146 0.7875 0.00729167 0.00833333
0 0.677083 0.773148 0.009375 0.0148148
0 0.684375 0.778241 0.00833333 0.00833333
0 0.822135 0.721759 0.00677083 0.00462963
0 0.767448 0.749074 0.0078125 0.00555556
0 0.833594 0.728704 0.0078125 0.00925926
0 0.622656 0.759259 0.0203125 0.012963
0 0.760156 0.79213 0.00885417 0.00648148
0 0.726042 0.751389 0.00625 0.012037
0 0.746354 0.728241 0.00833333 0.00462963
0 0.766406 0.743056 0.0317708 0.0416667
0 0.767448 0.735648 0.0078125 0.0101852
0 0.676302 0.764815 0.00572917 0.012963
0 0.801042 0.714352 0.009375 0.00648148
0 0.751823 0.764815 0.0078125 0.012963
0 0.900521 0.764352 0.0114583 0.0527778
0 0.633073 0.759722 0.0182292 0.0305556
0 0.746615 0.771759 0.0161458 0.0101852
0 0.638802 0.758333 0.0046875 0.012963
0 0.794792 0.74213 0.0333333 0.0361111
0 0.858854 0.773148 0.00625 0.00740741
0 0.841927 0.728241 0.00885417 0.012037
0 0.783073 0.743056 0.0338542 0.0268519
0 0.885156 0.748148 0.0223958 0.0259259
0 0.642708 0.75787 0.0208333 0.0194444
0 0.829687 0.721296 0.00729167 0.00925926
0 0.821615 0.746296 0.0119792 0.0444444
0 0.771875 0.75 0.009375 0.00925926
0 0.739583 0.765278 0.0104167 0.0138889
0 0.684115 0.751389 0.0046875 0.012037
0 0.7625 0.756944 0.0375 0.0453704
0 0.879427 0.787963 0.00677083 0.0111111
0 0.747135 0.735185 0.0078125 0.00555556
0 0.73099 0.7625 0.0078125 0.012037
0 0.603646 0.725463 0.015625 0.0175926
0 0.696875 0.728241 0.00729167 0.00833333
0 0.659635 0.780093 0.00572917 0.0157407
0 0.4625 0.762037 0.01875 0.0259259
0 0.763281 0.764352 0.0078125 0.0101852
0 0.784896 0.741667 0.0125 0.0185185
0 0.726302 0.786111 0.0078125 0.00925926
0 0.684635 0.727778 0.0046875 0.00740741
0 0.755469 0.72963 0.00885417 0.00925926
0 0.740365 0.780556 0.0484375 0.0481481
0 0.755729 0.763426 0.00833333 0.0101852
0 0.651302 0.765278 0.00572917 0.0138889
0 0.827865 0.721296 0.0286458 0.0407407
0 0.284635 0.785185 0.0161458 0.0314815
0 0.804688 0.714815 0.00625 0.00925926
0 0.742448 0.728241 0.0078125 0.012037
0 0.682031 0.712963 0.0213542 0.0574074
0 0.691667 0.748148 0.0197917 0.0166667
0 0.65026 0.77963 0.0046875 0.012963
0 0.701823 0.728241 0.00989583 0.0194444
0 0.696615 0.712963 0.0078125 0.0111111
0 0.786458 0.727778 0.0354167 0.0351852
0 0.747396 0.765741 0.009375 0.012963
0 0.1375 0.791204 0.0125 0.0231481
0 0.784896 0.751389 0.0125 0.0175926
0 0.701563 0.786111 0.00833333 0.012963
0 0.846354 0.758333 0.00833333 0.00740741
0 0.730469 0.778241 0.0046875 0.00833333
0 0.717708 0.714352 0.009375 0.00462963
0 0.804688 0.721759 0.00833333 0.00648148
0 0.713542 0.755556 0.00833333 0.0148148
0 0.664323 0.758333 0.00572917 0.0148148
0 0.810417 0.768519 0.0135417 0.0222222
0 0.678646 0.773148 0.0375 0.0444444
0 0.70026 0.781018 0.0078125 0.00833333
0 0.800781 0.727778 0.00989583 0.00555556
0 0.880729 0.743056 0.0197917 0.0101852
0 0.700521 0.750463 0.0166667 0.0268519
0 0.784635 0.728241 0.0078125 0.012037
0 0.821354 0.727778 0.00833333 0.0111111
0 0.659896 0.772222 0.00625 0.00925926
0 0.815885 0.721296 0.0421875 0.0592593
0 0.801042 0.809259 0.0229167 0.0111111
0 0.860417 0.785185 0.015625 0.00925926
0 0.647396 0.7125 0.0197917 0.0231481
0 0.743229 0.772685 0.00833333 0.00833333
0 0.730208 0.712963 0.009375 0.00740741
0 0.765625 0.711574 0.0229167 0.0453704
0 0.759375 0.763889 0.00729167 0.00925926
0 0.704687 0.720833 0.00729167 0.0101852
0 0.652083 0.728241 0.0166667 0.0157407
0 0.880208 0.778704 0.0177083 0.0166667
0 0.949479 0.812963 0.0104167 0.0166667
0 0.254687 0.768519 0.0114583 0.0240741
0 0.838281 0.75787 0.00677083 0.0101852
0 0.748438 0.706481 0.0104167 0.0259259
0 0.784115 0.735185 0.0078125 0.0166667
0 0.746615 0.718982 0.0432292 0.0601852
0 0.726823 0.759722 0.00885417 0.0101852
0 0.751302 0.75787 0.00885417 0.0157407
0 0.622656 0.764815 0.0213542 0.0148148
0 0.805729 0.757407 0.0177083 0.0148148
0 0.655469 0.764815 0.00677083 0.012963
0 0.646354 0.778704 0.00625 0.00925926
0 0.37526 0.789815 0.0046875 0.0148148
0 0.842188 0.735648 0.00520833 0.0101852
0 0.788021 0.728241 0.00729167 0.0138889
0 0.8125 0.721296 0.00729167 0.00740741
0 0.617188 0.718056 0.0177083 0.0324074
0 0.861719 0.764815 0.0276042 0.0296296
0 0.738542 0.728704 0.009375 0.0111111
0 0.817187 0.726852 0.00833333 0.00925926
0 0.826302 0.727778 0.00989583 0.012963
0 0.670573 0.757407 0.0265625 0.0537037
0 0.665365 0.714815 0.0109375 0.0314815
0 0.792448 0.728241 0.0078125 0.0101852
0 0.74349 0.777778 0.00677083 0.0111111
0 0.684635 0.713426 0.0078125 0.00833333
0 0.676562 0.780093 0.00833333 0.012037
0 0.108594 0.82037 0.0223958 0.0203704
0 0.680469 0.722222 0.0078125 0.00555556
0 0.696094 0.788889 0.0380208 0.0481481
0 0.917708 0.77037 0.01875 0.0203704
0 0.657031 0.769907 0.0109375 0.012037
0 0.37474 0.781482 0.0109375 0.0277778
0 0.796094 0.729167 0.0078125 0.00833333
0 0.809375 0.728704 0.00833333 0.00555556
0 0.780729 0.727778 0.00833333 0.0166667
0 0.240885 0.812037 0.0119792 0.0166667
0 0.639583 0.772685 0.00520833 0.012037
0 0.776042 0.728241 0.00729167 0.0194444
0 0.796094 0.713889 0.00989583 0.00925926
0 0.221875 0.807407 0.0125 0.0277778
0 0.729688 0.786574 0.00416667 0.0101852
0 0.830208 0.727315 0.009375 0.0101852
0 0.688281 0.728241 0.00677083 0.00833333
0 0.684375 0.720833 0.00833333 0.00833333
0 0.65625 0.770833 0.00520833 0.00833333
0 0.883333 0.739352 0.0302083 0.0324074
0 0.734115 0.742593 0.00989583 0.0037037
0 0.145833 0.826852 0.0208333 0.0203704
0 0.763021 0.777315 0.00729167 0.00462963
0 0.175781 0.797685 0.0192708 0.0305556
0 0.680208 0.728704 0.00625 0.00740741
0 0.908854 0.780093 0.01875 0.025
0 0.776042 0.741667 0.00833333 0.0166667
0 0.85651 0.765741 0.0140625 0.0185185
0 0.1375 0.819444 0.0166667 0.0148148
0 0.81276 0.714815 0.00677083 0.00925926
0 0.675781 0.785185 0.0140625 0.037037
0 0.717708 0.749537 0.0145833 0.0101852
0 0.651042 0.772685 0.00520833 0.012037
0 0.871615 0.794444 0.0182292 0.0259259
0 0.788021 0.756944 0.00625 0.0138889
0 0.833854 0.759259 0.00729167 0.0111111
0 0.710156 0.713889 0.0182292 0.00925926
0 0.875521 0.750926 0.0208333 0.0166667
0 0.758854 0.776389 0.00625 0.00648148
0 0.836198 0.75 0.0161458 0.0148148
0 0.757292 0.751389 0.0302083 0.0212963
0 0.664062 0.780556 0.00625 0.012963
0 0.874479 0.741204 0.0229167 0.0268519
0 0.667969 0.779167 0.00677083 0.0157407
0 0.965885 0.812037 0.0130208 0.0222222
0 0.708594 0.720833 0.0078125 0.0138889
0 0.842448 0.75787 0.0078125 0.00462963
0 0.738281 0.750463 0.0078125 0.00833333
0 0.78151 0.713426 0.0119792 0.0287037
0 0.745833 0.713889 0.00520833 0.012963
0 0.692187 0.729167 0.00729167 0.00833333
0 0.965885 0.805093 0.0130208 0.00833333
0 0.71849 0.727315 0.0171875 0.0268519
0 0.81849 0.743056 0.00885417 0.0157407
0 0.796875 0.75787 0.00833333 0.0101852
0 0.470833 0.80463 0.0135417 0.0111111
0 0.673958 0.730093 0.0416667 0.0583333
0 0.864062 0.755093 0.0177083 0.0287037
0 0.196094 0.791667 0.0130208 0.0277778
0 0.536979 0.747222 0.0166667 0.0111111
0 0.780208 0.735648 0.00729167 0.0212963
0 0.817708 0.720833 0.00729167 0.00833333
0 0.616927 0.755556 0.0203125 0.0166667
0 0.767187 0.778704 0.0104167 0.00925926
0 0.810417 0.719444 0.0208333 0.0203704
0 0.767448 0.74213 0.00885417 0.00833333
0 0.673958 0.713426 0.025 0.0472222
0 0.746875 0.740741 0.0104167 0.00555556
0 0.747135 0.779167 0.0078125 0.00833333
0 0.671615 0.721296 0.00677083 0.00555556
0 0.804688 0.735185 0.00625 0.00925926
0 0.688281 0.778241 0.00885417 0.00833333
0 0.741927 0.769907 0.0151042 0.0138889
0 0.711458 0.773611 0.0270833 0.0287037
0 0.847656 0.726852 0.0192708 0.0222222
0 0.721354 0.721759 0.00520833 0.0101852
0 0.755469 0.75 0.0078125 0.00925926
0 0.640104 0.779167 0.00729167 0.0138889
0 0.726302 0.766204 0.0078125 0.0101852
0 0.611198 0.775 0.00572917 0.0259259
0 0.625521 0.718982 0.015625 0.0324074
0 0.789844 0.711111 0.0119792 0.0240741
0 0.855469 0.74213 0.0182292 0.0287037
0 0.654948 0.75787 0.0192708 0.0194444
0 0.792708 0.735185 0.00833333 0.012963
0 0.671354 0.771296 0.0135417 0.00925926
0 0.734115 0.771759 0.0078125 0.0101852
0 0.846354 0.766204 0.009375 0.0101852
0 0.716667 0.722222 0.00729167 0.00925926
0 0.84974 0.75 0.0328125 0.0351852
0 0.863021 0.719444 0.0166667 0.0222222
0 0.809115 0.736111 0.00885417 0.00925926
0 0.729948 0.718518 0.0046875 0.00740741
0 0.722656 0.771296 0.0192708 0.0259259
0 0.858594 0.779167 0.00677083 0.012037
0 0.768229 0.787037 0.0104167 0.0111111
0 0.61224 0.7375 0.00572917 0.0101852
0 0.864062 0.771296 0.0177083 0.0148148
0 0.795833 0.787037 0.00729167 0.0111111
0 0.767187 0.764815 0.00729167 0.012963
0 0.686198 0.772222 0.0140625 0.012963
0 0.804427 0.759722 0.0213542 0.0287037
0 0.671875 0.780093 0.00833333 0.0157407
0 0.692187 0.769907 0.0125 0.0157407
0 0.751302 0.742593 0.00989583 0.00925926
0 0.813281 0.737037 0.00885417 0.0111111
0 0.145313 0.819444 0.0197917 0.0185185
0 0.905729 0.769444 0.040625 0.0592593
0 0.739323 0.780093 0.0171875 0.012037
0 0.667969 0.770833 0.00989583 0.0175926
0 0.8375 0.733796 0.0260417 0.0361111
0 0.776042 0.763889 0.009375 0.00925926
0 0.842188 0.764815 0.009375 0.00925926
0 0.721094 0.715278 0.00885417 0.00648148
0 0.721875 0.764352 0.00625 0.0101852
0 0.780729 0.748148 0.00833333 0.0259259
0 0.866667 0.804167 0.00625 0.0212963
0 0.225781 0.814352 0.0140625 0.0287037
0 0.21224 0.788426 0.0119792 0.0268519
0 0.521094 0.756944 0.0182292 0.0231481
0 0.742969 0.765278 0.0078125 0.0157407
0 0.813021 0.729167 0.00625 0.00833333
0 0.838802 0.713426 0.0234375 0.0175926
0 0.746875 0.749074 0.0114583 0.00740741
0 0.154167 0.819444 0.0177083 0.0222222
0 0.66224 0.736574 0.0276042 0.0342593
0 0.47526 0.79537 0.0140625 0.0222222
0 0.771615 0.755556 0.0140625 0.0259259
0 0.900781 0.749074 0.0213542 0.0166667
0 0.7125 0.719907 0.00729167 0.0101852
0 0.158333 0.814352 0.0197917 0.0175926
0 0.734115 0.750463 0.00677083 0.00648148
0 0.726042 0.726852 0.00833333 0.012963
0 0.734635 0.763889 0.00989583 0.0166667
0 0.870052 0.764815 0.0328125 0.0444444
0 0.734896 0.756481 0.009375 0.0111111
0 0.872396 0.741667 0.0197917 0.0148148
0 0.750781 0.749537 0.00677083 0.0101852
0 0.763802 0.755093 0.00885417 0.00833333
0 0.675781 0.721759 0.00572917 0.012037
0 0.722135 0.757407 0.00677083 0.012963
0 0.83776 0.710185 0.0255208 0.0481481
0 0.754427 0.785185 0.00885417 0.00740741
0 0.758854 0.749074 0.00416667 0.012963
0 0.842448 0.771296 0.0182292 0.012963
0 0.660156 0.728241 0.0171875 0.0231481
0 0.815625 0.772685 0.01875 0.025
0 0.776563 0.747685 0.00833333 0.0138889
0 0.79375 0.780556 0.0145833 0.0222222
0 0.654948 0.718518 0.0171875 0.0222222
0 0.767708 0.771296 0.0104167 0.00555556
0 0.83099 0.712963 0.0182292 0.0296296
0 0.805729 0.741667 0.01875 0.0185185
0 0.742708 0.758333 0.009375 0.012963
0 0.757292 0.781018 0.0385417 0.0472222
0 0.865885 0.733333 0.0130208 0.037037
0 0.763542 0.785648 0.0104167 0.00462963
0 0.607813 0.737037 0.00833333 0.0222222
0 0.833073 0.756481 0.0380208 0.0388889
0 0.225781 0.784259 0.0171875 0.0222222
0 0.767969 0.756481 0.00989583 0.00740741
0 0.796354 0.735185 0.00833333 0.012963
0 0.429688 0.7625 0.01875 0.0324074
0 0.68724 0.740278 0.0213542 0.0138889
0 0.728646 0.743056 0.0270833 0.0453704
0 0.713021 0.764815 0.00729167 0.0148148
0 0.703906 0.789815 0.0203125 0.0222222
0 0.191146 0.796759 0.009375 0.0212963
0 0.791927 0.763426 0.0161458 0.00648148
0 0.774479 0.719907 0.0354167 0.0490741
0 0.72526 0.719907 0.0046875 0.0138889
0 0.604948 0.762037 0.0234375 0.0296296
0 0.685677 0.7875 0.0171875 0.025
0 0.800521 0.735648 0.00833333 0.0138889
0 0.779948 0.764815 0.0078125 0.0148148
0 0.746875 0.758333 0.009375 0.012963
0 0.846615 0.742593 0.0213542 0.0203704
0 0.804427 0.728241 0.00677083 0.00648148
0 0.0372396 0.833333 0.0078125 0.012963
0 0.807031 0.7125 0.0151042 0.0231481
0 0.615885 0.774074 0.0119792 0.0277778
0 0.77526 0.771759 0.0140625 0.00277778
0 0.661979 0.790278 0.0114583 0.0138889
0 0.726302 0.706019 0.0234375 0.0268519
0 0.2625 0.784722 0.0145833 0.0212963
0 0.79349 0.720833 0.0140625 0.0305556
0 0.1125 0.813426 0.015625 0.0212963
0 0.73151 0.711574 0.0182292 0.0138889
0 0.830729 0.756019 0.0177083 0.0342593
0 0.75 0.785648 0.009375 0.00833333
0 0.738281 0.758333 0.00885417 0.012963
0 0.665625 0.758333 0.0135417 0.0333333
0 0.0958333 0.797685 0.0166667 0.0212963
0 0.751042 0.735185 0.00729167 0.0111111
0 0.813542 0.75 0.0208333 0.0185185
0 0.666927 0.747222 0.0192708 0.0240741
0 0.755729 0.772222 0.01875 0.0111111
0 0.778906 0.735648 0.0338542 0.0194444
0 0.758594 0.785648 0.00989583 0.00648148
0 0.686719 0.722222 0.0421875 0.0537037
0 0.741667 0.719444 0.021875 0.0185185
0 0.676562 0.71713 0.0145833 0.0194444
0 0.730208 0.727315 0.00833333 0.012037
0 0.863281 0.764352 0.0203125 0.0138889
0 0.474479 0.805093 0.00520833 0.0138889
0 0.802344 0.72037 0.0359375 0.0462963
0 0.646094 0.735648 0.0244792 0.0342593
0 0.592448 0.8125 0.0140625 0.0435185
0 0.508854 0.764815 0.0177083 0.0425926
0 0.746094 0.787963 0.00989583 0.00925926
0 0.872135 0.756944 0.0182292 0.0212963
0 0.742188 0.785648 0.0104167 0.00648148
0 0.642708 0.727778 0.0197917 0.0203704
0 0.142448 0.799074 0.0182292 0.0333333
0 0.79349 0.741204 0.0192708 0.0194444
0 0.730469 0.773148 0.0182292 0.0111111
0 0.789583 0.725463 0.0145833 0.0268519
0 0.78724 0.78287 0.0151042 0.012037
0 0.960938 0.805556 0.00833333 0.00925926
0 0.789062 0.755093 0.0166667 0.025
0 0.166927 0.826389 0.0130208 0.0268519
0 0.776302 0.734259 0.0078125 0.0148148
0 0.876042 0.793519 0.0197917 0.0166667
0 0.946094 0.806944 0.0203125 0.0138889
0 0.725 0.711111 0.040625 0.0481481
0 0.671615 0.712963 0.0203125 0.0203704
0 0.441927 0.762037 0.0203125 0.0259259
0 0.807031 0.736111 0.0328125 0.0555556
0 0.778646 0.781018 0.0104167 0.0416667
0 0.692969 0.718982 0.0234375 0.0194444
0 0.778906 0.750463 0.0265625 0.0194444
0 0.822396 0.711574 0.0208333 0.0305556
0 0.8875 0.759722 0.021875 0.025
0 0.583333 0.760648 0.01875 0.0490741
0 0.726562 0.781018 0.0166667 0.012037
0 0.5 0.755556 0.01875 0.0425926
0 0.663802 0.772685 0.0119792 0.0231481
0 0.179948 0.790741 0.0171875 0.0351852
0 0.770312 0.766204 0.021875 0.0324074
0 0.680729 0.718982 0.01875 0.012037
0 0.686198 0.744444 0.0078125 0.037037
0 0.75625 0.764815 0.0166667 0.0240741
0 0.861979 0.779167 0.0291667 0.025
0 0.103646 0.811574 0.0166667 0.0305556
0 0.661458 0.782407 0.015625 0.0314815
0 0.579687 0.762963 0.0177083 0.0296296
0 0.165885 0.819444 0.0109375 0.0166667
0 0.7 0.726389 0.0208333 0.0138889
0 0.659115 0.764352 0.0192708 0.0194444
0 0.798177 0.751389 0.0109375 0.0416667
0 0.603906 0.73287 0.0182292 0.0212963
0 0.865365 0.786574 0.0171875 0.012037
0 0.809375 0.755093 0.0177083 0.025
0 0.689323 0.773611 0.0151042 0.0231481
0 0.664583 0.717593 0.01875 0.0203704
0 0.613281 0.767593 0.0203125 0.0314815
0 0.72474 0.788889 0.0130208 0.0240741
0 0.703906 0.7125 0.0494792 0.0490741
0 0.638802 0.756019 0.0192708 0.0435185
0 0.843229 0.734722 0.0208333 0.0194444
0 0.692969 0.786111 0.0182292 0.0203704
0 0.671354 0.763426 0.0197917 0.0138889
0 0.688542 0.734259 0.01875 0.0166667
0 0.625521 0.755093 0.0197917 0.0361111
0 0.796354 0.763889 0.015625 0.00925926
0 0.374479 0.78287 0.015625 0.00833333
0 0.133333 0.813889 0.01875 0.0388889
0 0.747656 0.728241 0.0130208 0.0101852
0 0.835156 0.763426 0.0171875 0.0175926
0 0.83125 0.733796 0.021875 0.025
0 0.675 0.770833 0.01875 0.0194444
0 0.842969 0.749074 0.0192708 0.0222222
0 0.371354 0.781482 0.0125 0.0166667
0 0.9625 0.800463 0.01875 0.0305556
0 0.799479 0.788426 0.0270833 0.0175926
0 0.917188 0.762037 0.0197917 0.0240741
0 0.896354 0.777778 0.0239583 0.0444444
0 0.736979 0.771759 0.0260417 0.0268519
0 0.755208 0.794444 0.0166667 0.0203704
0 0.764323 0.74213 0.0161458 0.0157407
0 0.908594 0.766667 0.0140625 0.0222222
0 0.749219 0.757407 0.0317708 0.0388889
0 0.711719 0.781482 0.0192708 0.0296296
0 0.8875 0.77963 0.01875 0.0277778
0 0.929688 0.774074 0.0125 0.0185185
0 0.861719 0.726389 0.0192708 0.0453704
0 0.797917 0.7125 0.0197917 0.0305556
0 0.783333 0.764815 0.0197917 0.0222222
0 0.14974 0.813889 0.0213542 0.0203704
0 0.634896 0.721296 0.01875 0.0296296
0 0.933854 0.774074 0.021875 0.0240741
0 0.204948 0.777315 0.0182292 0.0175926
0 0.764323 0.726852 0.0182292 0.0148148
0 0.72526 0.755556 0.0213542 0.0277778
0 0.726042 0.741667 0.0197917 0.0203704
0 0.892187 0.747685 0.021875 0.0212963
0 0.141667 0.814815 0.0208333 0.0333333
0 0.692708 0.711111 0.021875 0.0203704
0 0.784635 0.733333 0.0161458 0.0296296
0 0.663542 0.734722 0.0208333 0.0194444
0 0.785417 0.719907 0.0166667 0.0361111
0 0.228906 0.812037 0.0161458 0.0166667
0 0.845052 0.7625 0.0317708 0.0435185
0 0.721615 0.748611 0.0161458 0.0231481
0 0.701042 0.770833 0.0166667 0.0175926
0 0.48776 0.762037 0.0182292 0.0314815
0 0.729688 0.793981 0.009375 0.0287037
0 0.671875 0.727778 0.01875 0.0148148
0 0.6875 0.751389 0.015625 0.0361111
0 0.2375 0.805556 0.0197917 0.0166667
0 0.760156 0.713426 0.0213542 0.0231481
0 0.772396 0.7125 0.0177083 0.0361111
0 0.723177 0.7125 0.0182292 0.0212963
0 0.74349 0.793981 0.0192708 0.0194444
0 0.804427 0.778241 0.0276042 0.0416667
0 0.861458 0.794907 0.0114583 0.037963
0 0.672656 0.734259 0.0203125 0.0185185
0 0.651042 0.763889 0.0229167 0.0296296
0 0.847396 0.722685 0.025 0.0435185
0 0.833073 0.778241 0.0203125 0.0287037
0 0.683854 0.712037 0.0260417 0.0203704
0 0.868229 0.785185 0.021875 0.0240741
0 0.901302 0.778241 0.0255208 0.0212963
0 0.814062 0.711574 0.0177083 0.0324074
0 0.759115 0.747222 0.0171875 0.0351852
0 0.18776 0.791667 0.0182292 0.0277778
0 0.842969 0.727778 0.0213542 0.0148148
0 0.827083 0.772685 0.0114583 0.0268519
0 0.66276 0.756019 0.0234375 0.0212963
0 0.655208 0.734722 0.021875 0.0212963
0 0.735156 0.742593 0.0182292 0.0148148
0 0.745573 0.713426 0.0119792 0.0435185
0 0.814323 0.777778 0.0223958 0.0462963
0 0.769531 0.781018 0.0161458 0.0231481
0 0.209375 0.791204 0.0260417 0.0287037
0 0.871615 0.772222 0.0223958 0.0203704
0 0.768229 0.726389 0.0197917 0.0268519
0 0.858594 0.729167 0.0244792 0.0212963
0 0.759896 0.771296 0.0166667 0.0222222
0 0.958073 0.801852 0.0213542 0.0185185
0 0.75625 0.781018 0.0145833 0.025
0 0.470573 0.796759 0.0192708 0.012037
0 0.776302 0.727778 0.0182292 0.0296296
0 0.739323 0.787963 0.0223958 0.0222222
0 0.817187 0.739815 0.0197917 0.0351852
0 0.730208 0.750463 0.021875 0.0175926
0 0.834635 0.720833 0.0244792 0.0268519
0 0.743229 0.763426 0.0197917 0.0268519
0 0.767969 0.77037 0.0140625 0.0222222
0 0.84974 0.786574 0.0151042 0.0175926
0 0.84375 0.756481 0.01875 0.0185185
0 0.726562 0.72037 0.0208333 0.037037
0 0.696875 0.711111 0.0229167 0.0333333
0 0.67526 0.777315 0.0244792 0.025
0 0.675521 0.762963 0.0229167 0.0277778
0 0.851302 0.735185 0.0234375 0.0166667
0 0.761979 0.788426 0.0270833 0.0212963
0 0.638542 0.734722 0.021875 0.0268519
0 0.697135 0.726852 0.0223958 0.0444444
0 0.806771 0.725926 0.0208333 0.0240741
0 0.834115 0.757407 0.0213542 0.0166667
0 0.797656 0.733333 0.0213542 0.0407407
0 0.779427 0.769907 0.0151042 0.0212963
0 0.676823 0.735185 0.0223958 0.0333333
0 0.1625 0.814815 0.021875 0.0314815
0 0.764063 0.735648 0.0208333 0.0231481
0 0.81901 0.725926 0.0234375 0.0333333
0 0.732292 0.781018 0.0114583 0.0287037
0 0.883333 0.772685 0.021875 0.0305556
0 0.722135 0.785648 0.0213542 0.0361111
0 0.646875 0.780556 0.021875 0.0425926
0 0.776042 0.742593 0.01875 0.0388889
0 0.638281 0.772685 0.0234375 0.0453704
0 0.738542 0.721759 0.0270833 0.037963
0 0.855469 0.773148 0.0213542 0.0277778
0 0.654948 0.779167 0.0203125 0.025
0 0.810417 0.734722 0.025 0.0324074
0 0.842708 0.764815 0.0239583 0.0203704
0 0.733333 0.764352 0.0208333 0.025
0 0.0348958 0.827778 0.0239583 0.0407407
0 0.683594 0.747685 0.0234375 0.0175926
0 0.925781 0.770833 0.0255208 0.0361111
0 0.866146 0.793981 0.0114583 0.0268519
0 0.70599 0.714815 0.0213542 0.037037
0 0.713281 0.7625 0.0223958 0.0268519
0 0.768229 0.741204 0.0197917 0.0305556
0 0.783333 0.780093 0.0114583 0.0324074
0 0.879687 0.756481 0.0260417 0.0314815
0 0.747396 0.75 0.0208333 0.0277778
0 0.763542 0.764815 0.01875 0.037037
0 0.370833 0.778241 0.021875 0.0305556
0 0.730729 0.727778 0.021875 0.0277778
0 0.225781 0.805093 0.0213542 0.0361111
0 0.696354 0.779167 0.0229167 0.037963
0 0.797135 0.755093 0.0234375 0.0324074
0 0.82526 0.772222 0.0234375 0.0648148
0 0.704427 0.777778 0.0255208 0.0296296
0 0.779688 0.761111 0.0197917 0.0388889
0 0.725781 0.793519 0.0223958 0.0203704
0 0.666927 0.778704 0.0213542 0.0481481
0 0.688542 0.77963 0.0229167 0.0296296
0 0.767708 0.755556 0.01875 0.037037
0 0.879687 0.786574 0.025 0.0324074
0 0.796615 0.784722 0.0213542 0.0361111
0 0.688802 0.727315 0.0244792 0.037963
0 0.797135 0.770833 0.0213542 0.0324074
0 0.767708 0.77963 0.021875 0.0388889
0 0.846875 0.786574 0.025 0.0287037
0 0.747135 0.710648 0.0255208 0.0453704
0 0.900521 0.764352 0.028125 0.0287037
0 0.751302 0.733333 0.0244792 0.0388889
0 0.734635 0.750926 0.0244792 0.0314815
0 0.714063 0.719907 0.025 0.0342593
0 0.729948 0.780556 0.0244792 0.0333333
0 0.747396 0.785648 0.0239583 0.0453704
0 0.863281 0.794444 0.0255208 0.0222222
0 0.759896 0.787037 0.021875 0.0444444
0 0.721094 0.757407 0.0244792 0.0462963
0 0.779688 0.778241 0.025 0.0361111
