0 0.430208 0.514352 0.009375 0.00833333
0 0.504427 0.760185 0.00677083 0.0037037
0 0.4375 0.763889 0.025 0.0185185
0 0.44974 0.53287 0.00677083 0.0212963
0 0.373177 0.727778 0.0223958 0.0185185
0 0.566667 0.680093 0.00625 0.0138889
0 0.495833 0.785185 0.00520833 0.012963
0 0.447396 0.73287 0.0208333 0.025
0 0.390104 0.84537 0.0604167 0.0722222
0 0.388021 0.863889 0.009375 0.0259259
0 0.61849 0.723611 0.0276042 0.0138889
0 0.492448 0.80463 0.0182292 0.0259259
0 0.38776 0.853704 0.0276042 0.037037
0 0.475521 0.746296 0.00833333 0.00740741
0 0.465365 0.747222 0.00677083 0.0296296
0 0.508333 0.762037 0.00416667 0.0111111
0 0.496094 0.763889 0.00677083 0.012963
0 0.559635 0.633796 0.0182292 0.0157407
0 0.53776 0.795833 0.0140625 0.0324074
0 0.595833 0.701852 0.00208333 0.0203704
0 0.416406 0.555093 0.0203125 0.0175926
0 0.56224 0.620833 0.00677083 0.0194444
0 0.429167 0.525 0.00729167 0.0111111
0 0.395573 0.731019 0.0046875 0.0101852
0 0.458854 0.790741 0.009375 0.0148148
0 0.50026 0.62037 0.00260417 0.0148148
0 0.364583 0.520833 0.00729167 0.0287037
0 0.345052 0.430556 0.0130208 0.0314815
0 0.599219 0.55 0.00572917 0.0240741
0 0.46224 0.613426 0.00677083 0.0138889
0 0.41276 0.763889 0.0078125 0.012963
0 0.52526 0.593056 0.0286458 0.0231481
0 0.434115 0.727315 0.0140625 0.0287037
0 0.477865 0.767593 0.0151042 0.0277778
0 0.440365 0.843056 0.0109375 0.0342593
0 0.566406 0.673611 0.00572917 0.0194444
0 0.509375 0.575926 0.00520833 0.00740741
0 0.508594 0.568981 0.00677083 0.0101852
0 0.441146 0.857407 0.034375 0.0185185
0 0.473177 0.811111 0.0213542 0.0240741
0 0.484115 0.556944 0.0046875 0.012037
0 0.450521 0.711111 0.00625 0.0222222
0 0.491927 0.575 0.00572917 0.00925926
0 0.433073 0.696296 0.00572917 0.0148148
0 0.40026 0.768981 0.00572917 0.0138889
0 0.674479 0.725463 0.003125 0.0194444
0 0.486719 0.72037 0.0328125 0.0240741
0 0.458594 0.597222 0.00364583 0.00740741
0 0.539583 0.594444 0.0135417 0.0314815
0 0.421094 0.6 0.00677083 0.0185185
0 0.41224 0.576389 0.00572917 0.00833333
0 0.49349 0.681481 0.0213542 0.0277778
0 0.393229 0.753704 0.0104167 0.0555556
0 0.517708 0.570833 0.00520833 0.0157407
0 0.475521 0.599074 0.00520833 0.012963
0 0.438281 0.636574 0.00885417 0.0157407
0 0.579427 0.628241 0.00572917 0.012037
0 0.429427 0.589815 0.00677083 0.0111111
0 0.449219 0.838426 0.0046875 0.0194444
0 0.471094 0.835648 0.00677083 0.0194444
0 0.540365 0.494907 0.0130208 0.0268519
0 0.442187 0.834722 0.00729167 0.0138889
0 0.340365 0.531018 0.0046875 0.0157407
0 0.415365 0.798611 0.0203125 0.0287037
0 0.498698 0.776389 0.0046875 0.0268519
0 0.459115 0.900463 0.0348958 0.108333
0 0.413021 0.75463 0.00729167 0.0166667
0 0.394531 0.737037 0.0182292 0.0351852
0 0.461979 0.646759 0.0458333 0.0324074
0 0.396354 0.923611 0.009375 0.0138889
0 0.466927 0.637037 0.00677083 0.0148148
0 0.502083 0.628704 0.0166667 0.0462963
0 0.4375 0.546759 0.003125 0.012037
0 0.440625 0.772222 0.0145833 0.0333333
0 0.365885 0.777315 0.0119792 0.0638889
0 0.360677 0.331481 0.00677083 0.0166667
0 0.442969 0.804167 0.00572917 0.00648148
0 0.641146 0.569444 0.028125 0.0277778
0 0.470833 0.861111 0.015625 0.0148148
0 0.420573 0.568056 0.0140625 0.0231481
0 0.58776 0.669907 0.0078125 0.0472222
0 0.491927 0.760648 0.0078125 0.00833333
0 0.373177 0.739815 0.0182292 0.0351852
0 0.517187 0.616667 0.0104167 0.0222222
0 0.573698 0.617593 0.00572917 0.0555556
0 0.384896 0.849074 0.003125 0.012963
0 0.53125 0.617593 0.015625 0.0222222
0 0.499479 0.5625 0.00625 0.0175926
0 0.420573 0.735185 0.0390625 0.0333333
0 0.445833 0.794444 0.0177083 0.0203704
0 0.395833 0.548611 0.00520833 0.012037
0 0.428385 0.5875 0.0369792 0.0231481
0 0.483854 0.562963 0.00833333 0.0148148
0 0.509115 0.613426 0.00677083 0.0194444
0 0.475 0.592593 0.00625 0.0148148
0 0.441406 0.716204 0.0234375 0.0194444
0 0.396354 0.551389 0.0125 0.0268519
0 0.453646 0.706019 0.00833333 0.0101852
0 0.441146 0.591204 0.0322917 0.0361111
0 0.433073 0.828241 0.00364583 0.0101852
0 0.407031 0.680556 0.0119792 0.0240741
0 0.399219 0.578704 0.0338542 0.0259259
0 0.542708 0.644907 0.00833333 0.0194444
0 0.421354 0.906944 0.05 0.100926
0 0.54349 0.652315 0.00989583 0.0157407
0 0.552865 0.653704 0.0109375 0.037037
0 0.544792 0.693519 0.0145833 0.0296296
0 0.527865 0.768981 0.0078125 0.0324074
0 0.566927 0.649074 0.00885417 0.0166667
0 0.4 0.625926 0.0114583 0.0166667
0 0.566146 0.64537 0.00520833 0.0148148
0 0.466406 0.592593 0.0078125 0.0148148
0 0.51901 0.682407 0.00677083 0.0351852
0 0.383333 0.839352 0.025 0.025
0 0.585677 0.534722 0.0192708 0.0157407
0 0.478906 0.711111 0.00572917 0.012963
0 0.479688 0.747222 0.00625 0.0166667
0 0.41901 0.500926 0.0151042 0.0259259
0 0.489062 0.764352 0.0177083 0.0231481
0 0.536719 0.634722 0.0223958 0.0231481
0 0.470052 0.587037 0.0119792 0.0166667
0 0.351042 0.557407 0.0208333 0.0203704
0 0.458333 0.537963 0.00729167 0.0148148
0 0.533073 0.736111 0.0078125 0.0314815
0 0.441667 0.897685 0.0291667 0.0212963
0 0.4875 0.57037 0.0302083 0.0240741
0 0.468229 0.621296 0.00833333 0.0574074
0 0.589844 0.675926 0.0244792 0.0240741
0 0.00729167 0.830556 0.0145833 0.0240741
0 0.461719 0.884259 0.00572917 0.0259259
0 0.483333 0.592593 0.00729167 0.0185185
0 0.50026 0.563426 0.0171875 0.0287037
0 0.502083 0.587037 0.00625 0.0240741
0 0.596615 0.672222 0.00677083 0.00555556
0 0.521354 0.629167 0.0166667 0.0212963
0 0.5 0.591204 0.00833333 0.0138889
0 0.484375 0.791667 0.00729167 0.0222222
0 0.445573 0.690278 0.0213542 0.0157407
0 0.516927 0.612963 0.00677083 0.0166667
0 0.483594 0.88287 0.0380208 0.0212963
0 0.381771 0.832407 0.0135417 0.0185185
0 0.47474 0.622222 0.0078125 0.0111111
0 0.447917 0.824074 0.0135417 0.0277778
0 0.277865 0.268981 0.00677083 0.0268519
0 0.38125 0.821296 0.01875 0.0222222
0 0.371875 0.456944 0.0114583 0.0101852
0 0.573698 0.816204 0.0119792 0.0268519
0 0.513281 0.801389 0.0265625 0.0157407
0 0.426042 0.576389 0.0145833 0.0305556
0 0.582292 0.538889 0.0166667 0.0111111
0 0.491667 0.710185 0.0145833 0.012963
0 0.451562 0.65787 0.0114583 0.0324074
0 0.482031 0.837037 0.0109375 0.0407407
0 0.457812 0.591667 0.00520833 0.0148148
0 0.503646 0.7125 0.00729167 0.0194444
0 0.533854 0.642593 0.00833333 0.0185185
0 0.47526 0.538889 0.0203125 0.0203704
0 0.42474 0.724074 0.00572917 0.0203704
0 0.634896 0.562963 0.0125 0.0203704
0 0.488542 0.799074 0.0322917 0.0240741
0 0.44375 0.764815 0.0135417 0.0314815
0 0.520573 0.574537 0.0213542 0.00833333
0 0.496875 0.711111 0.0135417 0.0203704
0 0.492448 0.739815 0.0078125 0.05
0 0.433594 0.724074 0.00572917 0.0111111
0 0.46224 0.716667 0.00364583 0.0203704
0 0.390365 0.869444 0.0151042 0.0277778
0 0.479167 0.572685 0.0104167 0.0324074
0 0.485938 0.741667 0.0197917 0.0351852
0 0.570833 0.650463 0.00833333 0.0212963
0 0.546094 0.65 0.0296875 0.0148148
0 0.43099 0.52037 0.0046875 0.0240741
0 0.395573 0.527315 0.0151042 0.0157407
0 0.457552 0.807407 0.0161458 0.037037
0 0.453906 0.717593 0.0213542 0.0296296
0 0.378385 0.543519 0.00677083 0.0240741
0 0.641927 0.706019 0.0338542 0.0324074
0 0.433333 0.565278 0.00625 0.00833333
0 0.483333 0.626852 0.0125 0.012963
0 0.445573 0.843056 0.00677083 0.0138889
0 0.511458 0.786574 0.00833333 0.0175926
0 0.35599 0.331944 0.00885417 0.0175926
0 0.447656 0.545833 0.0171875 0.0342593
0 0.486458 0.603241 0.0114583 0.025
0 0.482812 0.790741 0.0177083 0.0240741
0 0.442187 0.796759 0.00625 0.012037
0 0.528125 0.704167 0.00833333 0.0138889
0 0.541927 0.738426 0.00989583 0.0157407
0 0.484375 0.7 0.0104167 0.0240741
0 0.401042 0.593518 0.0135417 0.0277778
0 0.61276 0.72963 0.00989583 0.0407407
0 0.492708 0.791667 0.0229167 0.0259259
0 0.42526 0.658333 0.0203125 0.0259259
0 0.483594 0.740278 0.0109375 0.00833333
0 0.441406 0.740278 0.0078125 0.0175926
0 0.375521 0.713426 0.00416667 0.0435185
0 0.473958 0.830556 0.0166667 0.0203704
0 0.610677 0.70463 0.0244792 0.0259259
0 0.0635417 0.974074 0.01875 0.0222222
0 0.51224 0.608796 0.00989583 0.00833333
0 0.56276 0.662037 0.0151042 0.0111111
0 0.407552 0.610185 0.0046875 0.0259259
0 0.545313 0.64537 0.0208333 0.0111111
0 0.475521 0.716204 0.0135417 0.0231481
0 0.446094 0.8 0.0046875 0.0166667
0 0.480729 0.878704 0.0135417 0.0425926
0 0.440365 0.505556 0.00885417 0.0203704
0 0.420833 0.748148 0.0260417 0.0240741
0 0.425 0.533796 0.0135417 0.0157407
0 0.471615 0.760185 0.0078125 0.00925926
0 0.466667 0.786574 0.00729167 0.0231481
0 0.539062 0.653241 0.0104167 0.0416667
0 0.353906 0.781482 0.0234375 0.0185185
0 0.525 0.62963 0.0197917 0.012963
0 0.585677 0.621296 0.0140625 0.0574074
0 0.647135 0.6875 0.00364583 0.0101852
0 0.410417 0.490278 0.00833333 0.0212963
0 0.414844 0.709259 0.0213542 0.0407407
0 0.526563 0.62037 0.01875 0.0351852
0 0.441667 0.637963 0.0270833 0.00925926
0 0.416927 0.809722 0.0109375 0.0175926
0 0.53776 0.74537 0.0203125 0.0111111
0 0.56276 0.653704 0.00572917 0.0037037
0 0.475 0.891667 0.0333333 0.0185185
0 0.608594 0.676389 0.0109375 0.0268519
0 0.452865 0.817593 0.0182292 0.0296296
0 0.47526 0.578241 0.00885417 0.0194444
0 0.6 0.561574 0.0166667 0.0268519
0 0.479948 0.62963 0.0244792 0.0296296
0 0.446875 0.450463 0.0166667 0.0527778
0 0.392708 0.53287 0.0166667 0.025
0 0.440625 0.850463 0.0229167 0.0157407
0 0.521354 0.697222 0.0177083 0.0222222
0 0.477344 0.615741 0.0078125 0.0166667
0 0.541667 0.67037 0.0166667 0.0111111
0 0.596094 0.552778 0.00260417 0.0222222
0 0.571094 0.683333 0.0234375 0.0222222
0 0.424479 0.762037 0.0239583 0.0314815
0 0.426302 0.76713 0.0151042 0.0194444
0 0.34974 0.788426 0.0192708 0.0194444
0 0.47474 0.803241 0.0078125 0.0175926
0 0.515885 0.5875 0.0203125 0.0268519
0 0.378906 0.811111 0.0140625 0.0314815
0 0.419792 0.717593 0.00729167 0.0425926
0 0.51224 0.743519 0.0328125 0.0222222
0 0.363281 0.729167 0.0109375 0.0398148
0 0.463542 0.799537 0.0197917 0.0361111
0 0.466146 0.862037 0.015625 0.00925926
0 0.391667 0.48287 0.0229167 0.0231481
0 0.403906 0.557407 0.0203125 0.0185185
0 0.495313 0.755093 0.00625 0.0194444
0 0.461719 0.809722 0.00885417 0.0212963
0 0.520052 0.608796 0.0109375 0.0101852
0 0.432813 0.681944 0.00416667 0.0157407
0 0.395312 0.484259 0.00729167 0.0185185
0 0.524479 0.621759 0.0166667 0.0138889
0 0.413021 0.85463 0.00833333 0.0481481
0 0.382812 0.817593 0.0166667 0.0111111
0 0.513281 0.578241 0.0109375 0.0324074
0 0.477865 0.740741 0.0130208 0.0148148
0 0.390625 0.756481 0.025 0.0277778
0 0.664583 0.601852 0.009375 0.037037
0 0.5 0.698148 0.0114583 0.0222222
0 0.417708 0.610648 0.009375 0.0157407
0 0.38776 0.816667 0.0119792 0.0166667
0 0.454948 0.733333 0.0161458 0.0296296
0 0.536458 0.661574 0.0166667 0.025
0 0.498958 0.885185 0.0114583 0.0111111
0 0.577604 0.653241 0.00833333 0.0175926
0 0.524219 0.587963 0.0213542 0.0166667
0 0.463281 0.549537 0.0171875 0.0212963
0 0.4625 0.531944 0.00416667 0.012037
0 0.448438 0.79213 0.0166667 0.0361111
0 0.69375 0.631944 0.0135417 0.0231481
0 0.39974 0.681944 0.0192708 0.0472222
0 0.507552 0.610185 0.0109375 0.0296296
0 0.406771 0.721759 0.0177083 0.0453704
0 0.444531 0.651852 0.0151042 0.0425926
0 0.549479 0.675926 0.0104167 0.0314815
0 0.497656 0.800926 0.0171875 0.0240741
0 0.345573 0.543981 0.00885417 0.0490741
0 0.480208 0.807407 0.0229167 0.0277778
0 0.576302 0.630093 0.0234375 0.0268519
0 0.385677 0.830556 0.0140625 0.0314815
0 0.475521 0.639815 0.009375 0.0203704
0 0.384635 0.616204 0.0213542 0.0138889
0 0.558854 0.677315 0.0125 0.0157407
0 0.389323 0.846759 0.00572917 0.012037
0 0.390885 0.625926 0.0046875 0.0351852
0 0.43724 0.661111 0.00677083 0.037037
0 0.5125 0.593982 0.0197917 0.0194444
0 0.567708 0.628704 0.0208333 0.0240741
0 0.438021 0.549537 0.003125 0.0231481
0 0.3625 0.52963 0.0135417 0.012963
0 0.545052 0.768519 0.0140625 0.00740741
0 0.465885 0.638889 0.00572917 0.0296296
0 0.39349 0.8625 0.0203125 0.025
0 0.4375 0.528241 0.0104167 0.0138889
0 0.433073 0.644444 0.0078125 0.0185185
0 0.492708 0.648148 0.0145833 0.0351852
0 0.411979 0.6 0.00416667 0.0148148
0 0.461719 0.711111 0.0140625 0.012963
0 0.613281 0.668981 0.0119792 0.0212963
0 0.37526 0.723611 0.00572917 0.0194444
0 0.457812 0.594444 0.009375 0.0148148
0 0.425 0.774074 0.0125 0.0166667
0 0.511979 0.69213 0.0145833 0.0157407
0 0.523958 0.785185 0.0239583 0.0296296
0 0.488802 0.718518 0.0151042 0.05
0 0.536979 0.727315 0.00729167 0.037963
0 0.583333 0.631019 0.028125 0.0175926
0 0.391667 0.475 0.0177083 0.0166667
0 0.415104 0.571296 0.00416667 0.012963
0 0.432031 0.872222 0.0182292 0.0166667
0 0.417708 0.735185 0.0125 0.0648148
0 0.51224 0.675926 0.0161458 0.00740741
0 0.529948 0.713426 0.00677083 0.0138889
0 0.43776 0.755093 0.00989583 0.0212963
0 0.440625 0.88287 0.00729167 0.0361111
0 0.450521 0.632407 0.003125 0.0185185
0 0.575781 0.657407 0.0234375 0.0277778
0 0.582292 0.624537 0.0208333 0.0175926
0 0.372917 0.601389 0.025 0.0305556
0 0.483333 0.593056 0.0135417 0.0305556
0 0.4875 0.793519 0.0177083 0.00925926
0 0.419792 0.824074 0.00416667 0.0166667
0 0.41875 0.74213 0.0177083 0.0287037
0 0.513021 0.577315 0.03125 0.0305556
0 0.527865 0.637963 0.00572917 0.012963
0 0.482552 0.668056 0.0223958 0.0175926
0 0.433594 0.831944 0.00364583 0.0342593
0 0.475521 0.84537 0.0197917 0.0203704
0 0.389062 0.612037 0.0166667 0.00925926
0 0.478646 0.714815 0.00416667 0.0240741
0 0.440104 0.892593 0.0177083 0.0166667
0 0.415885 0.527315 0.0109375 0.0175926
0 0.565104 0.683796 0.021875 0.037963
0 0.431771 0.616667 0.00833333 0.037037
0 0.379167 0.712037 0.003125 0.00740741
0 0.461458 0.898148 0.025 0.0185185
0 0.339583 0.431019 0.0114583 0.0342593
0 0.36276 0.580093 0.00885417 0.0157407
0 0.398958 0.542593 0.009375 0.0240741
0 0.429688 0.57037 0.0177083 0.0259259
0 0.456771 0.890741 0.00520833 0.0166667
0 0.432031 0.790741 0.0171875 0.0314815
0 0.456771 0.908796 0.015625 0.0268519
0 0.416406 0.721759 0.0109375 0.0268519
0 0.524219 0.802315 0.00364583 0.0305556
0 0.514583 0.698611 0.0229167 0.0324074
0 0.496615 0.701852 0.00989583 0.0277778
0 0.636458 0.693519 0.00520833 0.0240741
0 0.41224 0.497222 0.0161458 0.0203704
0 0.503646 0.853704 0.015625 0.0166667
0 0.375781 0.584722 0.0296875 0.0472222
0 0.354167 0.546296 0.0125 0.0222222
0 0.483333 0.876389 0.009375 0.0157407
0 0.389844 0.601389 0.0109375 0.037963
0 0.504687 0.57037 0.0208333 0.0259259
0 0.554167 0.681481 0.0333333 0.0277778
0 0.454427 0.562963 0.0192708 0.0203704
0 0.403646 0.581481 0.0125 0.0277778
0 0.521615 0.763889 0.0130208 0.0240741
0 0.488281 0.714352 0.00572917 0.012037
0 0.404167 0.927778 0.028125 0.037037
0 0.44375 0.880093 0.025 0.0342593
0 0.550781 0.63287 0.00677083 0.0194444
0 0.584115 0.659259 0.0203125 0.037037
0 0.499219 0.734259 0.00989583 0.0148148
0 0.507292 0.757407 0.003125 0.00925926
0 0.51276 0.614815 0.0182292 0.012963
0 0.411979 0.536111 0.00520833 0.0240741
0 0.37526 0.817593 0.0234375 0.0203704
0 0.478906 0.792593 0.00885417 0.0166667
0 0.38776 0.721296 0.0046875 0.0166667
0 0.347917 0.55 0.021875 0.037037
0 0.399479 0.727315 0.003125 0.0175926
0 0.458594 0.542593 0.00989583 0.0166667
0 0.423177 0.730093 0.0171875 0.0342593
0 0.525781 0.81713 0.0171875 0.0138889
0 0.527083 0.652315 0.0229167 0.0342593
0 0.501823 0.848611 0.0151042 0.012037
0 0.407813 0.577778 0.00520833 0.0111111
0 0.396615 0.489352 0.0161458 0.0212963
0 0.375 0.781482 0.00833333 0.0388889
0 0.541146 0.797222 0.00416667 0.0166667
0 0.49974 0.75463 0.0119792 0.0203704
0 0.408854 0.584259 0.0125 0.0166667
0 0.421094 0.599537 0.0151042 0.0138889
0 0.500781 0.578704 0.00989583 0.0166667
0 0.425781 0.502778 0.0369792 0.0296296
0 0.45 0.600926 0.00833333 0.0277778
0 0.463281 0.601389 0.0171875 0.0175926
0 0.442187 0.698148 0.0125 0.0240741
0 0.544531 0.760185 0.0046875 0.00925926
0 0.433333 0.55 0.0197917 0.0148148
0 0.535677 0.638426 0.0140625 0.0398148
0 0.475521 0.88287 0.00625 0.0231481
0 0.421094 0.580093 0.0119792 0.0194444
0 0.445573 0.591667 0.0046875 0.0111111
0 0.428385 0.802315 0.00885417 0.0157407
0 0.528906 0.601852 0.0078125 0.0203704
0 0.458333 0.835185 0.003125 0.0351852
0 0.545573 0.625463 0.0171875 0.0101852
0 0.374219 0.759259 0.00260417 0.0240741
0 0.472656 0.602315 0.0223958 0.025
0 0.471875 0.890278 0.0145833 0.0305556
0 0.566406 0.644444 0.0140625 0.012963
0 0.424479 0.794444 0.00208333 0.0166667
0 0.482812 0.659722 0.00729167 0.0157407
0 0.454427 0.531482 0.0161458 0.0203704
0 0.452604 0.593056 0.0125 0.037963
0 0.471094 0.727778 0.0151042 0.0203704
0 0.404687 0.735648 0.00833333 0.0194444
0 0.616406 0.682407 0.00989583 0.012963
0 0.436198 0.79213 0.0119792 0.0527778
0 0.53099 0.60787 0.0161458 0.0231481
0 0.42474 0.585185 0.0140625 0.0166667
0 0.52526 0.763426 0.0140625 0.0157407
0 0.633333 0.692593 0.01875 0.0185185
0 0.408594 0.794907 0.0140625 0.0157407
0 0.421354 0.539815 0.0145833 0.0277778
0 0.638021 0.70463 0.0135417 0.0518519
0 0.422396 0.801852 0.0229167 0.0444444
0 0.37526 0.751852 0.00572917 0.0111111
0 0.379427 0.7875 0.0151042 0.0212963
0 0.371094 0.756944 0.0078125 0.025
0 0.398958 0.603704 0.009375 0.0277778
0 0.4875 0.847222 0.0166667 0.0203704
0 0.43724 0.593518 0.0109375 0.0166667
0 0.494792 0.66713 0.003125 0.0416667
0 0.521094 0.615278 0.0255208 0.0138889
0 0.525 0.648148 0.003125 0.00925926
0 0.533854 0.600926 0.01875 0.0185185
0 0.421354 0.855093 0.00833333 0.0231481
0 0.679948 0.737963 0.0244792 0.0314815
0 0.461719 0.759722 0.0015625 0.0231481
0 0.382552 0.467593 0.0130208 0.0259259
0 0.416146 0.756481 0.0145833 0.0259259
0 0.402344 0.922685 0.0182292 0.0231481
0 0.386719 0.610648 0.00364583 0.012037
0 0.595312 0.697222 0.00416667 0.0148148
0 0.396094 0.751389 0.0046875 0.0101852
0 0.499219 0.614352 0.00260417 0.025
0 0.473698 0.699074 0.00364583 0.0277778
0 0.40026 0.475 0.0109375 0.0277778
0 0.358073 0.542593 0.0109375 0.0259259
0 0.5125 0.655093 0.0114583 0.00833333
0 0.497135 0.879167 0.00989583 0.00833333
0 0.380729 0.831019 0.0177083 0.0583333
0 0.434115 0.598148 0.0192708 0.0296296
0 0.447917 0.70463 0.00625 0.0240741
0 0.458333 0.533333 0.0104167 0.0425926
0 0.399219 0.818056 0.0203125 0.0212963
0 0.470833 0.59213 0.01875 0.0175926
0 0.541406 0.759259 0.0015625 0.0203704
0 0.511719 0.794444 0.0151042 0.0111111
0 0.443229 0.688426 0.0208333 0.0287037
0 0.476042 0.55463 0.0135417 0.0259259
0 0.410937 0.800463 0.0125 0.0472222
0 0.503646 0.594907 0.021875 0.0138889
0 0.621354 0.731944 0.0135417 0.0101852
0 0.461198 0.89213 0.0151042 0.012037
0 0.419531 0.514352 0.0078125 0.0342593
0 0.383594 0.475463 0.0213542 0.0342593
0 0.5125 0.751852 0.0104167 0.0203704
0 0.391667 0.786574 0.0177083 0.0194444
0 0.452083 0.906944 0.009375 0.0231481
0 0.4625 0.835648 0.00520833 0.025
0 0.394271 0.884259 0.021875 0.0240741
0 0.459635 0.578241 0.00989583 0.0287037
0 0.508073 0.675463 0.0161458 0.0268519
0 0.438542 0.80787 0.0135417 0.0305556
0 0.386719 0.54213 0.0078125 0.025
0 0.5 0.719907 0.009375 0.0157407
0 0.463021 0.719907 0.015625 0.0175926
0 0.535677 0.652315 0.0192708 0.0268519
0 0.424479 0.913426 0.01875 0.0342593
0 0.484896 0.57037 0.0177083 0.05
0 0.428385 0.565278 0.0119792 0.012037
0 0.391146 0.778241 0.00833333 0.0212963
0 0.529167 0.780556 0.00520833 0.0148148
0 0.428385 0.623148 0.0244792 0.0222222
0 0.472396 0.538426 0.0114583 0.0416667
0 0.39375 0.630093 0.0239583 0.0342593
0 0.461979 0.6375 0.00833333 0.0157407
0 0.455208 0.606481 0.0166667 0.0277778
0 0.446094 0.599074 0.0161458 0.0222222
0 0.402865 0.68287 0.0109375 0.0212963
0 0.445312 0.773611 0.0260417 0.0194444
0 0.482812 0.766204 0.0114583 0.0268519
0 0.4125 0.562037 0.0208333 0.0222222
0 0.466667 0.677778 0.0166667 0.0166667
0 0.403385 0.7875 0.00572917 0.0157407
0 0.450781 0.710648 0.0140625 0.025
0 0.479688 0.599074 0.0208333 0.0240741
0 0.366406 0.730093 0.00572917 0.0287037
0 0.545052 0.818519 0.00260417 0.0222222
0 0.52474 0.772222 0.00260417 0.0296296
0 0.53724 0.804167 0.00989583 0.0231481
0 0.508854 0.697222 0.0125 0.0259259
0 0.48724 0.550926 0.0078125 0.0203704
0 0.488021 0.557407 0.0260417 0.0296296
0 0.366146 0.528704 0.0145833 0.0185185
0 0.698958 0.635185 0.0208333 0.0222222
0 0.429688 0.723611 0.015625 0.0175926
0 0.466927 0.718982 0.0213542 0.025
0 0.479167 0.799537 0.0166667 0.0212963
0 0.53724 0.625 0.0192708 0.0240741
0 0.428906 0.71713 0.00572917 0.0138889
0 0.403646 0.690278 0.0177083 0.0212963
0 0.566667 0.674074 0.0145833 0.012963
0 0.479688 0.578704 0.0177083 0.0240741
0 0.516406 0.690278 0.00885417 0.012037
0 0.507292 0.65463 0.0208333 0.0333333
0 0.520052 0.810648 0.00364583 0.025
0 0.458333 0.84537 0.00729167 0.0222222
0 0.521354 0.734722 0.00104167 0.0231481
0 0.470573 0.8375 0.0151042 0.012037
0 0.491667 0.659259 0.00208333 0.012963
0 0.596094 0.70463 0.0078125 0.0277778
0 0.433854 0.760185 0.0145833 0.0240741
0 0.49401 0.736574 0.00677083 0.0101852
0 0.511979 0.573611 0.0239583 0.0157407
0 0.500781 0.791667 0.0161458 0.0240741
0 0.46224 0.785648 0.0109375 0.0509259
0 0.50026 0.763426 0.0130208 0.0212963
0 0.393229 0.614352 0.0145833 0.0398148
0 0.465885 0.666667 0.0078125 0.0314815
0 0.566927 0.622222 0.00989583 0.0111111
0 0.38776 0.781944 0.0130208 0.0398148
0 0.420573 0.771296 0.0130208 0.0222222
0 0.447135 0.806481 0.0192708 0.0296296
0 0.476562 0.572222 0.021875 0.0518519
0 0.43724 0.718982 0.00572917 0.0101852
0 0.4625 0.84537 0.009375 0.0240741
0 0.365104 0.548611 0.015625 0.0305556
0 0.45 0.558333 0.0114583 0.0166667
0 0.457292 0.806481 0.0135417 0.0166667
0 0.510156 0.741667 0.0140625 0.0592593
0 0.589844 0.662037 0.00260417 0.0166667
0 0.446354 0.663426 0.009375 0.0157407
0 0.463021 0.572685 0.0104167 0.025
0 0.454948 0.673611 0.0078125 0.0342593
0 0.342187 0.536111 0.009375 0.0314815
0 0.545573 0.601852 0.0223958 0.0351852
0 0.392708 0.525926 0.01875 0.05
0 0.463021 0.540278 0.0208333 0.0212963
0 0.540885 0.660648 0.0130208 0.0175926
0 0.379167 0.580093 0.0166667 0.0157407
0 0.366927 0.7375 0.0140625 0.0342593
0 0.55 0.825463 0.01875 0.025
0 0.479688 0.749074 0.0135417 0.0148148
0 0.397135 0.622685 0.0223958 0.0638889
0 0.548437 0.693519 0.0239583 0.0111111
0 0.441667 0.596296 0.009375 0.0277778
0 0.450521 0.850926 0.0166667 0.0277778
0 0.570573 0.643056 0.0276042 0.0268519
0 0.513542 0.762037 0.009375 0.0185185
0 0.520573 0.69213 0.0119792 0.0101852
0 0.478646 0.592593 0.0145833 0.0185185
0 0.36224 0.441204 0.00885417 0.0175926
0 0.453125 0.623611 0.003125 0.0138889
0 0.484375 0.55463 0.0125 0.0333333
0 0.519531 0.758333 0.00260417 0.00740741
0 0.433333 0.525926 0.0145833 0.0148148
0 0.43125 0.53287 0.01875 0.0287037
0 0.391406 0.542593 0.00572917 0.0166667
0 0.379427 0.721296 0.00989583 0.0111111
0 0.496354 0.646759 0.0125 0.0268519
0 0.407813 0.787037 0.00625 0.012963
0 0.417448 0.731481 0.00885417 0.0296296
0 0.46276 0.815741 0.0203125 0.0277778
0 0.58151 0.543056 0.0244792 0.0212963
0 0.432813 0.593982 0.0125 0.012037
0 0.44349 0.562037 0.0255208 0.0314815
0 0.549479 0.817593 0.00833333 0.0296296
0 0.641667 0.7 0.0114583 0.0166667
0 0.390625 0.739352 0.00208333 0.0175926
0 0.376823 0.542593 0.0203125 0.0518519
0 0.440625 0.542593 0.003125 0.012963
0 0.370573 0.570833 0.00677083 0.0212963
0 0.438021 0.725926 0.015625 0.0148148
0 0.394271 0.587037 0.0197917 0.0314815
0 0.452604 0.913889 0.0208333 0.0222222
0 0.504687 0.72037 0.0135417 0.0148148
0 0.453906 0.599537 0.0078125 0.0175926
0 0.470833 0.616204 0.00520833 0.0157407
0 0.466927 0.710185 0.0119792 0.0203704
0 0.585938 0.659259 0.0208333 0.012963
0 0.424479 0.500463 0.00625 0.0175926
0 0.378906 0.766204 0.00989583 0.0157407
0 0.391927 0.549074 0.00989583 0.0166667
0 0.367188 0.577315 0.00833333 0.0287037
0 0.408854 0.533796 0.0177083 0.0287037
0 0.483854 0.772222 0.0177083 0.0259259
0 0.37474 0.57963 0.00989583 0.0240741
0 0.470833 0.784722 0.0145833 0.0212963
0 0.416146 0.645833 0.0104167 0.0268519
0 0.48776 0.608333 0.00364583 0.0185185
0 0.373958 0.811574 0.015625 0.037963
0 0.42474 0.631481 0.0151042 0.0351852
0 0.433594 0.653241 0.0182292 0.0194444
0 0.428125 0.543981 0.0104167 0.0268519
0 0.37474 0.764815 0.00572917 0.0203704
0 0.444792 0.79537 0.00625 0.0481481
0 0.450521 0.801852 0.0135417 0.0166667
0 0.427344 0.875 0.0192708 0.0296296
0 0.494792 0.624537 0.00625 0.0231481
0 0.57474 0.624074 0.00989583 0.012963
0 0.390885 0.60787 0.0109375 0.012037
0 0.47526 0.549074 0.00677083 0.0203704
0 0.395833 0.505093 0.0135417 0.0194444
0 0.541667 0.624074 0.0125 0.0185185
0 0.519531 0.631481 0.0161458 0.0407407
0 0.503646 0.616667 0.00416667 0.0166667
0 0.441927 0.513426 0.0182292 0.0212963
0 0.38776 0.848148 0.0192708 0.0777778
0 0.495313 0.811111 0.0114583 0.0185185
0 0.41224 0.710185 0.00572917 0.0314815
0 0.503906 0.562963 0.0130208 0.0166667
0 0.542969 0.644907 0.0203125 0.0342593
0 0.639063 0.562963 0.0145833 0.0388889
0 0.490885 0.668519 0.0119792 0.0203704
0 0.496354 0.578704 0.0114583 0.0148148
0 0.4125 0.808333 0.009375 0.0277778
0 0.37526 0.788426 0.0192708 0.037963
0 0.529427 0.644907 0.00885417 0.0157407
0 0.440365 0.6375 0.0203125 0.0453704
0 0.470052 0.691667 0.0182292 0.0222222
0 0.457031 0.672222 0.00572917 0.0185185
0 0.43125 0.644907 0.0145833 0.0472222
0 0.401823 0.637963 0.0265625 0.0351852
0 0.511458 0.647685 0.00729167 0.00833333
0 0.348958 0.781018 0.0229167 0.062037
0 0.664062 0.608333 0.0166667 0.0425926
0 0.416406 0.535185 0.0171875 0.0222222
0 0.402865 0.632407 0.0046875 0.0111111
0 0.397396 0.900926 0.015625 0.0240741
0 0.398438 0.496759 0.0114583 0.025
0 0.366146 0.447685 0.00729167 0.0305556
0 0.438802 0.506481 0.0109375 0.05
0 0.3875 0.684722 0.021875 0.0416667
0 0.436198 0.618056 0.0182292 0.0305556
0 0.404427 0.769444 0.0192708 0.0333333
0 0.583594 0.691667 0.0130208 0.0240741
0 0.411979 0.765741 0.021875 0.0444444
0 0.541667 0.804167 0.015625 0.0287037
0 0.508854 0.762963 0.00833333 0.0148148
0 0.407292 0.631481 0.00625 0.0185185
0 0.436198 0.825926 0.0015625 0.0148148
0 0.522396 0.586574 0.01875 0.0453704
0 0.46875 0.684722 0.00625 0.025
0 0.4625 0.792593 0.0135417 0.0222222
0 0.404427 0.793981 0.0130208 0.0231481
0 0.39974 0.48287 0.0151042 0.0194444
0 0.453646 0.751852 0.015625 0.0166667
0 0.3875 0.713426 0.0145833 0.0527778
0 0.500521 0.622222 0.003125 0.0277778
0 0.421094 0.645833 0.0244792 0.0268519
0 0.445833 0.740741 0.0177083 0.0185185
0 0.464063 0.6875 0.00625 0.037963
0 0.500521 0.632407 0.00729167 0.0222222
0 0.485677 0.598148 0.0161458 0.0111111
0 0.495052 0.787963 0.0015625 0.0111111
0 0.507812 0.735648 0.00208333 0.012037
0 0.382812 0.594444 0.00833333 0.0314815
0 0.492969 0.825 0.0192708 0.0277778
0 0.490365 0.601852 0.0046875 0.0166667
0 0.488021 0.665741 0.00625 0.0259259
0 0.361979 0.456019 0.00416667 0.0287037
0 0.452083 0.562963 0.0229167 0.0462963
0 0.36224 0.556944 0.0151042 0.025
0 0.4625 0.671296 0.00520833 0.0166667
0 0.478906 0.659722 0.00364583 0.0175926
0 0.473437 0.651389 0.0197917 0.0342593
0 0.523958 0.707407 0.00416667 0.0148148
0 0.348958 0.440741 0.0125 0.0240741
0 0.432813 0.753241 0.00625 0.0194444
0 0.496354 0.74213 0.0114583 0.0212963
0 0.479688 0.666204 0.009375 0.0231481
0 0.457031 0.639352 0.00677083 0.0138889
0 0.454167 0.631481 0.0239583 0.0222222
0 0.648438 0.694444 0.009375 0.0185185
0 0.417188 0.577778 0.009375 0.0185185
0 0.436979 0.697685 0.0104167 0.0212963
0 0.478906 0.623148 0.0182292 0.0166667
0 0.414844 0.847685 0.0078125 0.0212963
0 0.454167 0.727778 0.00833333 0.0148148
0 0.479167 0.874537 0.00729167 0.0287037
0 0.421094 0.727315 0.00677083 0.0287037
0 0.507552 0.687963 0.00989583 0.0203704
0 0.359115 0.585648 0.0140625 0.0324074
0 0.628385 0.699074 0.00364583 0.0148148
0 0.373958 0.469907 0.01875 0.0287037
0 0.5375 0.643519 0.0177083 0.0203704
0 0.553385 0.624537 0.00364583 0.012037
0 0.459115 0.643519 0.0119792 0.0296296
0 0.378906 0.758333 0.00364583 0.0240741
0 0.65026 0.687963 0.0140625 0.0851852
0 0.582031 0.68287 0.00885417 0.0231481
0 0.610937 0.689352 0.015625 0.0324074
0 0.495313 0.569907 0.00416667 0.0138889
0 0.536719 0.737963 0.00989583 0.0222222
0 0.422917 0.53287 0.0197917 0.062037
0 0.445573 0.558796 0.0046875 0.0157407
0 0.341667 0.439352 0.015625 0.0305556
0 0.582292 0.652315 0.00208333 0.0157407
0 0.382292 0.541667 0.0135417 0.0277778
0 0.496354 0.762963 0.009375 0.0240741
0 0.467448 0.621296 0.0119792 0.0259259
0 0.491927 0.60787 0.0119792 0.0175926
0 0.441667 0.551389 0.0177083 0.025
0 0.586719 0.652778 0.0046875 0.0203704
0 0.4 0.734722 0.009375 0.0231481
0 0.574479 0.650463 0.0125 0.0194444
0 0.6 0.70463 0.0104167 0.0203704
0 0.403906 0.764352 0.00885417 0.0268519
0 0.541667 0.765278 0.00625 0.025
0 0.441406 0.652778 0.00364583 0.0240741
0 0.357812 0.551852 0.0166667 0.0240741
0 0.353906 0.549074 0.00572917 0.0166667
0 0.608073 0.662963 0.0046875 0.0240741
0 0.371615 0.585185 0.0213542 0.0259259
0 0.518229 0.57037 0.01875 0.0611111
0 0.397917 0.562963 0.0239583 0.0333333
0 0.599219 0.697685 0.00364583 0.0138889
0 0.419792 0.875463 0.00729167 0.0287037
0 0.277865 0.274074 0.0203125 0.0203704
0 0.420833 0.83287 0.0135417 0.0305556
0 0.509896 0.592593 0.0208333 0.0425926
0 0.466667 0.689815 0.00729167 0.0314815
0 0.395833 0.623148 0.0104167 0.0185185
0 0.388802 0.883796 0.0265625 0.0657407
0 0.578125 0.683796 0.003125 0.0175926
0 0.678646 0.730556 0.0166667 0.0277778
0 0.391146 0.7125 0.00208333 0.0138889
0 0.410937 0.600926 0.0125 0.0518519
0 0.51224 0.734722 0.00260417 0.0138889
0 0.509115 0.738889 0.0046875 0.0277778
0 0.477344 0.693056 0.0078125 0.0231481
0 0.524479 0.757407 0.00520833 0.0111111
0 0.38776 0.548611 0.00260417 0.0157407
0 0.44974 0.844444 0.0109375 0.0203704
0 0.554167 0.675926 0.01875 0.0203704
0 0.608854 0.666667 0.0145833 0.0259259
0 0.38099 0.815741 0.0244792 0.0574074
0 0.341667 0.528704 0.0125 0.0574074
0 0.46224 0.593518 0.00885417 0.0185185
0 0.428646 0.692593 0.00833333 0.0185185
0 0.484635 0.718056 0.0109375 0.0305556
0 0.44974 0.727315 0.00572917 0.0212963
0 0.559115 0.658796 0.00989583 0.025
0 0.392188 0.719907 0.0104167 0.0268519
0 0.616146 0.698611 0.0104167 0.0175926
0 0.349479 0.535185 0.00520833 0.0425926
0 0.523958 0.727315 0.00104167 0.0138889
0 0.53099 0.6 0.0234375 0.05
0 0.546094 0.825463 0.00885417 0.0287037
0 0.417969 0.756481 0.0182292 0.0518519
0 0.424219 0.513426 0.00989583 0.025
0 0.498958 0.665278 0.00208333 0.0342593
0 0.446094 0.802778 0.0119792 0.0148148
0 0.404427 0.600463 0.0161458 0.0212963
0 0.4125 0.608333 0.009375 0.0203704
0 0.432813 0.804167 0.003125 0.0157407
0 0.494792 0.704167 0.021875 0.0453704
0 0.492448 0.825463 0.0234375 0.0583333
0 0.554688 0.630093 0.0145833 0.0212963
0 0.505208 0.673611 0.0208333 0.0453704
0 0.41224 0.526852 0.0182292 0.0296296
0 0.398177 0.773148 0.0203125 0.037037
0 0.345313 0.528241 0.00520833 0.0138889
0 0.591406 0.668056 0.00677083 0.0212963
0 0.388802 0.475463 0.0223958 0.0527778
0 0.427604 0.571296 0.0208333 0.0555556
0 0.409896 0.497685 0.021875 0.0453704
0 0.416146 0.728241 0.003125 0.0231481
0 0.614583 0.681481 0.0239583 0.0537037
0 0.453385 0.668981 0.0046875 0.0194444
0 0.370573 0.750463 0.00677083 0.0157407
0 0.4375 0.801389 0.00729167 0.025
0 0.501562 0.848148 0.0239583 0.0759259
0 0.428906 0.794907 0.00885417 0.0194444
0 0.383073 0.601852 0.0182292 0.0351852
0 0.500521 0.675463 0.00520833 0.0231481
0 0.470573 0.880093 0.0078125 0.0305556
0 0.504687 0.623148 0.00729167 0.0203704
0 0.6375 0.698148 0.015625 0.0222222
0 0.526042 0.710648 0.00625 0.025
0 0.58151 0.631481 0.0203125 0.0425926
0 0.460417 0.571759 0.0270833 0.0490741
0 0.479167 0.743519 0.0125 0.0481481
0 0.557813 0.650926 0.003125 0.0185185
0 0.478906 0.698148 0.0130208 0.0222222
0 0.496354 0.631481 0.00729167 0.0277778
0 0.419271 0.600463 0.0229167 0.0527778
0 0.391667 0.747685 0.00625 0.0175926
0 0.632812 0.698611 0.0114583 0.0268519
0 0.416667 0.85463 0.0177083 0.0351852
0 0.434896 0.61713 0.0229167 0.0638889
0 0.579427 0.690278 0.00677083 0.0287037
0 0.466146 0.614815 0.00416667 0.0185185
0 0.524479 0.809722 0.009375 0.025
0 0.415104 0.875926 0.0104167 0.0259259
0 0.466406 0.758796 0.0046875 0.0231481
0 0.470313 0.637963 0.00625 0.0203704
0 0.463021 0.676852 0.00833333 0.0259259
0 0.497656 0.877778 0.0244792 0.0592593
0 0.544271 0.621759 0.0239583 0.0657407
0 0.467448 0.764352 0.0119792 0.0342593
0 0.402344 0.519907 0.0213542 0.0305556
0 0.451823 0.533333 0.0213542 0.0425926
0 0.357812 0.578704 0.00729167 0.0277778
0 0.423438 0.585185 0.0239583 0.0481481
0 0.611979 0.698611 0.0104167 0.0175926
0 0.389844 0.578704 0.0223958 0.0351852
0 0.617188 0.728704 0.0145833 0.0277778
0 0.499479 0.787037 0.00416667 0.0185185
0 0.43776 0.830093 0.00677083 0.0268519
0 0.440104 0.852778 0.0208333 0.0537037
0 0.35 0.542593 0.009375 0.0296296
0 0.444271 0.772222 0.0270833 0.0444444
0 0.467969 0.592593 0.0213542 0.0462963
0 0.52526 0.778704 0.0046875 0.0277778
0 0.548177 0.690741 0.0276042 0.0537037
0 0.483333 0.7125 0.00520833 0.0212963
0 0.503385 0.718982 0.0265625 0.062037
0 0.435937 0.809259 0.021875 0.0666667
0 0.457031 0.749537 0.0234375 0.0694444
0 0.401563 0.922685 0.021875 0.0787037
0 0.448177 0.711574 0.0223958 0.0453704
0 0.364062 0.556944 0.0239583 0.0546296
0 0.377865 0.593056 0.0223958 0.0231481
0 0.464844 0.861111 0.0213542 0.0611111
0 0.366406 0.455093 0.0119792 0.0305556
0 0.510156 0.614815 0.0213542 0.0537037
0 0.410937 0.5625 0.021875 0.0453704
0 0.496354 0.673611 0.003125 0.0268519
0 0.419271 0.64537 0.025 0.0555556
0 0.423958 0.630093 0.025 0.0546296
0 0.525781 0.733333 0.00364583 0.0259259
0 0.538802 0.661111 0.0213542 0.0462963
0 0.565885 0.646759 0.0213542 0.0601852
0 0.49401 0.637037 0.0213542 0.037037
0 0.360938 0.7875 0.021875 0.0546296
0 0.397917 0.816667 0.025 0.05
0 0.480469 0.55463 0.0213542 0.0592593
0 0.477083 0.69213 0.0229167 0.0564815
0 0.442187 0.660185 0.009375 0.0296296
0 0.403385 0.683333 0.0213542 0.0777778
0 0.51875 0.615278 0.021875 0.0546296
0 0.482031 0.769444 0.0255208 0.0518519
0 0.485417 0.846759 0.021875 0.0601852
0 0.485417 0.793981 0.021875 0.0601852
0 0.405729 0.57963 0.021875 0.0574074
0 0.427083 0.548148 0.025 0.0518519
0 0.43125 0.874537 0.0229167 0.0490741
0 0.522656 0.647222 0.0223958 0.062963
0 0.494531 0.742593 0.0255208 0.0555556
0 0.501823 0.593518 0.0223958 0.0574074
0 0.397656 0.50463 0.0234375 0.0555556
0 0.360938 0.444444 0.025 0.0259259
0 0.498958 0.809259 0.025 0.0574074
0 0.438802 0.511574 0.0234375 0.0564815
0 0.472917 0.726852 0.0197917 0.0592593
0 0.472656 0.839352 0.0234375 0.0601852
0 0.564062 0.623148 0.021875 0.0555556
0 0.397396 0.483333 0.025 0.0388889
0 0.430729 0.526852 0.0239583 0.0555556
0 0.551823 0.675 0.0234375 0.0537037
0 0.347656 0.44537 0.0276042 0.0388889
0 0.536198 0.61713 0.0213542 0.0527778
0 0.595052 0.55787 0.0161458 0.0361111
0 0.364062 0.526852 0.0229167 0.0574074
0 0.510417 0.572685 0.021875 0.0601852
0 0.43099 0.652778 0.0244792 0.0648148
0 0.376563 0.787037 0.025 0.0666667
0 0.376302 0.475463 0.0255208 0.0490741
0 0.697135 0.631481 0.0234375 0.0555556
0 0.464844 0.691667 0.0265625 0.0611111
0 0.476302 0.594907 0.0223958 0.0527778
0 0.421615 0.511111 0.0203125 0.05
0 0.460417 0.816667 0.0239583 0.0592593
0 0.444271 0.594444 0.0197917 0.0722222
0 0.484635 0.593056 0.0234375 0.0509259
0 0.397656 0.548611 0.0265625 0.0416667
0 0.40651 0.632407 0.0234375 0.0703704
0 0.339583 0.535648 0.0239583 0.0638889
0 0.569271 0.674537 0.0229167 0.062037
0 0.402083 0.793981 0.025 0.0546296
0 0.402604 0.600926 0.0270833 0.0574074
0 0.419271 0.772685 0.0239583 0.062037
0 0.60599 0.666204 0.0255208 0.0583333
0 0.478125 0.749074 0.0239583 0.0555556
0 0.502083 0.563889 0.0229167 0.0592593
0 0.414323 0.534259 0.0234375 0.062963
0 0.405729 0.527778 0.0239583 0.0574074
0 0.434896 0.696759 0.0239583 0.0601852
0 0.397917 0.900926 0.028125 0.062963
0 0.339063 0.4375 0.0260417 0.0490741
0 0.439063 0.89213 0.0239583 0.0657407
0 0.535417 0.646759 0.025 0.0564815
0 0.51849 0.758333 0.0255208 0.0648148
0 0.427865 0.721759 0.0213542 0.0564815
0 0.369271 0.573611 0.0270833 0.062037
0 0.464583 0.718982 0.0239583 0.0601852
0 0.477083 0.802315 0.0229167 0.0638889
0 0.43151 0.593982 0.0234375 0.0657407
0 0.41875 0.913889 0.0239583 0.062963
0 0.51849 0.688889 0.0234375 0.0574074
0 0.460417 0.54213 0.0197917 0.0601852
0 0.573177 0.623611 0.0234375 0.0675926
0 0.436719 0.726852 0.0234375 0.0592593
0 0.35599 0.549074 0.0255208 0.0462963
0 0.50625 0.690741 0.025 0.0518519
0 0.450781 0.914352 0.0244792 0.0546296
0 0.372917 0.812037 0.0239583 0.0722222
0 0.510417 0.64537 0.0229167 0.0648148
0 0.472135 0.549074 0.0213542 0.0666667
0 0.49375 0.572685 0.0208333 0.0694444
0 0.459635 0.889352 0.0234375 0.0546296
0 0.477344 0.622685 0.0255208 0.0601852
0 0.389062 0.610185 0.0239583 0.0574074
0 0.390625 0.780556 0.0208333 0.0611111
0 0.461458 0.793981 0.0229167 0.0675926
0 0.444531 0.741204 0.0244792 0.0694444
0 0.510938 0.795833 0.0239583 0.0583333
0 0.489844 0.608333 0.0255208 0.0611111
0 0.455729 0.639352 0.0239583 0.062037
0 0.343229 0.534722 0.0260417 0.025
0 0.410417 0.809259 0.0239583 0.0592593
0 0.451823 0.601389 0.0223958 0.0583333
0 0.451562 0.669444 0.0260417 0.062963
0 0.469531 0.786111 0.0223958 0.0666667
0 0.485677 0.668981 0.0244792 0.0564815
0 0.419271 0.831481 0.025 0.0555556
0 0.432031 0.75787 0.0244792 0.0638889
0 0.507552 0.765741 0.0255208 0.0555556
0 0.573438 0.65463 0.0260417 0.0537037
0 0.415104 0.578704 0.0260417 0.0611111
0 0.452604 0.726852 0.0229167 0.0685185
0 0.439844 0.55 0.0265625 0.0611111
0 0.44375 0.801852 0.0229167 0.0759259
0 0.384635 0.550463 0.0276042 0.0601852
0 0.522917 0.710648 0.0270833 0.0638889
0 0.415365 0.85463 0.0265625 0.0648148
0 0.377344 0.720833 0.0244792 0.062037
0 0.427083 0.690278 0.0270833 0.0583333
0 0.460677 0.84537 0.0234375 0.0666667
0 0.365365 0.728704 0.0244792 0.0685185
0 0.647135 0.690741 0.0244792 0.0444444
0 0.552344 0.630556 0.0265625 0.0611111
0 0.402865 0.765278 0.0255208 0.0657407
0 0.494792 0.764815 0.025 0.0574074
0 0.676562 0.726852 0.0260417 0.0685185
0 0.477083 0.876852 0.021875 0.0611111
0 0.49401 0.629167 0.0265625 0.0694444
0 0.540365 0.802315 0.0265625 0.0657407
0 0.477865 0.661574 0.0244792 0.075
0 0.410937 0.608796 0.0260417 0.0712963
0 0.38099 0.602778 0.0265625 0.062963
0 0.615365 0.725463 0.0265625 0.0638889
0 0.448958 0.847222 0.0260417 0.0574074
0 0.36875 0.75 0.025 0.0611111
0 0.377865 0.758333 0.0276042 0.0740741
0 0.588802 0.668981 0.0265625 0.0564815
0 0.609896 0.698148 0.0270833 0.0555556
0 0.502344 0.622222 0.0255208 0.0666667
0 0.460156 0.675 0.0265625 0.0703704
0 0.55599 0.653704 0.0255208 0.0648148
0 0.469271 0.884722 0.0260417 0.0638889
0 0.398177 0.735185 0.0244792 0.0685185
0 0.539844 0.766204 0.0276042 0.0657407
0 0.542969 0.824537 0.0276042 0.0546296
0 0.597656 0.698148 0.0255208 0.0611111
0 0.63125 0.697222 0.028125 0.0537037
0 0.510677 0.735648 0.0276042 0.062037
0 0.460677 0.593982 0.0255208 0.0675926
0 0.414844 0.878241 0.0276042 0.0638889
0 0.428125 0.794907 0.0270833 0.075
0 0.575781 0.689352 0.0286458 0.0453704
0 0.389583 0.75 0.0270833 0.0611111
0 0.439063 0.660648 0.0260417 0.0564815
0 0.46901 0.638426 0.0265625 0.0601852
0 0.414323 0.72963 0.0255208 0.0666667
0 0.390365 0.713889 0.0265625 0.0685185
0 0.536198 0.736111 0.0244792 0.0666667
0 0.347396 0.543056 0.0270833 0.0712963
0 0.465365 0.75787 0.0276042 0.0657407
0 0.465104 0.616204 0.0260417 0.0694444
0 0.364323 0.45463 0.0286458 0.062963
0 0.435677 0.831481 0.0276042 0.0722222
0 0.49349 0.676389 0.0265625 0.075
0 0.523177 0.811111 0.0265625 0.0666667
0 0.356771 0.580556 0.028125 0.0611111
0 0.48125 0.713426 0.0270833 0.0712963
0 0.522656 0.735648 0.0276042 0.0675926
0 0.523177 0.77963 0.0276042 0.0685185
0 0.498698 0.786574 0.0286458 0.062037
