0 0.708333 0.748611 0.00729167 0.025
0 0.800521 0.733796 0.0385417 0.0231481
0 0.701302 0.718518 0.0130208 0.0481481
0 0.766146 0.773611 0.025 0.025
0 0.479427 0.593518 0.0151042 0.0203704
0 0.665885 0.721296 0.0119792 0.0222222
0 0.790365 0.54213 0.0161458 0.0490741
0 0.791406 0.786574 0.0109375 0.0268519
0 0.616667 0.564815 0.0208333 0.012963
0 0.673698 0.630093 0.0171875 0.0564815
0 0.557813 0.541667 0.0145833 0.0148148
0 0.803646 0.74213 0.0177083 0.0101852
0 0.528646 0.743981 0.009375 0.0138889
0 0.550521 0.593982 0.0125 0.0324074
0 0.544792 0.4625 0.015625 0.0416667
0 0.771094 0.565278 0.0296875 0.0194444
0 0.52474 0.79537 0.00677083 0.0148148
0 0.591667 0.556481 0.0208333 0.0203704
0 0.779167 0.505093 0.00520833 0.0231481
0 0.645833 0.489352 0.0260417 0.0194444
0 0.803125 0.668519 0.0104167 0.0462963
0 0.48125 0.741667 0.015625 0.0462963
0 0.528906 0.636574 0.00989583 0.0231481
0 0.661979 0.781944 0.009375 0.0231481
0 0.625521 0.754167 0.0166667 0.0287037
0 0.571354 0.718518 0.00625 0.0240741
0 0.625 0.57037 0.0260417 0.0240741
0 0.591146 0.468056 0.0333333 0.0324074
0 0.507292 0.447222 0.0166667 0.0240741
0 0.719792 0.551852 0.01875 0.0314815
0 0.521094 0.5125 0.0109375 0.0175926
0 0.541406 0.555093 0.0171875 0.0287037
0 0.50026 0.737037 0.0161458 0.0314815
0 0.658073 0.718056 0.0234375 0.0231481
0 0.521094 0.519907 0.0213542 0.0175926
0 0.466927 0.540741 0.0307292 0.0203704
0 0.740885 0.599537 0.0109375 0.0231481
0 0.508854 0.366204 0.009375 0.0527778
0 0.429427 0.536574 0.0161458 0.0175926
0 0.828646 0.735185 0.0166667 0.0166667
0 0.732292 0.815741 0.00625 0.0222222
0 0.479688 0.600463 0.0197917 0.0194444
0 0.740104 0.514352 0.0145833 0.0453704
0 0.478646 0.712037 0.00625 0.0203704
0 0.703906 0.606944 0.0296875 0.0175926
0 0.320052 0.788889 0.0078125 0.0111111
0 0.682552 0.717593 0.00677083 0.0203704
0 0.733594 0.5125 0.0234375 0.0231481
0 0.416146 0.625 0.0177083 0.012963
0 0.729688 0.578704 0.0260417 0.0185185
0 0.395312 0.611574 0.01875 0.0361111
0 0.760938 0.912963 0.015625 0.0240741
0 0.683073 0.762037 0.0203125 0.0277778
0 0.796354 0.563889 0.0291667 0.037037
0 0.708854 0.577778 0.0364583 0.0351852
0 0.54974 0.698611 0.0192708 0.0157407
0 0.540885 0.763889 0.0151042 0.0111111
0 0.51224 0.803704 0.0109375 0.0111111
0 0.689062 0.473148 0.015625 0.05
0 0.311979 0.784259 0.0177083 0.0166667
0 0.508594 0.748611 0.0213542 0.0157407
0 0.667448 0.55 0.0151042 0.0222222
0 0.332292 0.793056 0.009375 0.0194444
0 0.76224 0.699074 0.0046875 0.0185185
0 0.754167 0.788426 0.0166667 0.012037
0 0.458594 0.483333 0.0276042 0.0203704
0 0.645312 0.806944 0.009375 0.0268519
0 0.413802 0.556481 0.0109375 0.0444444
0 0.503646 0.571759 0.0197917 0.0157407
0 0.486979 0.556944 0.01875 0.0157407
0 0.708594 0.690741 0.0223958 0.0185185
0 0.328646 0.908333 0.0270833 0.0185185
0 0.727865 0.731944 0.0119792 0.0435185
0 0.707292 0.664352 0.00520833 0.0157407
0 0.816667 0.733796 0.0270833 0.0268519
0 0.636979 0.571296 0.0177083 0.0203704
0 0.675 0.518056 0.0270833 0.0268519
0 0.686979 0.513426 0.00625 0.0175926
0 0.579167 0.646759 0.0104167 0.0435185
0 0.532552 0.6375 0.0109375 0.0175926
0 0.533333 0.587037 0.0114583 0.0296296
0 0.767187 0.703241 0.0229167 0.025
0 0.529167 0.751389 0.021875 0.0157407
0 0.508073 0.667593 0.0223958 0.0111111
0 0.545313 0.555556 0.015625 0.0166667
0 0.546615 0.678704 0.00885417 0.0166667
0 0.608073 0.549537 0.0213542 0.0268519
0 0.654688 0.571296 0.0104167 0.0240741
0 0.545573 0.512037 0.0463542 0.0425926
0 0.329167 0.803704 0.00729167 0.0259259
0 0.582292 0.793519 0.0125 0.0296296
0 0.53125 0.608796 0.021875 0.0453704
0 0.446354 0.660648 0.0197917 0.025
0 0.475 0.65463 0.00833333 0.0203704
0 0.399219 0.610185 0.0192708 0.012963
0 0.686979 0.631944 0.0208333 0.0157407
0 0.745313 0.601389 0.0135417 0.0157407
0 0.532292 0.468981 0.0135417 0.0287037
0 0.516667 0.734722 0.025 0.0175926
0 0.560417 0.741667 0.01875 0.0296296
0 0.754687 0.584722 0.0270833 0.0287037
0 0.738281 0.724074 0.0182292 0.0240741
0 0.621094 0.506481 0.00572917 0.00925926
0 0.7375 0.755093 0.0125 0.0268519
0 0.477083 0.630093 0.015625 0.0435185
0 0.450781 0.755093 0.0296875 0.025
0 0.708073 0.474074 0.0213542 0.0203704
0 0.490885 0.539815 0.0119792 0.0240741
0 0.495052 0.647685 0.0078125 0.0194444
0 0.653646 0.648611 0.0177083 0.0194444
0 0.703906 0.80787 0.0151042 0.0138889
0 0.654688 0.631481 0.0135417 0.0296296
0 0.686719 0.489815 0.0296875 0.0259259
0 0.223177 0.777778 0.0140625 0.0425926
0 0.723177 0.468981 0.0109375 0.0490741
0 0.391667 0.771759 0.0145833 0.0490741
0 0.603906 0.800463 0.0182292 0.0194444
0 0.698698 0.510185 0.0161458 0.0592593
0 0.73724 0.713426 0.0109375 0.0472222
0 0.788542 0.688426 0.00833333 0.0287037
0 0.483854 0.718982 0.0135417 0.025
0 0.658073 0.548148 0.0078125 0.0333333
0 0.490885 0.625 0.0140625 0.0222222
0 0.666927 0.805556 0.0151042 0.0314815
0 0.604688 0.740741 0.0125 0.0166667
0 0.6625 0.601389 0.0125 0.0157407
0 0.7 0.713889 0.025 0.0185185
0 0.545313 0.50463 0.0145833 0.0240741
0 0.783073 0.705093 0.0130208 0.0231481
0 0.491667 0.610185 0.0135417 0.0203704
0 0.654688 0.466667 0.021875 0.0240741
0 0.611719 0.453704 0.0171875 0.0185185
0 0.565885 0.45463 0.0046875 0.0203704
0 0.36276 0.593518 0.0203125 0.0203704
0 0.49974 0.520833 0.0140625 0.0453704
0 0.658594 0.787037 0.0119792 0.0148148
0 0.67526 0.712037 0.0244792 0.0185185
0 0.736979 0.608796 0.015625 0.012037
0 0.570833 0.511574 0.015625 0.0175926
0 0.408333 0.643519 0.0260417 0.0296296
0 0.460156 0.513889 0.0171875 0.0407407
0 0.525521 0.596759 0.0104167 0.012037
0 0.641667 0.461111 0.025 0.0314815
0 0.736979 0.548611 0.01875 0.0305556
0 0.704687 0.55 0.0197917 0.0222222
0 0.582812 0.492593 0.015625 0.0259259
0 0.4625 0.793056 0.0177083 0.0138889
0 0.546094 0.704167 0.0255208 0.0194444
0 0.53724 0.5875 0.0015625 0.0138889
0 0.78724 0.793981 0.0130208 0.0231481
0 0.39974 0.54213 0.0203125 0.0212963
0 0.589844 0.780093 0.0151042 0.0398148
0 0.411979 0.50463 0.0270833 0.0185185
0 0.336979 0.577778 0.0104167 0.0185185
0 0.383073 0.533796 0.0046875 0.0268519
0 0.671354 0.691204 0.0114583 0.0175926
0 0.6875 0.799537 0.0135417 0.0305556
0 0.583594 0.564815 0.0140625 0.0203704
0 0.711198 0.63287 0.00572917 0.0194444
0 0.420833 0.499074 0.025 0.0222222
0 0.5375 0.784722 0.00729167 0.0287037
0 0.466146 0.506019 0.01875 0.0157407
0 0.648958 0.75787 0.0104167 0.0212963
0 0.653646 0.781018 0.0114583 0.0416667
0 0.670833 0.60787 0.0114583 0.0175926
0 0.629687 0.800463 0.0197917 0.0231481
0 0.588021 0.527315 0.0208333 0.0287037
0 0.723698 0.584722 0.00885417 0.0305556
0 0.825 0.741204 0.015625 0.0175926
0 0.458333 0.505093 0.015625 0.0157407
0 0.533073 0.475926 0.0203125 0.0203704
0 0.486979 0.652315 0.00520833 0.0194444
0 0.325 0.580093 0.00625 0.0175926
0 0.521094 0.557407 0.0119792 0.0148148
0 0.715365 0.699074 0.0182292 0.0425926
0 0.73724 0.484259 0.0203125 0.0259259
0 0.311979 0.75463 0.00625 0.0222222
0 0.595833 0.62963 0.0135417 0.0259259
0 0.782552 0.699537 0.00572917 0.0157407
0 0.458333 0.735185 0.025 0.0185185
0 0.465885 0.581019 0.0182292 0.0268519
0 0.746094 0.79213 0.0171875 0.0194444
0 0.449219 0.751852 0.0140625 0.0111111
0 0.441406 0.715741 0.0078125 0.0148148
0 0.470313 0.811111 0.0239583 0.0351852
0 0.526042 0.540278 0.021875 0.0305556
0 0.578646 0.556481 0.00729167 0.0240741
0 0.623958 0.481481 0.0104167 0.0222222
0 0.775 0.757407 0.0135417 0.0203704
0 0.753385 0.600926 0.0244792 0.0203704
0 0.494792 0.491204 0.0166667 0.0324074
0 0.724219 0.733796 0.0078125 0.0268519
0 0.790885 0.660185 0.0109375 0.0666667
0 0.577083 0.814815 0.0177083 0.0518519
0 0.474219 0.446296 0.0119792 0.0296296
0 0.35 0.74213 0.0104167 0.0287037
0 0.654167 0.7875 0.0114583 0.0138889
0 0.635417 0.800926 0.0125 0.0277778
0 0.716667 0.726852 0.028125 0.0259259
0 0.691667 0.578704 0.00520833 0.0166667
0 0.461458 0.468981 0.01875 0.0287037
0 0.507292 0.742593 0.0135417 0.012963
0 0.6625 0.556481 0.0197917 0.0259259
0 0.578385 0.884722 0.0151042 0.0175926
0 0.341146 0.771759 0.0208333 0.0231481
0 0.610677 0.801852 0.0182292 0.0518519
0 0.565104 0.559259 0.0197917 0.0481481
0 0.611979 0.5875 0.0177083 0.0175926
0 0.473698 0.485185 0.00364583 0.0185185
0 0.658333 0.710185 0.0135417 0.0277778
0 0.607552 0.518981 0.0161458 0.037963
0 0.604167 0.792593 0.0114583 0.0203704
0 0.583073 0.689815 0.0119792 0.0296296
0 0.541406 0.631944 0.00885417 0.025
0 0.407813 0.636574 0.0166667 0.0268519
0 0.55 0.659259 0.0229167 0.0185185
0 0.53724 0.562963 0.0203125 0.0203704
0 0.699479 0.706019 0.00729167 0.0157407
0 0.71276 0.615741 0.0234375 0.0203704
0 0.561198 0.618519 0.0223958 0.0333333
0 0.76224 0.585648 0.0161458 0.0175926
0 0.560938 0.548611 0.0125 0.0731481
0 0.36224 0.811574 0.0119792 0.025
0 0.507812 0.803704 0.0135417 0.0222222
0 0.451302 0.459722 0.0182292 0.037963
0 0.745313 0.7125 0.00833333 0.0231481
0 0.416927 0.541204 0.0296875 0.0287037
0 0.658073 0.565278 0.00572917 0.0138889
0 0.43099 0.496296 0.0130208 0.0407407
0 0.507552 0.525926 0.0151042 0.0296296
0 0.515365 0.491667 0.0119792 0.012963
0 0.433333 0.49213 0.021875 0.0194444
0 0.574479 0.711574 0.003125 0.0138889
0 0.458594 0.555556 0.0182292 0.0259259
0 0.62474 0.70787 0.0046875 0.0212963
0 0.511198 0.475 0.0130208 0.0444444
0 0.578125 0.526852 0.015625 0.0481481
0 0.299219 0.755556 0.00572917 0.0259259
0 0.674219 0.475 0.0234375 0.0259259
0 0.445573 0.779167 0.0255208 0.0194444
0 0.486979 0.490741 0.01875 0.0259259
0 0.669792 0.75787 0.00625 0.0361111
0 0.404687 0.540741 0.0239583 0.0314815
0 0.383073 0.616204 0.0130208 0.0194444
0 0.457552 0.477315 0.0161458 0.0157407
0 0.816146 0.726852 0.0125 0.0314815
0 0.504167 0.496759 0.025 0.0212963
0 0.50651 0.556944 0.0140625 0.0361111
0 0.620313 0.637963 0.00729167 0.0222222
0 0.738021 0.772685 0.00729167 0.0231481
0 0.361719 0.804167 0.0109375 0.0175926
0 0.502604 0.535185 0.01875 0.0388889
0 0.60026 0.564815 0.0244792 0.0259259
0 0.683073 0.756019 0.0140625 0.0231481
0 0.361458 0.559722 0.00520833 0.0194444
0 0.671354 0.577315 0.0208333 0.025
0 0.749219 0.726852 0.00260417 0.0166667
0 0.599219 0.737037 0.00572917 0.0148148
0 0.666927 0.691667 0.0109375 0.0203704
0 0.745573 0.784259 0.00885417 0.0203704
0 0.65026 0.615741 0.00989583 0.0185185
0 0.670573 0.473611 0.0109375 0.0212963
0 0.433333 0.607407 0.0114583 0.0240741
0 0.703906 0.541204 0.0119792 0.0212963
0 0.420573 0.764815 0.0140625 0.0296296
0 0.7375 0.527315 0.0208333 0.025
0 0.561979 0.511111 0.00520833 0.0148148
0 0.457812 0.600463 0.025 0.0268519
0 0.490625 0.580556 0.0208333 0.0425926
0 0.683073 0.563889 0.00885417 0.0166667
0 0.341927 0.584722 0.0192708 0.0268519
0 0.695312 0.606481 0.0166667 0.0203704
0 0.257812 0.751852 0.003125 0.00925926
0 0.466667 0.615741 0.0208333 0.0259259
0 0.765885 0.548148 0.0140625 0.0259259
0 0.541406 0.475926 0.0161458 0.0166667
0 0.791406 0.72037 0.0109375 0.00925926
0 0.592188 0.637963 0.01875 0.0240741
0 0.499479 0.529167 0.009375 0.0268519
0 0.617969 0.510185 0.0151042 0.0444444
0 0.486719 0.779167 0.0328125 0.0342593
0 0.466406 0.609259 0.0109375 0.0296296
0 0.621094 0.800463 0.0192708 0.0194444
0 0.632812 0.796296 0.009375 0.0277778
0 0.529167 0.803704 0.015625 0.0166667
0 0.716927 0.640741 0.0078125 0.0148148
0 0.746094 0.608333 0.0234375 0.0222222
0 0.65026 0.816667 0.0151042 0.0185185
0 0.533854 0.519444 0.0208333 0.0296296
0 0.488281 0.527315 0.0203125 0.0342593
0 0.683594 0.726852 0.00885417 0.0222222
0 0.591667 0.631481 0.0114583 0.0185185
0 0.628385 0.578704 0.00364583 0.0259259
0 0.78099 0.526389 0.0182292 0.0435185
0 0.377083 0.626389 0.01875 0.0453704
0 0.341406 0.578241 0.0130208 0.0268519
0 0.696094 0.80787 0.0161458 0.0212963
0 0.753646 0.75787 0.0135417 0.0175926
0 0.520833 0.764815 0.0197917 0.0185185
0 0.73724 0.571296 0.0151042 0.0185185
0 0.791927 0.793056 0.0109375 0.0787037
0 0.570312 0.786574 0.0135417 0.025
0 0.695312 0.691204 0.0239583 0.025
0 0.416667 0.756944 0.0114583 0.0398148
0 0.695052 0.684722 0.0078125 0.025
0 0.716927 0.481944 0.0286458 0.025
0 0.586198 0.565741 0.0140625 0.0481481
0 0.457812 0.771296 0.015625 0.0203704
0 0.783333 0.685648 0.003125 0.0175926
0 0.545573 0.593518 0.0140625 0.0148148
0 0.520573 0.625463 0.00572917 0.012037
0 0.408594 0.533796 0.0192708 0.0231481
0 0.583073 0.65463 0.0119792 0.0166667
0 0.51224 0.609722 0.0286458 0.0287037
0 0.500521 0.681481 0.015625 0.0259259
0 0.68724 0.719907 0.00572917 0.0175926
0 0.566927 0.668981 0.0213542 0.0287037
0 0.483854 0.565278 0.015625 0.025
0 0.811719 0.75 0.00885417 0.0611111
0 0.528646 0.513889 0.01875 0.0240741
0 0.603906 0.630556 0.0234375 0.0240741
0 0.66224 0.751852 0.0171875 0.0444444
0 0.409635 0.597685 0.0140625 0.0842593
0 0.753385 0.750463 0.00677083 0.0157407
0 0.516927 0.556019 0.00989583 0.0157407
0 0.434896 0.633333 0.015625 0.0481481
0 0.307552 0.756019 0.00364583 0.0175926
0 0.516406 0.483796 0.00885417 0.0453704
0 0.68151 0.809259 0.0182292 0.0351852
0 0.791667 0.549074 0.0333333 0.037037
0 0.749479 0.477315 0.009375 0.062037
0 0.428125 0.766667 0.01875 0.0462963
0 0.573177 0.441204 0.0161458 0.0287037
0 0.396354 0.578704 0.021875 0.0296296
0 0.703125 0.801389 0.00729167 0.0138889
0 0.495833 0.550463 0.0229167 0.0175926
0 0.666927 0.519907 0.0182292 0.025
0 0.541927 0.794444 0.0182292 0.0203704
0 0.745833 0.719444 0.015625 0.0240741
0 0.508594 0.533333 0.0223958 0.0277778
0 0.6875 0.599537 0.0104167 0.0194444
0 0.570573 0.57963 0.0078125 0.0222222
0 0.486979 0.521759 0.0166667 0.0175926
0 0.786979 0.786574 0.00729167 0.0305556
0 0.641927 0.815741 0.0171875 0.0240741
0 0.716146 0.474074 0.01875 0.0277778
0 0.407292 0.608333 0.0239583 0.0555556
0 0.691146 0.513426 0.0114583 0.0175926
0 0.485677 0.615278 0.0182292 0.0212963
0 0.553646 0.752778 0.0145833 0.0185185
0 0.592969 0.466204 0.0151042 0.0768519
0 0.491927 0.594907 0.00885417 0.0138889
0 0.707292 0.52963 0.00729167 0.0240741
0 0.236979 0.778241 0.009375 0.0194444
0 0.541667 0.636574 0.021875 0.0194444
0 0.503125 0.616204 0.0125 0.0287037
0 0.66224 0.81713 0.0140625 0.012037
0 0.57474 0.718518 0.00989583 0.0148148
0 0.476302 0.510648 0.0171875 0.0768519
0 0.59974 0.506944 0.00677083 0.0138889
0 0.470833 0.652315 0.0270833 0.0194444
0 0.770573 0.719444 0.0130208 0.0166667
0 0.566406 0.749537 0.00364583 0.012037
0 0.479948 0.659259 0.0213542 0.0240741
0 0.399479 0.602315 0.0125 0.0194444
0 0.47474 0.505556 0.0119792 0.0277778
0 0.673958 0.596296 0.015625 0.0425926
0 0.482292 0.500463 0.0125 0.0435185
0 0.778906 0.572685 0.0234375 0.025
0 0.449479 0.602778 0.028125 0.0351852
0 0.678906 0.592593 0.0244792 0.0240741
0 0.683333 0.475926 0.009375 0.0240741
0 0.628906 0.506019 0.0109375 0.0231481
0 0.716667 0.599537 0.0177083 0.0231481
0 0.559375 0.630093 0.0229167 0.0324074
0 0.728646 0.74213 0.009375 0.0138889
0 0.81224 0.706944 0.0109375 0.075
0 0.383594 0.577778 0.00885417 0.0296296
0 0.552865 0.745833 0.00572917 0.00648148
0 0.438281 0.72037 0.0109375 0.0259259
0 0.408073 0.601852 0.0192708 0.0222222
0 0.695833 0.615741 0.0197917 0.0222222
0 0.644531 0.563889 0.0161458 0.0481481
0 0.561979 0.469444 0.00416667 0.0240741
0 0.753906 0.578241 0.0192708 0.0194444
0 0.324219 0.786574 0.0109375 0.0175926
0 0.691406 0.521296 0.0213542 0.0259259
0 0.603125 0.480093 0.0104167 0.0509259
0 0.3625 0.576389 0.0208333 0.0212963
0 0.79974 0.728241 0.0109375 0.012037
0 0.725 0.474074 0.028125 0.037037
0 0.57474 0.474537 0.0161458 0.0175926
0 0.725 0.743981 0.00729167 0.0157407
0 0.433594 0.57963 0.0265625 0.0259259
0 0.220052 0.789815 0.0046875 0.0148148
0 0.383594 0.542593 0.0130208 0.0222222
0 0.678906 0.562963 0.00885417 0.012963
0 0.445833 0.548611 0.0177083 0.0231481
0 0.490365 0.70463 0.0046875 0.0185185
0 0.564844 0.758333 0.0244792 0.0351852
0 0.436979 0.772222 0.0166667 0.0222222
0 0.507292 0.675926 0.0197917 0.0481481
0 0.395312 0.772685 0.0104167 0.0212963
0 0.6 0.513426 0.01875 0.0212963
0 0.56276 0.651389 0.0161458 0.0212963
0 0.560417 0.787037 0.0166667 0.0425926
0 0.46224 0.648148 0.0276042 0.0185185
0 0.753646 0.668981 0.00625 0.0212963
0 0.654427 0.763889 0.0151042 0.0185185
0 0.54974 0.519444 0.0213542 0.0203704
0 0.640625 0.807407 0.009375 0.0222222
0 0.628125 0.625926 0.00520833 0.0240741
0 0.499479 0.4625 0.0177083 0.0435185
0 0.653646 0.563889 0.00416667 0.0148148
0 0.706771 0.718518 0.0197917 0.0555556
0 0.475 0.718518 0.0104167 0.0222222
0 0.554688 0.591667 0.0114583 0.0259259
0 0.503385 0.489815 0.0119792 0.0518519
0 0.628906 0.795833 0.00989583 0.0212963
0 0.225781 0.794444 0.0151042 0.0240741
0 0.679427 0.79213 0.0109375 0.025
0 0.566927 0.615741 0.00989583 0.0203704
0 0.549479 0.623148 0.00833333 0.0259259
0 0.361979 0.613889 0.0104167 0.0185185
0 0.695573 0.519907 0.0046875 0.012037
0 0.67474 0.70463 0.0161458 0.0203704
0 0.707812 0.571759 0.01875 0.0268519
0 0.4875 0.659722 0.0145833 0.0194444
0 0.80599 0.739352 0.0171875 0.0805556
0 0.783333 0.548611 0.0229167 0.025
0 0.558854 0.47037 0.0145833 0.0481481
0 0.741667 0.771759 0.0125 0.0157407
0 0.678906 0.475926 0.00572917 0.0185185
0 0.581771 0.883796 0.0177083 0.0287037
0 0.629167 0.7125 0.01875 0.0324074
0 0.699479 0.541667 0.0104167 0.0240741
0 0.764583 0.517593 0.015625 0.0518519
0 0.448177 0.519444 0.0192708 0.0518519
0 0.465885 0.726389 0.0046875 0.0305556
0 0.59375 0.526389 0.0145833 0.0657407
0 0.670313 0.569444 0.00833333 0.012963
0 0.478385 0.452315 0.0182292 0.0268519
0 0.811719 0.758333 0.0109375 0.0166667
0 0.588542 0.801389 0.0166667 0.0490741
0 0.721094 0.691204 0.0109375 0.0342593
0 0.620573 0.645833 0.0109375 0.0212963
0 0.560677 0.5875 0.0182292 0.0527778
0 0.553646 0.5875 0.00520833 0.0157407
0 0.510677 0.570833 0.0203125 0.0435185
0 0.374219 0.75787 0.0182292 0.025
0 0.645052 0.609259 0.00364583 0.0185185
0 0.47526 0.5125 0.0213542 0.025
0 0.654167 0.459259 0.0114583 0.0222222
0 0.382552 0.750926 0.00572917 0.0259259
0 0.324479 0.748611 0.00208333 0.0287037
0 0.345052 0.75787 0.0151042 0.0212963
0 0.553385 0.551852 0.00364583 0.0148148
0 0.52474 0.535185 0.0119792 0.0148148
0 0.586458 0.741204 0.01875 0.0546296
0 0.571354 0.556019 0.01875 0.025
0 0.44401 0.771296 0.0109375 0.0592593
0 0.541146 0.514352 0.0197917 0.0453704
0 0.686979 0.592593 0.00416667 0.0148148
0 0.483073 0.462037 0.0171875 0.0277778
0 0.496094 0.778241 0.0161458 0.0268519
0 0.508854 0.608333 0.009375 0.0407407
0 0.395833 0.548611 0.0104167 0.0157407
0 0.546094 0.588426 0.0151042 0.0712963
0 0.761979 0.726852 0.00416667 0.0203704
0 0.664844 0.460185 0.0140625 0.05
0 0.56224 0.733333 0.0078125 0.0166667
0 0.485417 0.625926 0.015625 0.0259259
0 0.29974 0.7625 0.0140625 0.0324074
0 0.496875 0.586111 0.0145833 0.0333333
0 0.673177 0.541667 0.0192708 0.0481481
0 0.478906 0.653241 0.0130208 0.0175926
0 0.224219 0.789815 0.0078125 0.0203704
0 0.653385 0.489815 0.0161458 0.0407407
0 0.329427 0.586111 0.0130208 0.0259259
0 0.570573 0.747685 0.0078125 0.0175926
0 0.728646 0.76713 0.0208333 0.0361111
0 0.507812 0.600463 0.00520833 0.0212963
0 0.598958 0.439352 0.0166667 0.0342593
0 0.570573 0.549537 0.00989583 0.0157407
0 0.495052 0.705093 0.0046875 0.012037
0 0.641406 0.709722 0.0203125 0.0231481
0 0.730729 0.526852 0.0145833 0.0462963
0 0.533594 0.498148 0.0192708 0.0203704
0 0.528125 0.793056 0.00729167 0.0231481
0 0.653385 0.601852 0.0192708 0.0592593
0 0.740885 0.7625 0.00677083 0.0194444
0 0.486719 0.587037 0.00260417 0.0203704
0 0.491927 0.681481 0.0161458 0.0185185
0 0.666667 0.755093 0.0145833 0.025
0 0.505469 0.718982 0.0171875 0.0490741
0 0.232292 0.781944 0.0208333 0.0361111
0 0.719531 0.735185 0.0171875 0.0388889
0 0.58724 0.521296 0.0140625 0.0240741
0 0.66224 0.513426 0.0046875 0.0175926
0 0.258073 0.787963 0.0182292 0.0333333
0 0.579167 0.563426 0.0114583 0.0175926
0 0.483073 0.7125 0.0078125 0.0175926
0 0.541927 0.683333 0.0130208 0.0203704
0 0.688021 0.518519 0.009375 0.0277778
0 0.348177 0.77037 0.0223958 0.0537037
0 0.658073 0.490278 0.00677083 0.0212963
0 0.445052 0.653704 0.0109375 0.0277778
0 0.263281 0.754167 0.00677083 0.0287037
0 0.620052 0.794444 0.00572917 0.0240741
0 0.73724 0.718518 0.00989583 0.0148148
0 0.295312 0.7625 0.009375 0.0342593
0 0.745833 0.735185 0.00208333 0.012963
0 0.71224 0.52037 0.0161458 0.0222222
0 0.504167 0.466667 0.0197917 0.0296296
0 0.753906 0.675 0.0161458 0.0259259
0 0.439323 0.533796 0.0151042 0.0527778
0 0.495052 0.772222 0.0078125 0.0166667
0 0.49974 0.648148 0.0130208 0.0166667
0 0.533333 0.594444 0.003125 0.0185185
0 0.308854 0.761574 0.00833333 0.0231481
0 0.466146 0.734722 0.0135417 0.0305556
0 0.604167 0.490278 0.0125 0.0138889
0 0.517187 0.666667 0.0125 0.0203704
0 0.471615 0.564815 0.0119792 0.0166667
0 0.81224 0.712037 0.00885417 0.012963
0 0.7375 0.824537 0.009375 0.0157407
0 0.596094 0.507407 0.0130208 0.0351852
0 0.422135 0.771296 0.0203125 0.0611111
0 0.560677 0.770833 0.0213542 0.0509259
0 0.516406 0.657407 0.0078125 0.0259259
0 0.336458 0.780556 0.0145833 0.0296296
0 0.566667 0.587037 0.025 0.0203704
0 0.496354 0.7125 0.0125 0.025
0 0.548437 0.746296 0.00416667 0.0111111
0 0.695573 0.556944 0.0140625 0.0194444
0 0.62474 0.748611 0.00989583 0.0157407
0 0.5625 0.52037 0.0125 0.0185185
0 0.436979 0.714815 0.00729167 0.0203704
0 0.383854 0.585648 0.0135417 0.0287037
0 0.708594 0.534722 0.0182292 0.0268519
0 0.463802 0.579167 0.0182292 0.0583333
0 0.579687 0.696759 0.0166667 0.0305556
0 0.566667 0.458333 0.0177083 0.0259259
0 0.527344 0.563426 0.0182292 0.0564815
0 0.578646 0.689815 0.00833333 0.0333333
0 0.49974 0.674074 0.00885417 0.0203704
0 0.7125 0.640741 0.009375 0.0185185
0 0.561719 0.689815 0.00572917 0.0185185
0 0.611979 0.519444 0.00625 0.0185185
0 0.803906 0.678241 0.0203125 0.0212963
0 0.595573 0.781018 0.0171875 0.0287037
0 0.475 0.807407 0.0125 0.0259259
0 0.354167 0.738426 0.00520833 0.0212963
0 0.661719 0.80787 0.00989583 0.0287037
0 0.604167 0.735648 0.009375 0.0157407
0 0.740885 0.796759 0.0192708 0.0398148
0 0.376042 0.556019 0.0125 0.0212963
0 0.554167 0.557407 0.0145833 0.0203704
0 0.558073 0.624537 0.0151042 0.0194444
0 0.757292 0.736111 0.0166667 0.0444444
0 0.724479 0.54213 0.0166667 0.0324074
0 0.629948 0.511111 0.0171875 0.0314815
0 0.495313 0.735185 0.0125 0.0259259
0 0.383073 0.757407 0.0213542 0.0333333
0 0.576563 0.543056 0.0177083 0.0398148
0 0.665885 0.751852 0.00572917 0.0166667
0 0.645573 0.748148 0.00572917 0.0277778
0 0.361979 0.569907 0.009375 0.0175926
0 0.560417 0.725926 0.0145833 0.0351852
0 0.669271 0.800463 0.015625 0.0564815
0 0.649219 0.60787 0.0046875 0.0138889
0 0.373437 0.764352 0.025 0.0472222
0 0.366146 0.559259 0.00520833 0.012963
0 0.414583 0.652315 0.0197917 0.0564815
0 0.716406 0.591204 0.0109375 0.0342593
0 0.78125 0.747685 0.0197917 0.0564815
0 0.66276 0.549074 0.00885417 0.0296296
0 0.640885 0.706019 0.00677083 0.0287037
0 0.41224 0.580093 0.0130208 0.0212963
0 0.328646 0.580093 0.00625 0.0212963
0 0.628906 0.585648 0.0119792 0.0175926
0 0.641667 0.52037 0.0145833 0.0259259
0 0.613281 0.525926 0.0151042 0.0296296
0 0.558333 0.490278 0.009375 0.025
0 0.72474 0.592593 0.0182292 0.0351852
0 0.395573 0.573148 0.0119792 0.0259259
0 0.682552 0.633333 0.0171875 0.0407407
0 0.711979 0.663426 0.00625 0.012037
0 0.713021 0.680556 0.0197917 0.0277778
0 0.354688 0.74213 0.0114583 0.0287037
0 0.363802 0.807407 0.00989583 0.062963
0 0.4875 0.608796 0.0125 0.0268519
0 0.503906 0.460648 0.0119792 0.0287037
0 0.625521 0.488889 0.0166667 0.0277778
0 0.786979 0.68287 0.00520833 0.0138889
0 0.693229 0.631019 0.015625 0.0583333
0 0.777604 0.719907 0.01875 0.062037
0 0.475781 0.490741 0.0151042 0.0277778
0 0.72474 0.694907 0.00677083 0.0194444
0 0.517448 0.629167 0.0151042 0.0324074
0 0.244792 0.780556 0.0208333 0.0481481
0 0.367708 0.562963 0.0145833 0.0351852
0 0.629167 0.63287 0.0135417 0.0342593
0 0.733073 0.755556 0.00677083 0.0240741
0 0.653125 0.756019 0.00833333 0.012037
0 0.566406 0.580556 0.0151042 0.0759259
0 0.791667 0.668981 0.0104167 0.0194444
0 0.474219 0.799537 0.00677083 0.0212963
0 0.57526 0.581019 0.0109375 0.0175926
0 0.733594 0.823611 0.00572917 0.0212963
0 0.56276 0.474537 0.0130208 0.0212963
0 0.75625 0.467593 0.0197917 0.0518519
0 0.532812 0.539815 0.00833333 0.0203704
0 0.75 0.733796 0.00520833 0.0157407
0 0.733333 0.763426 0.0135417 0.0287037
0 0.766667 0.697222 0.00833333 0.0203704
0 0.55026 0.630556 0.0192708 0.0296296
0 0.778906 0.513889 0.0140625 0.0240741
0 0.501302 0.571296 0.0192708 0.0574074
0 0.4 0.644907 0.0145833 0.0212963
0 0.645573 0.593056 0.0078125 0.025
0 0.26224 0.749537 0.00364583 0.0138889
0 0.75 0.481944 0.01875 0.0287037
0 0.395573 0.780093 0.0192708 0.0287037
0 0.73151 0.511574 0.0203125 0.0583333
0 0.628385 0.707407 0.00572917 0.0296296
0 0.649479 0.807407 0.00729167 0.0203704
0 0.425521 0.533796 0.0114583 0.0287037
0 0.533333 0.669444 0.0104167 0.0166667
0 0.457031 0.728241 0.0203125 0.0472222
0 0.488021 0.593518 0.00833333 0.0203704
0 0.46849 0.555556 0.0109375 0.0592593
0 0.469531 0.506481 0.0171875 0.0518519
0 0.55026 0.550926 0.0140625 0.0407407
0 0.333073 0.802315 0.0130208 0.0212963
0 0.453125 0.640278 0.015625 0.0601852
0 0.5625 0.697222 0.00833333 0.0222222
0 0.440104 0.483796 0.0197917 0.0527778
0 0.666406 0.512037 0.00677083 0.0185185
0 0.7625 0.733333 0.0145833 0.0203704
0 0.548177 0.793981 0.0223958 0.0546296
0 0.477865 0.540278 0.0203125 0.0638889
0 0.515885 0.624074 0.00572917 0.0203704
0 0.65651 0.628704 0.0192708 0.05
0 0.658333 0.497685 0.0145833 0.0342593
0 0.727604 0.490741 0.0166667 0.0703704
0 0.75599 0.505556 0.0182292 0.0666667
0 0.548177 0.764815 0.0192708 0.0518519
0 0.708333 0.757407 0.0114583 0.0259259
0 0.53776 0.595833 0.0078125 0.0194444
0 0.695833 0.579167 0.0125 0.0268519
0 0.814583 0.734722 0.0197917 0.0601852
0 0.645312 0.753704 0.0145833 0.0277778
0 0.642969 0.460185 0.0182292 0.0666667
0 0.644271 0.785185 0.0229167 0.0537037
0 0.414323 0.621759 0.0192708 0.0564815
0 0.719271 0.505093 0.01875 0.0694444
0 0.565885 0.606944 0.00364583 0.025
0 0.752344 0.608333 0.0223958 0.0518519
0 0.677344 0.81713 0.0192708 0.0583333
0 0.536979 0.666667 0.0177083 0.0481481
0 0.58099 0.489815 0.0203125 0.0611111
0 0.32474 0.755093 0.00885417 0.0287037
0 0.784635 0.520833 0.0223958 0.0731481
0 0.736198 0.533333 0.0192708 0.0555556
0 0.35599 0.594907 0.0223958 0.0638889
0 0.448177 0.570833 0.0203125 0.062037
0 0.61901 0.764815 0.0223958 0.05
0 0.722396 0.572222 0.01875 0.0481481
0 0.485677 0.625 0.0244792 0.0537037
0 0.561719 0.643519 0.00572917 0.0166667
0 0.419271 0.601389 0.0177083 0.062037
0 0.46901 0.539815 0.0192708 0.062963
0 0.552865 0.491204 0.0192708 0.0638889
0 0.714844 0.726852 0.0192708 0.0518519
0 0.64401 0.490278 0.0182292 0.0657407
0 0.503385 0.624074 0.0234375 0.0648148
0 0.686198 0.513426 0.0171875 0.0564815
0 0.489844 0.500926 0.0213542 0.0333333
0 0.491406 0.676389 0.0130208 0.0546296
0 0.632031 0.727778 0.0234375 0.0592593
0 0.448438 0.483796 0.0177083 0.0694444
0 0.67474 0.756019 0.00989583 0.0287037
0 0.413802 0.54213 0.0182292 0.0675926
0 0.541406 0.673148 0.00572917 0.0277778
0 0.636719 0.750463 0.0192708 0.0675926
0 0.798177 0.698148 0.0203125 0.0648148
0 0.647917 0.720833 0.021875 0.0509259
0 0.677865 0.661111 0.0192708 0.0685185
0 0.41849 0.5625 0.0213542 0.0490741
0 0.709896 0.811574 0.0197917 0.0472222
0 0.521354 0.594907 0.0114583 0.0287037
0 0.635938 0.607407 0.0197917 0.062963
0 0.83125 0.734259 0.0166667 0.0814815
0 0.473437 0.452778 0.0197917 0.0518519
0 0.426562 0.489815 0.0197917 0.0722222
0 0.632031 0.527315 0.0192708 0.0638889
0 0.792969 0.666204 0.0234375 0.075
0 0.664583 0.779167 0.021875 0.0638889
0 0.48151 0.777778 0.0213542 0.062963
0 0.37474 0.549074 0.0046875 0.0185185
0 0.532812 0.661111 0.0145833 0.0740741
0 0.252083 0.771296 0.0239583 0.0462963
0 0.697656 0.555093 0.0223958 0.0657407
0 0.43151 0.578241 0.0203125 0.0638889
0 0.68099 0.765278 0.0213542 0.0583333
0 0.715625 0.681019 0.021875 0.0731481
0 0.495573 0.579167 0.00677083 0.0231481
0 0.584115 0.535185 0.0109375 0.0314815
0 0.74401 0.506944 0.0192708 0.0638889
0 0.53151 0.518056 0.0244792 0.0546296
0 0.326823 0.905093 0.0244792 0.0398148
0 0.616406 0.504167 0.00677083 0.0305556
0 0.548698 0.45463 0.0182292 0.0648148
0 0.75651 0.540741 0.0203125 0.0685185
0 0.347656 0.577778 0.0192708 0.0833333
0 0.611719 0.638889 0.0192708 0.062963
0 0.622917 0.571296 0.0197917 0.062963
0 0.49401 0.454167 0.0203125 0.0601852
0 0.639844 0.542593 0.0223958 0.0592593
0 0.777344 0.578241 0.0213542 0.0509259
0 0.685938 0.54213 0.0197917 0.0712963
0 0.627604 0.460648 0.01875 0.0638889
0 0.748698 0.541667 0.0192708 0.0685185
0 0.552083 0.696759 0.0197917 0.0675926
0 0.698698 0.484259 0.0171875 0.0666667
0 0.586198 0.461111 0.0161458 0.0648148
0 0.685677 0.801852 0.0213542 0.0648148
0 0.523177 0.462037 0.0213542 0.0611111
0 0.314583 0.786574 0.021875 0.0546296
0 0.590365 0.556019 0.0182292 0.0731481
0 0.772396 0.756944 0.0208333 0.0675926
0 0.66875 0.639352 0.0208333 0.0601852
0 0.464583 0.461111 0.0197917 0.0611111
0 0.46901 0.763426 0.0223958 0.0638889
0 0.430729 0.511574 0.0229167 0.0564815
0 0.611198 0.5875 0.0203125 0.0694444
0 0.702604 0.609722 0.0197917 0.062037
0 0.802344 0.559722 0.0213542 0.075
0 0.674219 0.521759 0.0213542 0.062037
0 0.390365 0.616667 0.0182292 0.0685185
0 0.482031 0.563426 0.0223958 0.0509259
0 0.523698 0.644444 0.0213542 0.0611111
0 0.477344 0.684722 0.0234375 0.0583333
0 0.460417 0.794444 0.021875 0.0611111
0 0.344271 0.756019 0.0229167 0.062037
0 0.685938 0.683796 0.0208333 0.0712963
0 0.373177 0.609722 0.0192708 0.0712963
0 0.510417 0.441204 0.0166667 0.0546296
0 0.636979 0.571759 0.0208333 0.0657407
0 0.765104 0.773611 0.0208333 0.075
0 0.519531 0.519907 0.0192708 0.0657407
0 0.70651 0.691667 0.0213542 0.0666667
0 0.544271 0.556944 0.0197917 0.0675926
0 0.54375 0.706019 0.0229167 0.0490741
0 0.514844 0.735185 0.0234375 0.0537037
0 0.511458 0.799074 0.0208333 0.0722222
0 0.569271 0.513426 0.021875 0.062037
0 0.50651 0.743519 0.0213542 0.0703704
0 0.614583 0.563426 0.0177083 0.0694444
0 0.740625 0.556019 0.0229167 0.0527778
0 0.256771 0.787963 0.0229167 0.0685185
0 0.652604 0.646759 0.0208333 0.0712963
0 0.61875 0.454167 0.01875 0.0675926
0 0.456771 0.556944 0.021875 0.0601852
0 0.685677 0.489815 0.0203125 0.0703704
0 0.477083 0.6 0.021875 0.0703704
0 0.485417 0.519907 0.021875 0.0601852
0 0.540885 0.765278 0.0223958 0.0583333
0 0.56875 0.7875 0.021875 0.0546296
0 0.764844 0.55 0.0203125 0.062963
0 0.761198 0.587037 0.0213542 0.0611111
0 0.549479 0.661111 0.0239583 0.0555556
0 0.635677 0.461574 0.0203125 0.0657407
0 0.706771 0.475926 0.0197917 0.0703704
0 0.710417 0.616204 0.0208333 0.0731481
0 0.535677 0.564815 0.0223958 0.0685185
0 0.744531 0.608796 0.0223958 0.0657407
0 0.736198 0.484259 0.0171875 0.0759259
0 0.686198 0.631944 0.0203125 0.0712963
0 0.793229 0.558796 0.0229167 0.0731481
0 0.527865 0.74213 0.0213542 0.0657407
0 0.778906 0.699537 0.0213542 0.0527778
0 0.44401 0.778704 0.0213542 0.0648148
0 0.411458 0.506944 0.0229167 0.0712963
0 0.703125 0.54213 0.0239583 0.0564815
0 0.58151 0.801389 0.0255208 0.062037
0 0.494271 0.55 0.021875 0.0685185
0 0.532031 0.496759 0.0223958 0.062037
0 0.456771 0.600926 0.01875 0.0703704
0 0.656771 0.712037 0.0239583 0.062963
0 0.660417 0.453241 0.0208333 0.0712963
0 0.532031 0.637963 0.0182292 0.0685185
0 0.469271 0.654167 0.0229167 0.0583333
0 0.360938 0.57963 0.0229167 0.062963
0 0.401563 0.542593 0.01875 0.0685185
0 0.735937 0.609722 0.0208333 0.0694444
0 0.661719 0.602778 0.0223958 0.0740741
0 0.752344 0.786111 0.0192708 0.0759259
0 0.511719 0.366667 0.0171875 0.0722222
0 0.464583 0.50463 0.0166667 0.0759259
0 0.465365 0.609722 0.0192708 0.0731481
0 0.648958 0.615278 0.0239583 0.0694444
0 0.435417 0.609259 0.0166667 0.0740741
0 0.502865 0.497685 0.0203125 0.0564815
0 0.606771 0.454167 0.0197917 0.0712963
0 0.698438 0.70463 0.021875 0.0777778
0 0.714583 0.637963 0.0239583 0.0685185
0 0.407031 0.638889 0.0223958 0.0611111
0 0.65651 0.786111 0.0234375 0.0592593
0 0.598177 0.563889 0.0203125 0.0703704
0 0.494271 0.70463 0.0260417 0.0611111
0 0.66901 0.476852 0.0213542 0.0611111
0 0.752604 0.579167 0.0229167 0.075
0 0.664844 0.720833 0.0213542 0.0583333
0 0.735937 0.571759 0.021875 0.075
0 0.486458 0.491667 0.021875 0.0592593
0 0.45651 0.504167 0.0203125 0.0824074
0 0.69401 0.808333 0.0223958 0.0685185
0 0.602604 0.794907 0.021875 0.0675926
0 0.448438 0.750926 0.021875 0.0666667
0 0.498698 0.645833 0.0244792 0.0731481
0 0.532552 0.47037 0.0203125 0.0777778
0 0.41901 0.498148 0.0192708 0.0759259
0 0.781771 0.550463 0.0229167 0.0694444
0 0.507552 0.528704 0.0203125 0.0666667
0 0.664844 0.690278 0.0255208 0.062037
0 0.382031 0.61713 0.0213542 0.0712963
0 0.460938 0.645833 0.025 0.0731481
0 0.823438 0.743056 0.0208333 0.0712963
0 0.602865 0.632407 0.0223958 0.0685185
0 0.692969 0.519444 0.0203125 0.0592593
0 0.785677 0.787963 0.0203125 0.062963
0 0.798437 0.727778 0.0229167 0.0703704
0 0.744531 0.788426 0.0223958 0.075
0 0.457031 0.772222 0.0223958 0.0648148
0 0.58151 0.562963 0.0223958 0.0722222
0 0.695052 0.616667 0.0244792 0.0648148
0 0.335938 0.77963 0.021875 0.0703704
0 0.606771 0.549537 0.0208333 0.0768519
0 0.51901 0.764352 0.0244792 0.0564815
0 0.515625 0.556944 0.0208333 0.0712963
0 0.415365 0.763889 0.0255208 0.0722222
0 0.427604 0.609722 0.0208333 0.0601852
0 0.565104 0.66713 0.0229167 0.0694444
0 0.639844 0.810648 0.0213542 0.0638889
0 0.494792 0.491204 0.021875 0.0564815
0 0.652865 0.565278 0.0234375 0.0768519
0 0.539844 0.476389 0.0203125 0.0712963
0 0.677344 0.794444 0.0244792 0.0685185
0 0.745052 0.713889 0.0213542 0.0740741
0 0.360938 0.618056 0.0239583 0.0638889
0 0.548698 0.519907 0.0203125 0.0712963
0 0.46875 0.563889 0.021875 0.0685185
0 0.573177 0.475926 0.0192708 0.0722222
0 0.360938 0.802315 0.0197917 0.0490741
0 0.622656 0.488426 0.0244792 0.0638889
0 0.715625 0.477315 0.021875 0.0731481
0 0.686458 0.718982 0.0239583 0.0731481
0 0.560938 0.734259 0.025 0.0555556
0 0.422917 0.53287 0.0239583 0.062037
0 0.435417 0.772685 0.0208333 0.0712963
0 0.789323 0.718982 0.0203125 0.0768519
0 0.39401 0.550463 0.0203125 0.0657407
0 0.565625 0.454167 0.0208333 0.075
0 0.678385 0.564815 0.0213542 0.0703704
0 0.339844 0.580093 0.0234375 0.0638889
0 0.445052 0.600926 0.0192708 0.0703704
0 0.515104 0.490741 0.0197917 0.0611111
0 0.586198 0.518519 0.0213542 0.0703704
0 0.547396 0.742593 0.0270833 0.0537037
0 0.627604 0.512963 0.0239583 0.0592593
0 0.398958 0.602778 0.0239583 0.0703704
0 0.44401 0.549537 0.0213542 0.0731481
0 0.457292 0.476389 0.0208333 0.0657407
0 0.673437 0.608796 0.021875 0.075
0 0.723177 0.593982 0.0234375 0.0657407
0 0.669271 0.571759 0.021875 0.0657407
0 0.539583 0.793981 0.021875 0.0712963
0 0.626562 0.631019 0.0260417 0.0564815
0 0.63151 0.793981 0.0244792 0.0712963
0 0.48151 0.460648 0.0223958 0.0657407
0 0.598698 0.512037 0.0213542 0.0685185
0 0.38125 0.587963 0.0229167 0.0685185
0 0.561458 0.52037 0.0229167 0.0685185
0 0.707292 0.573148 0.025 0.0666667
0 0.739844 0.771759 0.0244792 0.062037
0 0.710677 0.519907 0.0213542 0.0694444
0 0.465104 0.734722 0.0239583 0.0527778
0 0.651823 0.461111 0.0223958 0.0759259
0 0.674219 0.706019 0.0244792 0.062037
0 0.477344 0.653241 0.0223958 0.0712963
0 0.661719 0.810648 0.0244792 0.0583333
0 0.473698 0.72037 0.0255208 0.0537037
0 0.640365 0.519444 0.0244792 0.062963
0 0.572917 0.719907 0.0229167 0.0694444
0 0.498958 0.528241 0.0239583 0.0731481
0 0.694792 0.685648 0.025 0.0675926
0 0.486458 0.661111 0.0239583 0.0722222
0 0.523958 0.535185 0.0229167 0.0740741
0 0.557031 0.624537 0.0255208 0.0694444
0 0.490885 0.683333 0.0255208 0.0666667
0 0.752604 0.756944 0.025 0.062037
0 0.602865 0.733796 0.0234375 0.0675926
0 0.473437 0.489815 0.021875 0.0703704
0 0.702083 0.802778 0.0229167 0.062963
0 0.49401 0.77037 0.0234375 0.0722222
0 0.591406 0.63287 0.0213542 0.0787037
0 0.297656 0.765278 0.0265625 0.0453704
0 0.660937 0.550463 0.025 0.062037
0 0.578385 0.690278 0.0244792 0.0712963
0 0.723437 0.743519 0.0197917 0.0740741
0 0.394792 0.779167 0.025 0.0675926
0 0.610417 0.70787 0.025 0.0546296
0 0.619531 0.646759 0.0234375 0.0768519
0 0.30651 0.764352 0.0255208 0.0675926
0 0.753125 0.669907 0.0229167 0.0731481
0 0.499219 0.675463 0.0255208 0.075
0 0.323438 0.786574 0.0260417 0.0712963
0 0.76901 0.720833 0.0234375 0.0675926
0 0.581771 0.653241 0.021875 0.0675926
0 0.38125 0.75787 0.0270833 0.075
0 0.38099 0.543056 0.0213542 0.075
0 0.569271 0.749537 0.0239583 0.0694444
0 0.735417 0.823611 0.0239583 0.0638889
0 0.222396 0.787037 0.025 0.0666667
0 0.686719 0.594907 0.0234375 0.0824074
0 0.514583 0.668519 0.0239583 0.0740741
0 0.602083 0.490741 0.0229167 0.0703704
0 0.39401 0.572685 0.0244792 0.0675926
0 0.553125 0.587963 0.0229167 0.0796296
0 0.573438 0.57963 0.0239583 0.0648148
0 0.235156 0.780093 0.0234375 0.062037
0 0.811198 0.75787 0.0223958 0.0694444
0 0.548177 0.630556 0.0255208 0.0685185
0 0.656771 0.498148 0.0239583 0.062963
0 0.560938 0.698148 0.028125 0.0574074
0 0.810677 0.713426 0.0244792 0.0731481
0 0.570052 0.549537 0.0223958 0.0787037
0 0.473958 0.802315 0.025 0.0694444
0 0.611198 0.527778 0.0255208 0.0648148
0 0.507552 0.602315 0.0213542 0.075
0 0.495313 0.735185 0.0260417 0.062963
0 0.623177 0.75 0.0255208 0.0722222
0 0.573177 0.440741 0.0223958 0.0555556
0 0.364844 0.558796 0.0255208 0.0675926
0 0.527865 0.794907 0.0234375 0.0638889
0 0.715625 0.595833 0.0239583 0.0805556
0 0.676562 0.475926 0.0208333 0.0759259
0 0.736198 0.72037 0.0234375 0.0703704
0 0.802604 0.676389 0.0260417 0.0694444
0 0.486198 0.593518 0.0265625 0.0722222
0 0.652865 0.757407 0.0255208 0.0703704
0 0.482031 0.7125 0.0244792 0.062037
0 0.61875 0.794444 0.0260417 0.0611111
0 0.724219 0.543056 0.0255208 0.0583333
0 0.665104 0.5125 0.0239583 0.0731481
0 0.59375 0.780093 0.0260417 0.0657407
0 0.777604 0.512963 0.0239583 0.0648148
0 0.410677 0.57963 0.0223958 0.0740741
0 0.552604 0.550926 0.0229167 0.0777778
0 0.649219 0.810185 0.0265625 0.0740741
0 0.710677 0.662037 0.0276042 0.0648148
0 0.627604 0.5875 0.025 0.0675926
0 0.598177 0.440278 0.0244792 0.0564815
0 0.532031 0.543056 0.0255208 0.0657407
0 0.560677 0.475 0.0234375 0.0777778
0 0.644531 0.75787 0.0265625 0.0583333
0 0.398698 0.646296 0.0255208 0.0722222
0 0.748438 0.483796 0.021875 0.0768519
0 0.501823 0.462037 0.0244792 0.0722222
0 0.519271 0.593982 0.028125 0.0675926
0 0.765104 0.698148 0.025 0.0759259
0 0.722917 0.699537 0.025 0.0694444
0 0.70625 0.758333 0.0260417 0.0648148
0 0.760677 0.735185 0.0255208 0.0685185
0 0.444792 0.65463 0.0229167 0.0740741
0 0.694531 0.579167 0.0234375 0.0675926
0 0.352865 0.735185 0.0244792 0.0740741
0 0.260938 0.750463 0.025 0.0768519
0 0.732552 0.759259 0.0255208 0.0666667
0 0.64401 0.593518 0.0244792 0.0685185
0 0.748177 0.735648 0.0244792 0.0694444
0 0.560938 0.646296 0.0270833 0.0648148
0 0.435677 0.714352 0.0244792 0.0787037
0 0.323177 0.758333 0.0265625 0.0648148
0 0.58151 0.534722 0.0276042 0.0694444
0 0.373177 0.551389 0.0276042 0.0638889
0 0.785937 0.684722 0.0239583 0.0657407
0 0.327344 0.580093 0.0255208 0.0731481
0 0.639583 0.706944 0.0270833 0.0657407
0 0.331771 0.802778 0.0260417 0.0703704
0 0.535937 0.594444 0.0270833 0.0685185
0 0.565104 0.610185 0.0260417 0.0703704
0 0.516146 0.624074 0.025 0.0777778
0 0.673177 0.75787 0.0276042 0.0768519
0 0.540365 0.675926 0.0276042 0.0759259
0 0.615365 0.505556 0.0265625 0.0722222
0 0.494271 0.57963 0.0260417 0.0777778
0 0.627604 0.707407 0.025 0.0666667
