0 0.210677 0.53287 0.0151042 0.0361111
0 0.354948 0.65787 0.0046875 0.0212963
0 0.279167 0.691204 0.0333333 0.0231481
0 0.425521 0.599074 0.00833333 0.0166667
0 0.365104 0.654167 0.0177083 0.0305556
0 0.245573 0.71713 0.00364583 0.0175926
0 0.333333 0.67037 0.0270833 0.0222222
0 0.34349 0.503704 0.00885417 0.0240741
0 0.300781 0.724537 0.0151042 0.0675926
0 0.255729 0.538426 0.0114583 0.0398148
0 0.340625 0.681481 0.00833333 0.0537037
0 0.352344 0.525926 0.0119792 0.0240741
0 0.263021 0.556019 0.0364583 0.0157407
0 0.30651 0.520833 0.00677083 0.0342593
0 0.421094 0.4875 0.0078125 0.025
0 0.226042 0.710648 0.0135417 0.0268519
0 0.39375 0.593056 0.00416667 0.0342593
0 0.350521 0.548148 0.00625 0.0185185
0 0.39974 0.534259 0.0380208 0.0351852
0 0.0898438 0.727315 0.0119792 0.0509259
0 0.246094 0.556019 0.00572917 0.025
0 0.37474 0.518056 0.0348958 0.0398148
0 0.408594 0.699537 0.00572917 0.025
0 0.197396 0.696759 0.0125 0.0472222
0 0.204167 0.540278 0.0364583 0.0361111
0 0.482292 0.594907 0.0291667 0.0138889
0 0.235417 0.535648 0.00520833 0.0194444
0 0.229427 0.675 0.0078125 0.00925926
0 0.358594 0.682407 0.00989583 0.0333333
0 0.305208 0.569444 0.00625 0.0185185
0 0.48724 0.593056 0.0369792 0.0342593
0 0.259115 0.621759 0.0171875 0.0194444
0 0.446094 0.674074 0.0244792 0.0296296
0 0.326302 0.473148 0.0078125 0.0277778
0 0.346615 0.496759 0.0078125 0.0212963
0 0.328646 0.483333 0.0270833 0.0296296
0 0.342187 0.481944 0.00625 0.0231481
0 0.333854 0.550463 0.021875 0.0212963
0 0.466406 0.689352 0.0348958 0.025
0 0.355208 0.497222 0.00729167 0.0203704
0 0.35599 0.4375 0.0140625 0.0175926
0 0.333594 0.505556 0.0307292 0.0222222
0 0.368229 0.519444 0.0177083 0.0203704
0 0.28724 0.487963 0.00989583 0.0481481
0 0.275521 0.60787 0.00520833 0.0175926
0 0.398177 0.616204 0.0161458 0.0268519
0 0.391667 0.562963 0.0239583 0.0185185
0 0.336979 0.543981 0.021875 0.0194444
0 0.423958 0.603241 0.0291667 0.0101852
0 0.416927 0.535185 0.00885417 0.0185185
0 0.275 0.467593 0.0208333 0.0111111
0 0.291667 0.504167 0.0375 0.0416667
0 0.383594 0.549074 0.0119792 0.0203704
0 0.360417 0.550463 0.015625 0.0305556
0 0.361198 0.688426 0.0411458 0.0212963
0 0.365625 0.616667 0.053125 0.037037
0 0.276042 0.608796 0.0135417 0.0268519
0 0.353906 0.55 0.0369792 0.0166667
0 0.41224 0.452315 0.0182292 0.0231481
0 0.316667 0.609259 0.0145833 0.00740741
0 0.352083 0.703704 0.0114583 0.0518519
0 0.26224 0.722685 0.0119792 0.0138889
0 0.280469 0.703704 0.0119792 0.0166667
0 0.334115 0.465278 0.0046875 0.0231481
0 0.434375 0.681481 0.0291667 0.0203704
0 0.313281 0.526852 0.00885417 0.0222222
0 0.342187 0.697685 0.0239583 0.0175926
0 0.450781 0.506481 0.0192708 0.0259259
0 0.270573 0.572222 0.0265625 0.00925926
0 0.236198 0.564815 0.00989583 0.0222222
0 0.724479 0.806019 0.0145833 0.0194444
0 0.288021 0.585185 0.00625 0.0148148
0 0.353646 0.698611 0.0125 0.012037
0 0.283594 0.72037 0.0244792 0.0203704
0 0.427604 0.591667 0.0125 0.012963
0 0.417188 0.481944 0.034375 0.0268519
0 0.419531 0.483333 0.0078125 0.062963
0 0.332552 0.616204 0.00572917 0.0398148
0 0.372656 0.599537 0.0140625 0.0416667
0 0.413802 0.638426 0.0078125 0.0472222
0 0.390104 0.637037 0.0104167 0.0296296
0 0.261979 0.55 0.0260417 0.00925926
0 0.39349 0.643056 0.0140625 0.0490741
0 0.404687 0.571296 0.0145833 0.0203704
0 0.158854 0.70787 0.0145833 0.012037
0 0.395833 0.714352 0.0125 0.012037
0 0.3125 0.526389 0.0291667 0.0194444
0 0.266927 0.570833 0.0078125 0.0212963
0 0.427083 0.505093 0.0145833 0.0342593
0 0.297917 0.618981 0.00625 0.0268519
0 0.145573 0.690741 0.0171875 0.0166667
0 0.221094 0.551389 0.0161458 0.0138889
0 0.288021 0.621296 0.0302083 0.0259259
0 0.304688 0.525926 0.00520833 0.0166667
0 0.416927 0.565741 0.0151042 0.0203704
0 0.407031 0.506019 0.0223958 0.0194444
0 0.266927 0.593982 0.0046875 0.0194444
0 0.154687 0.558796 0.0104167 0.0212963
0 0.229948 0.533333 0.0286458 0.0296296
0 0.392969 0.54213 0.0130208 0.0324074
0 0.265104 0.54213 0.015625 0.0305556
0 0.434896 0.481019 0.0135417 0.0583333
0 0.221094 0.586111 0.0244792 0.0259259
0 0.3625 0.695833 0.00729167 0.0157407
0 0.239844 0.519907 0.00677083 0.037963
0 0.424219 0.706944 0.0046875 0.0101852
0 0.347396 0.623148 0.00833333 0.0407407
0 0.48724 0.699074 0.0234375 0.0166667
0 0.383854 0.511111 0.00625 0.0333333
0 0.428385 0.676389 0.0182292 0.00833333
0 0.259115 0.728704 0.0234375 0.0277778
0 0.396354 0.572222 0.0260417 0.0222222
0 0.347396 0.524074 0.0114583 0.037037
0 0.296875 0.673611 0.0229167 0.0305556
0 0.338542 0.526389 0.00520833 0.0212963
0 0.40651 0.458333 0.0192708 0.0259259
0 0.286979 0.499074 0.0145833 0.0111111
0 0.250521 0.541204 0.00729167 0.0175926
0 0.183854 0.696759 0.0239583 0.025
0 0.420573 0.690278 0.0244792 0.0157407
0 0.316927 0.682407 0.0265625 0.0166667
0 0.345052 0.580093 0.0265625 0.0194444
0 0.2875 0.563426 0.0270833 0.0212963
0 0.350521 0.482407 0.00729167 0.0240741
0 0.217187 0.512037 0.0114583 0.0185185
0 0.35599 0.650463 0.0078125 0.0435185
0 0.370052 0.593518 0.0192708 0.0166667
0 0.386458 0.646296 0.0270833 0.0148148
0 0.360417 0.531944 0.00729167 0.0157407
0 0.284115 0.666204 0.0432292 0.0416667
0 0.327344 0.593982 0.0109375 0.0324074
0 0.228906 0.5875 0.0234375 0.0138889
0 0.38125 0.488889 0.0177083 0.0425926
0 0.351823 0.437963 0.0151042 0.0351852
0 0.727865 0.79537 0.0109375 0.0685185
0 0.449479 0.690278 0.0229167 0.0138889
0 0.789062 0.839815 0.021875 0.0222222
0 0.449219 0.70463 0.0109375 0.0222222
0 0.270312 0.587037 0.00729167 0.037037
0 0.289323 0.548611 0.00989583 0.037963
0 0.224219 0.542593 0.00572917 0.0277778
0 0.500781 0.610185 0.0265625 0.0222222
0 0.383073 0.623611 0.0151042 0.0157407
0 0.388802 0.519444 0.0130208 0.0240741
0 0.278125 0.528241 0.028125 0.0194444
0 0.515885 0.708796 0.00885417 0.025
0 0.496875 0.698611 0.0239583 0.0324074
0 0.0981771 0.696296 0.0151042 0.0462963
0 0.333854 0.525926 0.00520833 0.0203704
0 0.132552 0.737037 0.0119792 0.00925926
0 0.461458 0.610648 0.0104167 0.0157407
0 0.345052 0.64537 0.0119792 0.012963
0 0.321094 0.703704 0.0213542 0.0222222
0 0.351042 0.569444 0.00833333 0.012963
0 0.26276 0.616204 0.00677083 0.0268519
0 0.2375 0.607407 0.00729167 0.0277778
0 0.29974 0.550463 0.0265625 0.0138889
0 0.270833 0.70463 0.0322917 0.0296296
0 0.357031 0.50463 0.0140625 0.0277778
0 0.307031 0.605556 0.0151042 0.0407407
0 0.353646 0.543981 0.025 0.0212963
0 0.347656 0.453241 0.0140625 0.0231481
0 0.253906 0.50463 0.0119792 0.0240741
0 0.220833 0.547685 0.00729167 0.0324074
0 0.35 0.498611 0.0260417 0.0175926
0 0.277083 0.630093 0.0114583 0.0416667
0 0.351042 0.563426 0.00729167 0.0138889
0 0.355729 0.488889 0.0104167 0.0185185
0 0.442187 0.550926 0.00833333 0.0296296
0 0.335938 0.651852 0.009375 0.0444444
0 0.124219 0.712037 0.00989583 0.0259259
0 0.47474 0.588889 0.0192708 0.00925926
0 0.755469 0.805093 0.0276042 0.0157407
0 0.442969 0.561574 0.0109375 0.0194444
0 0.0674479 0.735648 0.0151042 0.0268519
0 0.402604 0.585185 0.0177083 0.0314815
0 0.361719 0.565278 0.0244792 0.012037
0 0.372917 0.564815 0.0166667 0.0351852
0 0.441667 0.625926 0.0239583 0.0166667
0 0.332812 0.483796 0.0177083 0.0194444
0 0.428906 0.497222 0.0296875 0.0148148
0 0.229167 0.717593 0.021875 0.0240741
0 0.43151 0.596296 0.0078125 0.0185185
0 0.244271 0.691204 0.0135417 0.0398148
0 0.425521 0.488426 0.03125 0.0212963
0 0.240365 0.6 0.00885417 0.0259259
0 0.284375 0.525926 0.00833333 0.0203704
0 0.30026 0.667593 0.0130208 0.0148148
0 0.379167 0.447685 0.0239583 0.0268519
0 0.256771 0.46713 0.0114583 0.0324074
0 0.342969 0.459259 0.0130208 0.0444444
0 0.232812 0.600926 0.0229167 0.012963
0 0.247135 0.494907 0.0130208 0.0231481
0 0.33724 0.468519 0.0401042 0.0425926
0 0.235417 0.490278 0.0197917 0.0268519
0 0.466927 0.569907 0.0203125 0.0287037
0 0.466927 0.601852 0.0276042 0.0185185
0 0.478125 0.669444 0.0135417 0.037037
0 0.366406 0.646759 0.0234375 0.00648148
0 0.353646 0.520833 0.0270833 0.0231481
0 0.395833 0.564352 0.0135417 0.0101852
0 0.308333 0.697222 0.01875 0.0240741
0 0.48125 0.610648 0.009375 0.0157407
0 0.35651 0.698611 0.0161458 0.0305556
0 0.324219 0.526852 0.0296875 0.0148148
0 0.354167 0.48287 0.0229167 0.0231481
0 0.2375 0.606481 0.0260417 0.0222222
0 0.361198 0.616667 0.0140625 0.0333333
0 0.31901 0.698148 0.0109375 0.0388889
0 0.425781 0.468519 0.0140625 0.0425926
0 0.226823 0.580093 0.00989583 0.0416667
0 0.0744792 0.711111 0.0135417 0.0296296
0 0.3375 0.475926 0.021875 0.0259259
0 0.321354 0.572685 0.025 0.0157407
0 0.331771 0.808796 0.0125 0.0342593
0 0.3125 0.606944 0.03125 0.0194444
0 0.473437 0.70787 0.0166667 0.0342593
0 0.771354 0.808796 0.0125 0.0342593
0 0.33776 0.473611 0.00572917 0.0231481
0 0.265104 0.607407 0.00833333 0.0462963
0 0.291146 0.730556 0.00833333 0.0185185
0 0.263542 0.668519 0.0145833 0.0407407
0 0.432813 0.624074 0.0177083 0.0185185
0 0.239063 0.504167 0.0135417 0.0398148
0 0.311979 0.550463 0.0302083 0.0194444
0 0.399219 0.706019 0.0109375 0.025
0 0.113542 0.696759 0.01875 0.0527778
0 0.36849 0.637037 0.00989583 0.0462963
0 0.317448 0.614815 0.0192708 0.0185185
0 0.239583 0.562037 0.0125 0.0388889
0 0.321615 0.512037 0.0338542 0.0240741
0 0.327083 0.458796 0.0145833 0.0453704
0 0.311458 0.640278 0.0114583 0.0157407
0 0.3875 0.5875 0.025 0.012037
0 0.377083 0.681481 0.01875 0.0407407
0 0.433854 0.570833 0.0104167 0.0472222
0 0.440885 0.534259 0.0140625 0.0277778
0 0.277604 0.721296 0.01875 0.0314815
0 0.36849 0.55 0.00572917 0.0296296
0 0.446875 0.673148 0.015625 0.0518519
0 0.329167 0.691667 0.0197917 0.012963
0 0.207813 0.734259 0.00833333 0.05
0 0.300521 0.526389 0.03125 0.0231481
0 0.257292 0.573611 0.01875 0.0138889
0 0.4125 0.580556 0.0239583 0.0240741
0 0.229948 0.510185 0.0265625 0.0314815
0 0.2625 0.497685 0.0229167 0.0268519
0 0.322656 0.549074 0.0130208 0.0425926
0 0.341927 0.483796 0.0203125 0.0268519
0 0.116667 0.728241 0.03125 0.0157407
0 0.21901 0.668056 0.0161458 0.0268519
0 0.38151 0.506019 0.0151042 0.0231481
0 0.190625 0.549537 0.0145833 0.025
0 0.295573 0.572685 0.0203125 0.012037
0 0.318229 0.616204 0.015625 0.0416667
0 0.282552 0.714352 0.0171875 0.0157407
0 0.371354 0.599537 0.028125 0.0231481
0 0.191146 0.691204 0.0114583 0.0287037
0 0.450521 0.468519 0.0229167 0.0240741
0 0.354948 0.569907 0.00677083 0.0194444
0 0.415625 0.466667 0.0104167 0.0462963
0 0.40599 0.576389 0.0119792 0.0416667
0 0.214062 0.541204 0.0145833 0.0435185
0 0.358854 0.586111 0.0270833 0.0203704
0 0.454688 0.586111 0.0260417 0.0148148
0 0.303906 0.572685 0.0234375 0.0194444
0 0.311198 0.54213 0.00885417 0.0435185
0 0.399219 0.683333 0.00677083 0.0166667
0 0.530208 0.601389 0.0125 0.0546296
0 0.303125 0.633796 0.0145833 0.0157407
0 0.401563 0.523148 0.0166667 0.0592593
0 0.460938 0.573611 0.0104167 0.0546296
0 0.0776042 0.723148 0.00520833 0.0259259
0 0.227865 0.593982 0.0161458 0.0305556
0 0.214323 0.528704 0.0171875 0.0222222
0 0.308594 0.571759 0.0286458 0.0305556
0 0.254687 0.513426 0.0145833 0.0194444
0 0.520052 0.640278 0.0223958 0.0175926
0 0.241927 0.734722 0.0192708 0.0287037
0 0.0997396 0.703704 0.0223958 0.0185185
0 0.20599 0.602315 0.00885417 0.0583333
0 0.399219 0.476852 0.0234375 0.0240741
0 0.722917 0.799074 0.00833333 0.0222222
0 0.291667 0.498148 0.0197917 0.0166667
0 0.478385 0.534722 0.0151042 0.0342593
0 0.370313 0.55787 0.0239583 0.0157407
0 0.524219 0.666667 0.0046875 0.0148148
0 0.350521 0.587037 0.0239583 0.0166667
0 0.528646 0.668519 0.00833333 0.00925926
0 0.351042 0.703704 0.0229167 0.0333333
0 0.251823 0.526852 0.0171875 0.0240741
0 0.371875 0.674074 0.021875 0.0240741
0 0.311719 0.689352 0.00989583 0.0416667
0 0.234375 0.511111 0.0104167 0.0425926
0 0.39974 0.498148 0.0276042 0.0203704
0 0.36875 0.497222 0.0197917 0.0407407
0 0.190625 0.682407 0.009375 0.0259259
0 0.507292 0.603704 0.01875 0.0166667
0 0.43099 0.524537 0.0182292 0.037963
0 0.31224 0.646759 0.0276042 0.0194444
0 0.174219 0.688889 0.0161458 0.0148148
0 0.328385 0.682407 0.0078125 0.0555556
0 0.244792 0.558333 0.0135417 0.0481481
0 0.103906 0.719907 0.0046875 0.0194444
0 0.408073 0.631944 0.0171875 0.012037
0 0.34401 0.637963 0.0130208 0.0351852
0 0.261979 0.528704 0.034375 0.0277778
0 0.330208 0.533796 0.0135417 0.0194444
0 0.308594 0.483796 0.0234375 0.0324074
0 0.0848958 0.734722 0.0166667 0.0472222
0 0.246094 0.696759 0.0255208 0.0157407
0 0.408073 0.5125 0.0307292 0.0175926
0 0.304688 0.668981 0.025 0.0268519
0 0.30599 0.503241 0.0140625 0.0361111
0 0.28125 0.660185 0.00833333 0.0444444
0 0.278646 0.683796 0.0291667 0.0138889
0 0.396615 0.637037 0.0307292 0.0296296
0 0.454427 0.608333 0.0234375 0.0185185
0 0.370833 0.646296 0.01875 0.012963
0 0.400521 0.603241 0.0135417 0.0157407
0 0.328906 0.601852 0.0286458 0.0166667
0 0.325781 0.534259 0.0161458 0.0148148
0 0.2625 0.474537 0.0145833 0.0268519
0 0.224219 0.665741 0.00677083 0.0240741
0 0.39974 0.60787 0.0307292 0.0231481
0 0.3875 0.690278 0.0333333 0.0231481
0 0.217187 0.506481 0.00729167 0.0314815
0 0.403125 0.639352 0.0135417 0.0175926
0 0.301562 0.462037 0.0114583 0.0518519
0 0.271354 0.676852 0.0125 0.0166667
0 0.263281 0.578704 0.0244792 0.0240741
0 0.515625 0.696759 0.00729167 0.0342593
0 0.416667 0.475463 0.0177083 0.0194444
0 0.326562 0.571759 0.0114583 0.0212963
0 0.43776 0.674074 0.0109375 0.0222222
0 0.22474 0.616667 0.0192708 0.0203704
0 0.313281 0.592593 0.00989583 0.0388889
0 0.298177 0.605093 0.0119792 0.0138889
0 0.274479 0.585185 0.028125 0.0166667
0 0.215885 0.689815 0.00260417 0.0240741
0 0.313281 0.511574 0.0182292 0.0194444
0 0.280469 0.644444 0.0140625 0.0462963
0 0.418229 0.513426 0.0135417 0.025
0 0.290885 0.580093 0.0161458 0.0194444
0 0.250521 0.586574 0.0270833 0.0231481
0 0.140625 0.688426 0.0166667 0.0268519
0 0.432552 0.675926 0.0140625 0.0148148
0 0.377865 0.560185 0.0161458 0.00925926
0 0.422656 0.576389 0.0140625 0.0305556
0 0.396354 0.690741 0.00625 0.0203704
0 0.270573 0.623148 0.0203125 0.0166667
0 0.28724 0.631944 0.0140625 0.0175926
0 0.278646 0.5125 0.028125 0.0231481
0 0.25026 0.489815 0.0276042 0.0185185
0 0.402083 0.543519 0.0145833 0.0166667
0 0.236719 0.6 0.0140625 0.0574074
0 0.0875 0.727315 0.0104167 0.0212963
0 0.1875 0.512963 0.028125 0.0277778
0 0.328646 0.527315 0.0125 0.0157407
0 0.111979 0.718982 0.00833333 0.0175926
0 0.28724 0.66713 0.0161458 0.0138889
0 0.336979 0.581019 0.0145833 0.025
0 0.272135 0.613889 0.0171875 0.0277778
0 0.17526 0.696296 0.0203125 0.0203704
0 0.167187 0.695833 0.0270833 0.025
0 0.378646 0.616204 0.0197917 0.0157407
0 0.0697917 0.716667 0.015625 0.0388889
0 0.283594 0.571759 0.0244792 0.0231481
0 0.375781 0.704167 0.0223958 0.025
0 0.5125 0.706481 0.0125 0.0333333
0 0.425521 0.443981 0.0177083 0.0231481
0 0.35651 0.593982 0.0109375 0.037963
0 0.425521 0.570833 0.01875 0.0157407
0 0.295312 0.721759 0.009375 0.0212963
0 0.20026 0.526852 0.0203125 0.0259259
0 0.416146 0.615278 0.00520833 0.0287037
0 0.391927 0.655093 0.0296875 0.025
0 0.453385 0.706481 0.00677083 0.0111111
0 0.252604 0.595833 0.0333333 0.0305556
0 0.371094 0.579167 0.0192708 0.0138889
0 0.323177 0.600463 0.0119792 0.0453704
0 0.33776 0.587037 0.0265625 0.0277778
0 0.33776 0.624537 0.0203125 0.0138889
0 0.336979 0.691667 0.009375 0.0166667
0 0.801302 0.823611 0.00885417 0.037963
0 0.249479 0.711574 0.0114583 0.0212963
0 0.257031 0.711111 0.0078125 0.0259259
0 0.271354 0.658796 0.0177083 0.025
0 0.24974 0.581481 0.0223958 0.0111111
0 0.439063 0.49537 0.0177083 0.0592593
0 0.386198 0.684722 0.0182292 0.012037
0 0.18724 0.687963 0.0317708 0.0277778
0 0.3875 0.563889 0.01875 0.00925926
0 0.244792 0.610185 0.0125 0.0166667
0 0.230469 0.511574 0.0109375 0.0546296
0 0.446615 0.554167 0.0203125 0.0601852
0 0.436979 0.513426 0.0270833 0.0212963
0 0.254427 0.563426 0.0234375 0.0138889
0 0.423438 0.564352 0.009375 0.037963
0 0.281771 0.594907 0.0177083 0.0305556
0 0.478646 0.698611 0.0125 0.0212963
0 0.266667 0.594444 0.0114583 0.012963
0 0.377865 0.637963 0.00989583 0.0240741
0 0.135937 0.698611 0.0114583 0.0194444
0 0.253125 0.535648 0.0229167 0.0212963
0 0.283594 0.638426 0.0109375 0.0175926
0 0.364062 0.524537 0.0104167 0.0416667
0 0.240625 0.631481 0.00729167 0.0185185
0 0.175 0.57037 0.0197917 0.0240741
0 0.342448 0.555093 0.0213542 0.0268519
0 0.33724 0.602778 0.0078125 0.0166667
0 0.379687 0.536111 0.021875 0.0185185
0 0.204167 0.705556 0.0177083 0.0222222
0 0.28099 0.622685 0.0109375 0.0231481
0 0.228646 0.506019 0.0166667 0.0157407
0 0.207813 0.660648 0.009375 0.0509259
0 0.289062 0.620833 0.0104167 0.0694444
0 0.383854 0.70463 0.01875 0.0240741
0 0.445052 0.558796 0.0213542 0.0212963
0 0.221615 0.568981 0.0119792 0.0361111
0 0.385156 0.558333 0.00989583 0.0333333
0 0.327865 0.473148 0.0109375 0.0444444
0 0.247917 0.549537 0.0114583 0.0342593
0 0.411458 0.558796 0.00729167 0.0212963
0 0.446094 0.601852 0.0213542 0.0166667
0 0.191406 0.557407 0.0223958 0.0240741
0 0.308333 0.454167 0.0125 0.0268519
0 0.432552 0.557407 0.00989583 0.012963
0 0.385156 0.53287 0.0130208 0.0138889
0 0.170833 0.550463 0.0166667 0.0157407
0 0.329427 0.558333 0.0182292 0.0148148
0 0.396354 0.660648 0.0229167 0.0175926
0 0.254427 0.62963 0.0109375 0.0166667
0 0.170573 0.728704 0.0130208 0.0203704
0 0.327344 0.488889 0.0151042 0.0296296
0 0.225 0.565741 0.00833333 0.0240741
0 0.454427 0.715278 0.0171875 0.0157407
0 0.241927 0.541667 0.0192708 0.0185185
0 0.42474 0.520833 0.0223958 0.0194444
0 0.29401 0.563889 0.0109375 0.0444444
0 0.254427 0.519907 0.0307292 0.0324074
0 0.189063 0.532407 0.021875 0.0481481
0 0.116667 0.717593 0.0145833 0.0166667
0 0.0252604 0.866204 0.0234375 0.0212963
0 0.391406 0.468981 0.0182292 0.0361111
0 0.490885 0.693981 0.0182292 0.0324074
0 0.0958333 0.734259 0.01875 0.0148148
0 0.366667 0.57963 0.0145833 0.00925926
0 0.401563 0.674074 0.0177083 0.0462963
0 0.323438 0.682407 0.0145833 0.0351852
0 0.300521 0.637963 0.0208333 0.0296296
0 0.286979 0.579167 0.00833333 0.0342593
0 0.445573 0.572222 0.0182292 0.0185185
0 0.158333 0.556944 0.0208333 0.0212963
0 0.379167 0.526389 0.009375 0.0175926
0 0.364844 0.689352 0.00989583 0.0490741
0 0.353646 0.556944 0.01875 0.0194444
0 0.253125 0.556481 0.01875 0.0148148
0 0.207552 0.542593 0.0223958 0.0185185
0 0.378646 0.578704 0.0166667 0.012963
0 0.0830729 0.719907 0.0078125 0.037963
0 0.242188 0.578241 0.0229167 0.0268519
0 0.358594 0.668981 0.0161458 0.0175926
0 0.283073 0.699537 0.0130208 0.0231481
0 0.341927 0.611111 0.0317708 0.0351852
0 0.314323 0.518519 0.0182292 0.0388889
0 0.341667 0.549074 0.0125 0.0185185
0 0.46224 0.491204 0.0161458 0.025
0 0.233333 0.526389 0.01875 0.0212963
0 0.440625 0.580093 0.0208333 0.025
0 0.464063 0.593056 0.009375 0.0416667
0 0.395573 0.632407 0.0161458 0.012963
0 0.195833 0.6375 0.0104167 0.0490741
0 0.46849 0.616204 0.0140625 0.0305556
0 0.259115 0.702778 0.0161458 0.0296296
0 0.391406 0.647222 0.0119792 0.0166667
0 0.217187 0.556481 0.0104167 0.0333333
0 0.336979 0.662037 0.0239583 0.0277778
0 0.232812 0.681944 0.0114583 0.0231481
0 0.28776 0.696759 0.0192708 0.025
0 0.46276 0.616667 0.0213542 0.0166667
0 0.297396 0.651389 0.0177083 0.0287037
0 0.403906 0.618056 0.0130208 0.0194444
0 0.483333 0.529167 0.00416667 0.0212963
0 0.328906 0.712037 0.0151042 0.0296296
0 0.335677 0.698611 0.0192708 0.0472222
0 0.303646 0.6625 0.01875 0.0138889
0 0.420573 0.535185 0.0223958 0.0240741
0 0.445833 0.594907 0.0145833 0.0324074
0 0.373437 0.618056 0.0208333 0.0342593
0 0.108333 0.728704 0.0197917 0.0222222
0 0.275521 0.540278 0.0229167 0.0342593
0 0.295833 0.728241 0.0177083 0.0194444
0 0.440104 0.720833 0.0239583 0.037963
0 0.383854 0.6 0.0239583 0.0148148
0 0.494531 0.684722 0.00989583 0.0601852
0 0.472917 0.618519 0.00625 0.00740741
0 0.31875 0.468519 0.0145833 0.0407407
0 0.4 0.7125 0.0177083 0.0157407
0 0.464583 0.705556 0.0239583 0.0388889
0 0.10026 0.711574 0.0203125 0.0194444
0 0.252604 0.621759 0.01875 0.0342593
0 0.293229 0.688426 0.01875 0.0601852
0 0.21875 0.624074 0.01875 0.0388889
0 0.458594 0.577315 0.0140625 0.0194444
0 0.3125 0.696759 0.0135417 0.0157407
0 0.384635 0.444444 0.0161458 0.0481481
0 0.276563 0.45787 0.0177083 0.0435185
0 0.336979 0.528704 0.0239583 0.0148148
0 0.470313 0.698611 0.01875 0.0212963
0 0.44974 0.498611 0.0119792 0.0157407
0 0.429167 0.585648 0.0291667 0.0287037
0 0.415885 0.596296 0.0255208 0.0277778
0 0.421094 0.625926 0.0223958 0.0222222
0 0.447396 0.502778 0.01875 0.05
0 0.316406 0.676852 0.0203125 0.0166667
0 0.154167 0.706019 0.0145833 0.0157407
0 0.429688 0.541667 0.0177083 0.0240741
0 0.303646 0.69213 0.0114583 0.0435185
0 0.402344 0.556019 0.0161458 0.0435185
0 0.386458 0.506944 0.0135417 0.0194444
0 0.817187 0.826852 0.0125 0.0185185
0 0.361458 0.476389 0.0166667 0.0398148
0 0.258073 0.615741 0.0130208 0.012963
0 0.358073 0.603241 0.0203125 0.0138889
0 0.433854 0.707407 0.003125 0.0166667
0 0.3 0.602315 0.0104167 0.0268519
0 0.429948 0.452778 0.0182292 0.0444444
0 0.411719 0.689815 0.0046875 0.0166667
0 0.367188 0.548148 0.03125 0.0222222
0 0.286719 0.61713 0.0161458 0.012037
0 0.22474 0.648148 0.0078125 0.0185185
0 0.445052 0.497685 0.0046875 0.0175926
0 0.310156 0.576852 0.0119792 0.0425926
0 0.263281 0.682407 0.0203125 0.0259259
0 0.413802 0.512037 0.0130208 0.0240741
0 0.396354 0.609259 0.0135417 0.0240741
0 0.478906 0.705093 0.0234375 0.0212963
0 0.295573 0.602315 0.00572917 0.0194444
0 0.215625 0.720833 0.009375 0.0490741
0 0.397656 0.533333 0.0161458 0.0333333
0 0.371354 0.623148 0.021875 0.0166667
0 0.263021 0.481481 0.0229167 0.0277778
0 0.398177 0.518519 0.0140625 0.0351852
0 0.320833 0.645833 0.0208333 0.0287037
0 0.353646 0.655556 0.009375 0.012963
0 0.18724 0.578704 0.0203125 0.0185185
0 0.204427 0.555556 0.0182292 0.0240741
0 0.377344 0.503241 0.0192708 0.0490741
0 0.26224 0.571296 0.0151042 0.0203704
0 0.295312 0.646296 0.003125 0.0203704
0 0.258073 0.695833 0.00885417 0.0268519
0 0.349479 0.698611 0.0145833 0.0157407
0 0.295573 0.667593 0.0140625 0.0166667
0 0.230469 0.563426 0.0182292 0.0435185
0 0.317448 0.450926 0.0171875 0.0462963
0 0.133333 0.719907 0.021875 0.0287037
0 0.351823 0.622222 0.0140625 0.037037
0 0.428646 0.706019 0.0197917 0.0231481
0 0.229948 0.621296 0.0192708 0.0259259
0 0.25026 0.630093 0.00989583 0.0138889
0 0.229167 0.614352 0.0104167 0.0157407
0 0.398177 0.577315 0.0171875 0.0416667
0 0.348437 0.556481 0.00833333 0.0277778
0 0.152865 0.699074 0.0078125 0.00925926
0 0.395573 0.65463 0.0130208 0.0185185
0 0.421354 0.504167 0.0208333 0.0231481
0 0.27526 0.651389 0.0119792 0.0212963
0 0.171094 0.736111 0.0203125 0.0203704
0 0.366406 0.697222 0.0213542 0.0185185
0 0.407031 0.600926 0.0192708 0.0388889
0 0.328385 0.641204 0.0119792 0.0361111
0 0.364323 0.459722 0.0192708 0.0416667
0 0.442187 0.540278 0.021875 0.025
0 0.428385 0.535185 0.0140625 0.0148148
0 0.453906 0.711574 0.0213542 0.0435185
0 0.529167 0.675463 0.0125 0.0194444
0 0.446094 0.48287 0.0223958 0.0231481
0 0.279167 0.534259 0.0145833 0.0185185
0 0.404427 0.549537 0.0213542 0.0194444
0 0.21875 0.585648 0.0208333 0.0564815
0 0.21875 0.674537 0.025 0.0305556
0 0.28125 0.665278 0.0166667 0.0416667
0 0.316667 0.5875 0.00729167 0.0287037
0 0.108333 0.72037 0.0145833 0.0259259
0 0.410417 0.572685 0.015625 0.0305556
0 0.252604 0.660185 0.0114583 0.0537037
0 0.503385 0.580556 0.0130208 0.0314815
0 0.279167 0.609259 0.015625 0.0166667
0 0.495313 0.565741 0.00729167 0.012963
0 0.52526 0.674537 0.00677083 0.0157407
0 0.375 0.697222 0.0135417 0.0166667
0 0.379427 0.646296 0.00989583 0.0222222
0 0.436719 0.698148 0.00364583 0.012963
0 0.277604 0.602315 0.0104167 0.0194444
0 0.410937 0.453241 0.021875 0.0527778
0 0.182031 0.571759 0.0171875 0.0324074
0 0.370313 0.616204 0.0114583 0.0138889
0 0.245833 0.616667 0.0197917 0.0166667
0 0.495573 0.690278 0.0130208 0.0212963
0 0.275 0.534259 0.0114583 0.0240741
0 0.271354 0.644907 0.0145833 0.0305556
0 0.326042 0.653241 0.0166667 0.0287037
0 0.335156 0.454167 0.0203125 0.0527778
0 0.414062 0.578241 0.0177083 0.0546296
0 0.414062 0.643519 0.0166667 0.0592593
0 0.297396 0.616204 0.0166667 0.0490741
0 0.430729 0.493981 0.01875 0.0546296
0 0.270312 0.594444 0.0208333 0.0203704
0 0.204688 0.639815 0.00520833 0.0166667
0 0.349479 0.655556 0.00833333 0.0111111
0 0.28099 0.473148 0.0182292 0.0462963
0 0.433854 0.5625 0.0270833 0.025
0 0.435156 0.577315 0.0182292 0.0472222
0 0.365625 0.54537 0.015625 0.012963
0 0.341667 0.601852 0.00833333 0.0148148
0 0.373177 0.46713 0.0192708 0.0398148
0 0.238021 0.681481 0.0166667 0.0296296
0 0.38776 0.512963 0.0213542 0.0222222
0 0.227604 0.703241 0.0239583 0.0342593
0 0.354167 0.565278 0.034375 0.0212963
0 0.353385 0.662037 0.00885417 0.0222222
0 0.397917 0.556481 0.0177083 0.0314815
0 0.35651 0.615741 0.0151042 0.0407407
0 0.292969 0.475463 0.0182292 0.0509259
0 0.253906 0.667593 0.0203125 0.0259259
0 0.22526 0.546759 0.0130208 0.0305556
0 0.344792 0.612037 0.0114583 0.012963
0 0.196354 0.696296 0.0135417 0.0222222
0 0.299219 0.631019 0.0078125 0.0138889
0 0.404948 0.64537 0.0203125 0.0277778
0 0.203646 0.698148 0.0135417 0.0185185
0 0.166667 0.734722 0.0114583 0.0287037
0 0.358333 0.572222 0.0229167 0.0222222
0 0.220573 0.519444 0.0161458 0.0222222
0 0.482812 0.668981 0.0135417 0.0490741
0 0.364844 0.60787 0.0140625 0.0324074
0 0.479167 0.528704 0.003125 0.0222222
0 0.438021 0.459259 0.0177083 0.05
0 0.29375 0.508333 0.0166667 0.0518519
0 0.34375 0.672222 0.0177083 0.05
0 0.335156 0.614815 0.0119792 0.0407407
0 0.234375 0.703241 0.0145833 0.037963
0 0.278906 0.491204 0.0130208 0.0268519
0 0.301302 0.49537 0.0171875 0.05
0 0.266667 0.676852 0.0135417 0.0185185
0 0.379687 0.564352 0.0197917 0.0194444
0 0.233594 0.734722 0.0171875 0.0324074
0 0.53724 0.612037 0.0109375 0.00925926
0 0.372396 0.510185 0.01875 0.0333333
0 0.320573 0.507407 0.0234375 0.0203704
0 0.366667 0.61713 0.0114583 0.0305556
0 0.315365 0.718518 0.0192708 0.0518519
0 0.405729 0.46713 0.0229167 0.0527778
0 0.475 0.625 0.0208333 0.0203704
0 0.170052 0.541667 0.00885417 0.0185185
0 0.24974 0.718982 0.0234375 0.0212963
0 0.358854 0.638426 0.01875 0.0231481
0 0.284896 0.637037 0.01875 0.0481481
0 0.0627604 0.732407 0.0151042 0.0259259
0 0.225521 0.672685 0.0114583 0.0231481
0 0.1375 0.705556 0.025 0.0185185
0 0.439063 0.557407 0.0208333 0.0425926
0 0.42526 0.630093 0.0161458 0.0175926
0 0.364062 0.562963 0.01875 0.0555556
0 0.376563 0.481481 0.0177083 0.0444444
0 0.346354 0.616667 0.01875 0.0203704
0 0.165885 0.688426 0.0151042 0.0212963
0 0.45026 0.712963 0.00989583 0.0185185
0 0.304688 0.623148 0.015625 0.0351852
0 0.211458 0.663426 0.01875 0.0194444
0 0.302865 0.618519 0.0109375 0.0166667
0 0.291927 0.587037 0.0223958 0.0259259
0 0.283073 0.630556 0.00989583 0.0111111
0 0.335938 0.533796 0.0125 0.0509259
0 0.4 0.690278 0.0145833 0.0212963
0 0.341406 0.690278 0.0151042 0.0268519
0 0.379427 0.668056 0.0140625 0.025
0 0.433594 0.601852 0.0161458 0.0222222
0 0.125 0.718982 0.0197917 0.0268519
0 0.499479 0.565741 0.0135417 0.012963
0 0.23776 0.571296 0.0046875 0.0259259
0 0.250781 0.510648 0.0161458 0.0324074
0 0.216146 0.728704 0.015625 0.0259259
0 0.128646 0.745833 0.00833333 0.0175926
0 0.411979 0.535185 0.00729167 0.0240741
0 0.353385 0.578704 0.0182292 0.0277778
0 0.26901 0.503241 0.0203125 0.0416667
0 0.236979 0.697222 0.0104167 0.0166667
0 0.208073 0.610648 0.0140625 0.0268519
0 0.348177 0.548148 0.0140625 0.0425926
0 0.220833 0.5625 0.00729167 0.0175926
0 0.413021 0.563426 0.0125 0.0305556
0 0.0684896 0.719444 0.0213542 0.0685185
0 0.277344 0.583796 0.0161458 0.0601852
0 0.242969 0.524537 0.0151042 0.0435185
0 0.326823 0.622222 0.0203125 0.0407407
0 0.49974 0.601852 0.0171875 0.0277778
0 0.241667 0.571296 0.0104167 0.0277778
0 0.441927 0.712963 0.0161458 0.0222222
0 0.226562 0.719444 0.0208333 0.0555556
0 0.343229 0.780556 0.0197917 0.0462963
0 0.491406 0.594444 0.0161458 0.0277778
0 0.36849 0.474537 0.0182292 0.0342593
0 0.37526 0.668981 0.00989583 0.0194444
0 0.241927 0.638426 0.0192708 0.025
0 0.239583 0.474537 0.0229167 0.0490741
0 0.365104 0.585185 0.01875 0.0425926
0 0.386458 0.544444 0.0145833 0.0351852
0 0.39375 0.452315 0.0197917 0.037963
0 0.279427 0.556944 0.0140625 0.0231481
0 0.247656 0.534722 0.0140625 0.0453704
0 0.221354 0.503704 0.0145833 0.0351852
0 0.423698 0.602315 0.0192708 0.0509259
0 0.40651 0.488889 0.0171875 0.0611111
0 0.127865 0.7375 0.0119792 0.012037
0 0.357031 0.542593 0.0171875 0.0462963
0 0.395833 0.602315 0.015625 0.012037
0 0.374479 0.528241 0.0145833 0.0361111
0 0.207552 0.743519 0.0151042 0.0222222
0 0.317708 0.593518 0.0145833 0.0314815
0 0.29974 0.647685 0.00677083 0.0212963
0 0.422135 0.44537 0.0203125 0.0407407
0 0.278385 0.638426 0.0109375 0.0194444
0 0.333854 0.578241 0.0125 0.0416667
0 0.260156 0.55 0.0192708 0.0537037
0 0.334896 0.503241 0.0166667 0.0546296
0 0.342969 0.51713 0.0171875 0.0546296
0 0.722135 0.79213 0.0171875 0.037963
0 0.406771 0.54213 0.025 0.0324074
0 0.352083 0.458796 0.0197917 0.0453704
0 0.416927 0.622685 0.00989583 0.0231481
0 0.357552 0.662037 0.0130208 0.0222222
0 0.377865 0.586111 0.0192708 0.037037
0 0.257812 0.718518 0.0114583 0.0259259
0 0.260156 0.644907 0.0161458 0.0583333
0 0.0786458 0.727315 0.0114583 0.025
0 0.41276 0.697222 0.0119792 0.0166667
0 0.180208 0.519444 0.0229167 0.0518519
0 0.197396 0.525463 0.0197917 0.0509259
0 0.289062 0.540741 0.0166667 0.0481481
0 0.352865 0.518056 0.0171875 0.0453704
0 0.229427 0.645833 0.0130208 0.0268519
0 0.755729 0.801852 0.021875 0.05
0 0.166146 0.543056 0.0135417 0.0453704
0 0.330469 0.481944 0.0182292 0.0583333
0 0.423698 0.624537 0.0109375 0.0601852
0 0.483073 0.617593 0.0140625 0.0240741
0 0.29974 0.719444 0.0171875 0.0296296
0 0.397656 0.476389 0.0223958 0.0509259
0 0.323698 0.702315 0.0203125 0.0435185
0 0.43776 0.706944 0.0151042 0.0231481
0 0.21224 0.696296 0.00260417 0.0203704
0 0.390885 0.490278 0.0203125 0.0416667
0 0.31901 0.481481 0.0192708 0.0407407
0 0.45599 0.681019 0.0213542 0.0453704
0 0.435677 0.625463 0.0213542 0.0324074
0 0.360938 0.681019 0.015625 0.0564815
0 0.467708 0.569444 0.01875 0.0666667
0 0.384635 0.468056 0.0203125 0.0472222
0 0.378125 0.609259 0.0135417 0.0462963
0 0.305208 0.451852 0.0229167 0.05
0 0.31849 0.503704 0.0244792 0.05
0 0.364844 0.443981 0.0213542 0.0490741
0 0.384896 0.600463 0.0208333 0.0601852
0 0.339583 0.646759 0.01875 0.0398148
0 0.272396 0.46713 0.01875 0.0490741
0 0.30599 0.548611 0.0182292 0.0342593
0 0.48151 0.594907 0.0213542 0.0546296
0 0.265104 0.614815 0.0166667 0.0407407
0 0.20026 0.637963 0.0171875 0.0351852
0 0.240365 0.60787 0.0140625 0.037963
0 0.195573 0.689352 0.0078125 0.0175926
0 0.264844 0.511574 0.0203125 0.037963
0 0.290104 0.494907 0.0197917 0.0527778
0 0.269271 0.57037 0.01875 0.0537037
0 0.389323 0.584259 0.0192708 0.0592593
0 0.216406 0.697222 0.00572917 0.0259259
0 0.398958 0.497685 0.0208333 0.0435185
0 0.447656 0.691204 0.0203125 0.0601852
0 0.464844 0.689815 0.0130208 0.05
0 0.23099 0.681481 0.0244792 0.062963
0 0.276563 0.682407 0.021875 0.05
0 0.225781 0.572222 0.0161458 0.0685185
0 0.180729 0.695833 0.0197917 0.0583333
0 0.277083 0.511574 0.0197917 0.0546296
0 0.352083 0.481019 0.01875 0.0490741
0 0.464063 0.599537 0.01875 0.0601852
0 0.532812 0.610648 0.00520833 0.0194444
0 0.26875 0.705093 0.0177083 0.0472222
0 0.302344 0.475463 0.0192708 0.0472222
0 0.298177 0.526389 0.0182292 0.0583333
0 0.294531 0.571296 0.0203125 0.0555556
0 0.185677 0.683333 0.0213542 0.0703704
0 0.239063 0.534259 0.0135417 0.037037
0 0.327604 0.719444 0.021875 0.05
0 0.230469 0.584722 0.0192708 0.0731481
0 0.423438 0.487963 0.01875 0.0518519
0 0.285677 0.696296 0.0223958 0.0481481
0 0.189323 0.556944 0.0244792 0.0527778
0 0.327344 0.553704 0.0213542 0.0574074
0 0.406771 0.5125 0.0229167 0.0564815
0 0.24401 0.697222 0.0203125 0.0611111
0 0.473958 0.586574 0.01875 0.0824074
0 0.348177 0.495833 0.0182292 0.0527778
0 0.180208 0.564815 0.0197917 0.062963
0 0.347917 0.583796 0.0197917 0.0527778
0 0.297656 0.549537 0.0203125 0.0527778
0 0.390104 0.525463 0.025 0.0435185
0 0.397656 0.710648 0.0223958 0.0583333
0 0.434896 0.510648 0.0208333 0.0527778
0 0.41875 0.69213 0.0197917 0.0490741
0 0.222396 0.548611 0.021875 0.0490741
0 0.401563 0.615278 0.01875 0.0472222
0 0.31901 0.533796 0.0192708 0.062037
0 0.252604 0.594907 0.01875 0.0472222
0 0.38125 0.704167 0.021875 0.0509259
0 0.30599 0.527315 0.0171875 0.0546296
0 0.302865 0.698148 0.0203125 0.0574074
0 0.240104 0.617593 0.021875 0.0388889
0 0.484896 0.696759 0.0197917 0.0564815
0 0.255469 0.697685 0.0192708 0.0490741
0 0.311458 0.549537 0.0197917 0.0564815
0 0.501302 0.585185 0.0276042 0.0481481
0 0.165365 0.733796 0.0244792 0.0638889
0 0.442969 0.570833 0.0213542 0.062037
0 0.31875 0.569444 0.01875 0.0537037
0 0.35651 0.599074 0.0213542 0.0648148
0 0.226823 0.481944 0.0234375 0.0472222
0 0.451823 0.587037 0.0192708 0.0592593
0 0.239063 0.734722 0.01875 0.0601852
0 0.30599 0.569444 0.0203125 0.062963
0 0.247917 0.488426 0.0208333 0.0638889
0 0.172917 0.571759 0.025 0.0472222
0 0.422917 0.518056 0.0229167 0.0527778
0 0.28099 0.7125 0.0203125 0.0638889
0 0.439583 0.539815 0.0239583 0.05
0 0.0979167 0.712037 0.0239583 0.0518519
0 0.328125 0.689815 0.0197917 0.0648148
0 0.307031 0.476389 0.0171875 0.0675926
0 0.252865 0.563889 0.0203125 0.0592593
0 0.438802 0.675 0.0223958 0.062963
0 0.459635 0.60787 0.0109375 0.0601852
0 0.414583 0.593982 0.0239583 0.0583333
0 0.28151 0.569907 0.0182292 0.0601852
0 0.301823 0.659722 0.0203125 0.062037
0 0.360677 0.497685 0.0213542 0.0435185
0 0.227344 0.505556 0.0203125 0.0740741
0 0.41849 0.503704 0.0234375 0.0574074
0 0.314583 0.60787 0.015625 0.0638889
0 0.415104 0.474537 0.0208333 0.0601852
0 0.15625 0.556481 0.0229167 0.0648148
0 0.372396 0.44537 0.021875 0.0592593
0 0.352604 0.660648 0.021875 0.0435185
0 0.44375 0.482407 0.0229167 0.0648148
0 0.351562 0.555556 0.0166667 0.0611111
0 0.264844 0.673611 0.0244792 0.0546296
0 0.452344 0.609259 0.0203125 0.0611111
0 0.260156 0.570833 0.0213542 0.062037
0 0.39349 0.564352 0.0182292 0.062037
0 0.260938 0.527778 0.0208333 0.05
0 0.339844 0.473611 0.0192708 0.0601852
0 0.439323 0.622685 0.0182292 0.0564815
0 0.289583 0.519444 0.021875 0.0481481
0 0.141406 0.691204 0.0203125 0.0546296
0 0.522917 0.636574 0.0239583 0.0768519
0 0.446875 0.616204 0.015625 0.0509259
0 0.260417 0.481019 0.021875 0.062037
0 0.40625 0.630556 0.0208333 0.0592593
0 0.498437 0.562963 0.0260417 0.0333333
0 0.218229 0.519444 0.021875 0.0537037
0 0.386458 0.512037 0.025 0.0462963
0 0.125781 0.743056 0.0276042 0.0435185
0 0.0601562 0.734722 0.0255208 0.037963
0 0.430729 0.631019 0.0177083 0.0546296
0 0.442708 0.594907 0.021875 0.062037
0 0.327083 0.601852 0.0208333 0.062963
0 0.426562 0.70463 0.0260417 0.0444444
0 0.269271 0.623611 0.0208333 0.0601852
0 0.35599 0.636574 0.0213542 0.0509259
0 0.422396 0.571759 0.0197917 0.0675926
0 0.239844 0.539815 0.0213542 0.0574074
0 0.252604 0.541667 0.021875 0.0518519
0 0.385938 0.564815 0.0208333 0.0574074
0 0.185156 0.57963 0.0244792 0.0592593
0 0.248437 0.578704 0.0197917 0.0703704
0 0.36875 0.577315 0.0197917 0.0712963
0 0.230469 0.526852 0.0213542 0.0648148
0 0.377604 0.616204 0.021875 0.0657407
0 0.36849 0.643519 0.0223958 0.0648148
0 0.26849 0.653704 0.0223958 0.0574074
0 0.115104 0.718982 0.0229167 0.0694444
0 0.24974 0.713889 0.0192708 0.0574074
0 0.310937 0.646759 0.021875 0.0564815
0 0.09375 0.734722 0.021875 0.062037
0 0.459635 0.579167 0.0203125 0.0731481
0 0.43099 0.563426 0.0244792 0.0583333
0 0.336198 0.526389 0.0213542 0.0768519
0 0.286198 0.616204 0.0234375 0.0601852
0 0.377604 0.666667 0.025 0.0481481
0 0.50625 0.606944 0.0239583 0.0564815
0 0.43099 0.676389 0.0192708 0.0583333
0 0.21875 0.5 0.025 0.062963
0 0.272656 0.533796 0.0192708 0.0657407
0 0.402083 0.644444 0.021875 0.0592593
0 0.467969 0.698148 0.0223958 0.0722222
0 0.41849 0.534259 0.0223958 0.0574074
0 0.276302 0.489352 0.0223958 0.0657407
0 0.248437 0.510648 0.0229167 0.0527778
0 0.326823 0.532407 0.0182292 0.0703704
0 0.314583 0.591667 0.021875 0.0537037
0 0.327083 0.643519 0.0239583 0.0518519
0 0.339583 0.549074 0.0166667 0.0648148
0 0.377865 0.563426 0.0234375 0.0546296
0 0.385938 0.684259 0.021875 0.0611111
0 0.364583 0.541204 0.0197917 0.0694444
0 0.410417 0.562963 0.0229167 0.0555556
0 0.23099 0.735648 0.0234375 0.0583333
0 0.285677 0.668519 0.0203125 0.0666667
0 0.252083 0.668981 0.0239583 0.0638889
0 0.297396 0.644444 0.0229167 0.0537037
0 0.384896 0.541204 0.0229167 0.0527778
0 0.402604 0.548148 0.0229167 0.0703704
0 0.335677 0.621759 0.0213542 0.062037
0 0.335417 0.659259 0.01875 0.0740741
0 0.227083 0.644907 0.0270833 0.0435185
0 0.10651 0.72037 0.0223958 0.0648148
0 0.376823 0.533796 0.0203125 0.0638889
0 0.29401 0.727778 0.0223958 0.0666667
0 0.151302 0.699074 0.0234375 0.0611111
0 0.201823 0.556944 0.0234375 0.0675926
0 0.222396 0.675926 0.025 0.0555556
0 0.36901 0.61713 0.0203125 0.0546296
0 0.515365 0.70463 0.0192708 0.0518519
0 0.460677 0.489352 0.0223958 0.0601852
0 0.240104 0.638889 0.0260417 0.0518519
0 0.347917 0.651389 0.0229167 0.075
0 0.235677 0.697222 0.0234375 0.0685185
0 0.427344 0.535185 0.0223958 0.0666667
0 0.297135 0.6 0.0244792 0.062963
0 0.248958 0.631019 0.0229167 0.062037
0 0.277344 0.60787 0.0234375 0.062037
0 0.226823 0.61713 0.0223958 0.0657407
0 0.31875 0.645833 0.0197917 0.0638889
0 0.377344 0.644444 0.0244792 0.062963
0 0.476562 0.705556 0.025 0.0537037
0 0.135417 0.705093 0.025 0.0638889
0 0.256771 0.615741 0.021875 0.0703704
0 0.356771 0.569907 0.01875 0.0657407
0 0.24375 0.616667 0.0208333 0.0703704
0 0.459896 0.616204 0.0208333 0.0657407
0 0.277344 0.637037 0.0234375 0.0722222
0 0.294792 0.667593 0.021875 0.0611111
0 0.398177 0.688889 0.0244792 0.0611111
0 0.218229 0.564815 0.0239583 0.062963
0 0.447656 0.713426 0.0255208 0.0601852
0 0.277083 0.556481 0.0239583 0.0537037
0 0.39375 0.600463 0.0229167 0.0694444
0 0.472917 0.622222 0.0260417 0.05
0 0.16875 0.543519 0.0260417 0.0703704
0 0.348177 0.698611 0.0223958 0.0675926
0 0.269531 0.593056 0.0203125 0.062037
0 0.302865 0.615741 0.0234375 0.0685185
0 0.365104 0.697685 0.021875 0.0601852
0 0.315365 0.675463 0.0213542 0.0694444
0 0.20599 0.609259 0.0265625 0.0574074
0 0.373177 0.698148 0.0203125 0.0648148
0 0.344531 0.614815 0.0213542 0.0666667
0 0.202344 0.698611 0.0244792 0.062037
0 0.0770833 0.727778 0.0239583 0.0666667
0 0.390625 0.645833 0.021875 0.075
0 0.423438 0.631481 0.0229167 0.062963
0 0.339844 0.599537 0.0203125 0.0694444
0 0.493229 0.691204 0.021875 0.0694444
0 0.33151 0.57963 0.0244792 0.0685185
0 0.165625 0.691667 0.0229167 0.0555556
0 0.43151 0.601389 0.0234375 0.0638889
0 0.477344 0.527778 0.0234375 0.0592593
0 0.211198 0.661574 0.0255208 0.0712963
0 0.123177 0.72037 0.0255208 0.0777778
0 0.527604 0.674537 0.021875 0.0601852
0 0.310937 0.697685 0.0208333 0.0694444
0 0.290104 0.586111 0.0239583 0.0611111
0 0.215104 0.728241 0.025 0.0694444
0 0.239063 0.571296 0.0239583 0.0648148
0 0.410156 0.534722 0.0255208 0.0657407
0 0.340104 0.690278 0.021875 0.0731481
0 0.48125 0.614352 0.0270833 0.0527778
0 0.197656 0.639352 0.0255208 0.0712963
0 0.435417 0.705556 0.0260417 0.062963
0 0.256771 0.721296 0.025 0.0592593
0 0.489062 0.594907 0.025 0.0657407
0 0.497917 0.601389 0.0239583 0.0675926
0 0.410417 0.697685 0.025 0.0601852
0 0.53099 0.608333 0.0265625 0.0592593
0 0.414583 0.624074 0.0229167 0.0703704
0 0.356771 0.659722 0.0239583 0.0768519
0 0.207031 0.743056 0.0244792 0.0601852
0 0.19375 0.690741 0.0260417 0.0740741
0 0.215104 0.697685 0.0260417 0.0694444
