0 0.617969 0.274074 0.0161458 0.0222222
0 0.917448 0.172222 0.0151042 0.0314815
0 0.694271 0.624074 0.03125 0.0296296
0 0.785417 0.593056 0.0145833 0.0194444
0 0.589063 0.399074 0.0395833 0.109259
0 0.709635 0.602778 0.0171875 0.0259259
0 0.905208 0.65463 0.0114583 0.0222222
0 0.877604 0.673148 0.0385417 0.0407407
0 0.835156 0.781018 0.0119792 0.037963
0 0.434896 0.348148 0.00625 0.0185185
0 0.835938 0.623611 0.040625 0.0231481
0 0.573698 0.300463 0.00677083 0.0398148
0 0.513802 0.262963 0.00989583 0.0166667
0 0.994792 0.348611 0.00833333 0.012037
0 0.851823 0.682407 0.0192708 0.0259259
0 0.923177 0.643981 0.0161458 0.0564815
0 0.833333 0.550926 0.053125 0.062963
0 0.898958 0.301389 0.00729167 0.0509259
0 0.45625 0.375926 0.028125 0.0574074
0 0.753385 0.418981 0.0401042 0.0268519
0 0.686198 0.375463 0.00572917 0.0342593
0 0.845833 0.643519 0.0302083 0.0296296
0 0.636458 0.378704 0.00208333 0.0444444
0 0.854427 0.583796 0.0442708 0.113889
0 0.723437 0.668519 0.0145833 0.00925926
0 0.673437 0.37037 0.00625 0.0333333
0 0.401302 0.223148 0.0109375 0.0444444
0 0.376042 0.248148 0.0239583 0.0240741
0 0.883594 0.303704 0.00572917 0.0111111
0 0.577344 0.286111 0.0463542 0.0981481
0 0.926823 0.660185 0.0276042 0.0351852
0 0.794271 0.42963 0.025 0.0203704
0 0.992188 0.574074 0.015625 0.012963
0 0.973958 0.487963 0.0385417 0.0592593
0 0.749219 0.4375 0.0119792 0.0361111
0 0.854688 0.630556 0.0197917 0.0185185
0 0.865365 0.652315 0.0244792 0.025
0 0.357292 0.215278 0.00729167 0.0527778
0 0.989062 0.333796 0.021875 0.0305556
0 0.751302 0.349074 0.0234375 0.0407407
0 0.98125 0.40787 0.0375 0.0805556
0 0.771094 0.302778 0.0109375 0.0685185
0 0.536719 0.359259 0.0046875 0.037037
0 0.772917 0.59213 0.0166667 0.0324074
0 0.527604 0.262963 0.00625 0.0444444
0 0.401823 0.245833 0.0244792 0.0231481
0 0.646875 0.387963 0.0208333 0.0222222
0 0.616667 0.286574 0.0208333 0.0175926
0 0.785417 0.637963 0.0114583 0.0333333
0 0.801562 0.933796 0.0114583 0.0657407
0 0.894531 0.698148 0.0161458 0.0351852
0 0.70026 0.413426 0.0255208 0.0398148
0 0.992969 0.34213 0.0140625 0.0138889
0 0.957292 0.453241 0.0125 0.0175926
0 0.736979 0.29537 0.00833333 0.00740741
0 0.84349 0.298148 0.0453125 0.0833333
0 0.78724 0.636111 0.0484375 0.0833333
0 0.594792 0.288426 0.0447917 0.0287037
0 0.83125 0.355556 0.01875 0.0222222
0 0.844531 0.629167 0.0119792 0.0435185
0 0.511719 0.410648 0.0161458 0.0101852
0 0.423958 0.378704 0.025 0.0333333
0 0.919531 0.284722 0.0244792 0.00833333
0 0.435417 0.387037 0.009375 0.0185185
0 0.757031 0.295833 0.0119792 0.0416667
0 0.822917 0.704167 0.0354167 0.0361111
0 0.455208 0.376852 0.00833333 0.0592593
0 0.586979 0.379167 0.0260417 0.0138889
0 0.7625 0.312963 0.0395833 0.0222222
0 0.785677 0.652315 0.0223958 0.0231481
0 0.77474 0.276852 0.0182292 0.0222222
0 0.825521 0.283333 0.0427083 0.0814815
0 0.724479 0.652778 0.05 0.0759259
0 0.904688 0.65787 0.0395833 0.0916667
0 0.657552 0.298148 0.0161458 0.0166667
0 0.815104 0.337037 0.00208333 0.0203704
0 0.869792 0.306481 0.0479167 0.062963
0 0.497656 0.105556 0.0161458 0.00925926
0 0.797917 0.653241 0.0114583 0.0287037
0 0.749479 0.566204 0.0177083 0.0342593
0 0.75625 0.660185 0.0354167 0.0425926
0 0.317708 0.181481 0.015625 0.0296296
0 0.880729 0.6625 0.0260417 0.0361111
0 0.814323 0.350463 0.0265625 0.0231481
0 0.89375 0.585648 0.0385417 0.126852
0 0.854688 0.687963 0.0520833 0.0814815
0 0.747656 0.335648 0.0494792 0.062037
0 0.540885 0.90787 0.0161458 0.0435185
0 0.657292 0.543981 0.0395833 0.0361111
0 0.865885 0.282407 0.0192708 0.012963
0 0.811979 0.626389 0.0375 0.0935185
0 0.873698 0.601389 0.0380208 0.0861111
0 0.689323 0.444444 0.0234375 0.0333333
0 0.914844 0.630556 0.0140625 0.0296296
0 0.795313 0.319907 0.0104167 0.0657407
0 0.751823 0.651852 0.0109375 0.0333333
0 0.805469 0.406019 0.0494792 0.0842593
0 0.910677 0.633333 0.0130208 0.0481481
0 0.990625 0.456019 0.00416667 0.0287037
0 0.719271 0.591204 0.0197917 0.0564815
0 0.552083 0.352778 0.0260417 0.0351852
0 0.835677 0.676389 0.0171875 0.0231481
0 0.894271 0.450926 0.0208333 0.0240741
0 0.876823 0.719907 0.0453125 0.112037
0 0.68151 0.410185 0.0182292 0.0277778
0 0.763542 0.586111 0.0177083 0.0185185
0 0.789844 0.599537 0.0151042 0.0231481
0 0.623177 0.550926 0.0130208 0.0111111
0 0.894271 0.668981 0.0229167 0.025
0 0.686458 0.300463 0.003125 0.0546296
0 0.866406 0.301852 0.0276042 0.0296296
0 0.794531 0.181019 0.0130208 0.0175926
0 0.690625 0.430556 0.00625 0.0333333
0 0.361198 0.223611 0.0286458 0.0231481
0 0.822917 0.763889 0.0114583 0.037037
0 0.832292 0.712037 0.0260417 0.0481481
0 0.753385 0.439815 0.0151042 0.0185185
0 0.664583 0.284259 0.0177083 0.0222222
0 0.536979 0.293981 0.00520833 0.0231481
0 0.990885 0.406019 0.00989583 0.0564815
0 0.67526 0.436574 0.00677083 0.0712963
0 0.40599 0.231019 0.0255208 0.0287037
0 0.507812 0.346759 0.0385417 0.110185
0 0.823438 0.656482 0.0375 0.0814815
0 0.854688 0.6375 0.0239583 0.0194444
0 0.241146 0.197685 0.0333333 0.0194444
0 0.959635 0.383796 0.0338542 0.0972222
0 0.753125 0.614352 0.0145833 0.0305556
0 0.632812 0.146296 0.0166667 0.0111111
0 0.832031 0.454167 0.0286458 0.0138889
0 0.579427 0.378704 0.00989583 0.0111111
0 0.79401 0.406944 0.0130208 0.025
0 0.640104 0.572685 0.0333333 0.0324074
0 0.514063 0.668519 0.015625 0.0240741
0 0.982813 0.321296 0.0208333 0.0185185
0 0.738281 0.414815 0.0286458 0.0425926
0 0.653906 0.526852 0.0494792 0.0888889
0 0.776042 0.406944 0.0375 0.0990741
0 0.488542 0.400926 0.0458333 0.0944444
0 0.8875 0.325926 0.00520833 0.00925926
0 0.889844 0.673148 0.0151042 0.0685185
0 0.817448 0.423611 0.0536458 0.0787037
0 0.609896 0.42963 0.00833333 0.0444444
0 0.792188 0.455556 0.0229167 0.0333333
0 0.823958 0.2875 0.00416667 0.0472222
0 0.757031 0.55787 0.0203125 0.025
0 0.589844 0.379167 0.0078125 0.0361111
0 0.75625 0.334722 0.00625 0.0435185
0 0.743229 0.437963 0.025 0.0648148
0 0.848958 0.621759 0.009375 0.0398148
0 0.465365 0.241667 0.0234375 0.0259259
0 0.430469 0.395833 0.0244792 0.0231481
0 0.503125 0.351389 0.00833333 0.0657407
0 0.533073 0.439352 0.00885417 0.0194444
0 0.498698 0.418981 0.00989583 0.0398148
0 0.559375 0.436574 0.0208333 0.0231481
0 0.745313 0.286111 0.00833333 0.05
0 0.740365 0.643981 0.0203125 0.0398148
0 0.76875 0.643981 0.0177083 0.025
0 0.453646 0.373148 0.0604167 0.0777778
0 0.875521 0.727315 0.009375 0.0472222
0 0.754687 0.657407 0.040625 0.116667
0 0.99401 0.418981 0.0119792 0.0212963
0 0.657292 0.386111 0.009375 0.0574074
0 0.585938 0.284259 0.01875 0.037037
0 0.845052 0.713426 0.0109375 0.0287037
0 0.778906 0.575926 0.0536458 0.0555556
0 0.941667 0.587037 0.0375 0.0351852
0 0.998177 0.346759 0.00364583 0.0138889
0 0.529427 0.311111 0.0265625 0.0425926
0 0.73099 0.231944 0.00885417 0.0564815
0 0.638281 0.548611 0.0182292 0.0324074
0 0.947656 0.453704 0.0203125 0.0425926
0 0.709635 0.439352 0.0109375 0.0398148
0 0.760938 0.578241 0.021875 0.0101852
0 0.70599 0.421759 0.0140625 0.0305556
0 0.538542 0.440741 0.00416667 0.0333333
0 0.692187 0.386574 0.0114583 0.0157407
0 0.76901 0.651852 0.0203125 0.0222222
0 0.72526 0.410185 0.0161458 0.0203704
0 0.980208 0.406944 0.003125 0.0305556
0 0.75026 0.295833 0.0119792 0.025
0 0.802344 0.615278 0.0192708 0.025
0 0.765625 0.593982 0.0239583 0.025
0 0.464063 0.38287 0.0260417 0.0324074
0 0.682552 0.399537 0.0151042 0.025
0 0.984635 0.291204 0.0192708 0.0435185
0 0.59349 0.400926 0.0203125 0.0333333
0 0.725 0.646296 0.0145833 0.0259259
0 0.648438 0.536111 0.00729167 0.0407407
0 0.708073 0.298148 0.0151042 0.0666667
0 0.977604 0.443981 0.0114583 0.037963
0 0.8375 0.291204 0.046875 0.0324074
0 0.703125 0.318056 0.0229167 0.037963
0 0.752604 0.336111 0.00416667 0.0333333
0 0.88776 0.289352 0.0244792 0.0453704
0 0.602344 0.274537 0.0203125 0.0324074
0 0.935677 0.42963 0.0109375 0.0518519
0 0.927865 0.64537 0.0328125 0.0296296
0 0.626562 0.548148 0.0229167 0.0611111
0 0.977083 0.661111 0.0104167 0.0277778
0 0.976562 0.598148 0.046875 0.0962963
0 0.655469 0.592593 0.0255208 0.05
0 0.59974 0.280556 0.00885417 0.0333333
0 0.959115 0.633333 0.0421875 0.0944444
0 0.797396 0.573148 0.0520833 0.0648148
0 0.857552 0.603241 0.00989583 0.012037
0 0.901823 0.652778 0.00885417 0.0314815
0 0.371094 0.225 0.0276042 0.0240741
0 0.49375 0.261111 0.003125 0.0240741
0 0.900781 0.284259 0.00989583 0.0185185
0 0.486458 0.403704 0.025 0.0185185
0 0.75 0.302315 0.0291667 0.025
0 0.53099 0.430556 0.0203125 0.0314815
0 0.722656 0.606944 0.0151042 0.0694444
0 0.610937 0.402778 0.05 0.111111
0 0.840104 0.566667 0.025 0.0148148
0 0.349219 0.239352 0.0317708 0.0231481
0 0.716406 0.408796 0.00677083 0.0342593
0 0.827083 0.647685 0.021875 0.0601852
0 0.541927 0.369907 0.00572917 0.0175926
0 0.857031 0.689352 0.0369792 0.0361111
0 0.54375 0.431944 0.0427083 0.108333
0 0.510156 0.416667 0.0182292 0.0185185
0 0.910417 0.580093 0.0125 0.0268519
0 0.74401 0.544444 0.0171875 0.0166667
0 0.977083 0.475463 0.015625 0.0324074
0 0.971615 0.46713 0.0046875 0.0287037
0 0.528385 0.273611 0.00364583 0.025
0 0.994271 0.441204 0.00520833 0.062037
0 0.853125 0.6875 0.0114583 0.0694444
0 0.608594 0.443981 0.0203125 0.0268519
0 0.602604 0.298148 0.0229167 0.0203704
0 0.932813 0.431481 0.0666667 0.0666667
0 0.74375 0.54537 0.0541667 0.0537037
0 0.408333 0.36713 0.00833333 0.0138889
0 0.823438 0.751852 0.0479167 0.109259
0 0.578906 0.306019 0.0119792 0.0657407
0 0.960677 0.644907 0.0203125 0.0768519
0 0.854688 0.43287 0.0447917 0.108333
0 0.95599 0.602778 0.0421875 0.087037
0 0.991667 0.426852 0.0166667 0.0185185
0 0.935938 0.62963 0.0104167 0.0314815
0 0.7625 0.294444 0.009375 0.0277778
0 0.939062 0.628704 0.0354167 0.103704
0 0.630208 0.573148 0.0166667 0.00925926
0 0.78099 0.643981 0.00364583 0.0194444
0 0.502604 0.108796 0.0135417 0.0194444
0 0.378385 0.206944 0.00260417 0.0231481
0 0.807031 0.564815 0.0255208 0.0203704
0 0.611719 0.373611 0.0192708 0.025
0 0.99401 0.283333 0.0119792 0.0277778
0 0.503646 0.365741 0.00208333 0.0351852
0 0.982552 0.343981 0.00677083 0.0435185
0 0.989844 0.675 0.0161458 0.037037
0 0.463021 0.409722 0.0197917 0.012037
0 0.830729 0.340741 0.021875 0.0407407
0 0.701563 0.293981 0.025 0.0212963
0 0.989583 0.668056 0.0208333 0.025
0 0.869271 0.6 0.00833333 0.0203704
0 0.435937 0.24213 0.00208333 0.0416667
0 0.820312 0.694444 0.0458333 0.0944444
0 0.79401 0.57037 0.0213542 0.0574074
0 0.989844 0.577315 0.0130208 0.0175926
0 0.551042 0.369444 0.0125 0.0481481
0 0.592708 0.39213 0.0125 0.0638889
0 0.916667 0.328241 0.0145833 0.0138889
0 0.778125 0.312963 0.00625 0.0425926
0 0.952865 0.451852 0.0171875 0.0296296
0 0.860937 0.644444 0.00729167 0.0222222
0 0.835938 0.711574 0.00833333 0.0231481
0 0.892448 0.431019 0.0369792 0.106481
0 0.975521 0.453241 0.0458333 0.10463
0 0.434375 0.375926 0.00833333 0.0333333
0 0.436979 0.350926 0.025 0.0185185
0 0.552604 0.405093 0.00625 0.0212963
0 0.928906 0.326389 0.00885417 0.0305556
0 0.992708 0.298148 0.0145833 0.0351852
0 0.838802 0.712963 0.0411458 0.0944444
0 0.547917 0.440741 0.00729167 0.0277778
0 0.94375 0.689815 0.0166667 0.0351852
0 0.85 0.651852 0.0270833 0.0203704
0 0.815365 0.665741 0.0223958 0.0185185
0 0.725521 0.246296 0.028125 0.0277778
0 0.573698 0.268056 0.0213542 0.0398148
0 0.819792 0.592593 0.0145833 0.0166667
0 0.636979 0.422685 0.003125 0.0324074
0 0.493229 0.362037 0.00104167 0.0518519
0 0.970833 0.689815 0.0583333 0.0907407
0 0.271615 0.199537 0.0598958 0.0564815
0 0.91276 0.448611 0.0515625 0.0842593
0 0.992448 0.306481 0.0151042 0.0314815
0 0.452604 0.22963 0.00104167 0.0388889
0 0.724219 0.603241 0.0244792 0.0287037
0 0.96849 0.691667 0.0203125 0.0703704
0 0.923177 0.283333 0.0015625 0.037037
0 0.553125 0.275463 0.0145833 0.0175926
0 0.973177 0.444444 0.00989583 0.0444444
0 0.871615 0.335648 0.0140625 0.0731481
0 0.877604 0.345833 0.0145833 0.0212963
0 0.948958 0.3375 0.00520833 0.0416667
0 0.502604 0.353704 0.025 0.0277778
0 0.655469 0.587037 0.0078125 0.0351852
0 0.915885 0.306944 0.00677083 0.0398148
0 0.51276 0.35787 0.00677083 0.0342593
0 0.49375 0.235185 0.00208333 0.0222222
0 0.560156 0.428241 0.00677083 0.0138889
0 0.747135 0.603704 0.0453125 0.0981481
0 0.750521 0.416204 0.0135417 0.0731481
0 0.536458 0.264815 0.00208333 0.0351852
0 0.821875 0.661111 0.0166667 0.0722222
0 0.775521 0.28287 0.00416667 0.0416667
0 0.420312 0.371296 0.009375 0.0388889
0 0.677083 0.574537 0.0520833 0.087963
0 0.722656 0.670833 0.0171875 0.062037
0 0.573698 0.368519 0.00572917 0.0314815
0 0.807552 0.571759 0.0203125 0.012037
0 0.573698 0.386111 0.0192708 0.0203704
0 0.803125 0.411574 0.00625 0.0268519
0 0.789583 0.571296 0.0125 0.0259259
0 0.6375 0.385185 0.0114583 0.0462963
0 0.848437 0.599537 0.00625 0.0416667
0 0.46875 0.238426 0.00104167 0.0398148
0 0.514063 0.406944 0.0104167 0.0305556
0 0.978125 0.415741 0.0270833 0.0259259
0 0.921094 0.286111 0.0505208 0.109259
0 0.447656 0.260185 0.00260417 0.037037
0 0.473698 0.378704 0.00677083 0.0203704
0 0.427344 0.374074 0.0046875 0.0185185
0 0.857552 0.682407 0.0161458 0.0444444
0 0.591406 0.272222 0.0046875 0.05
0 0.722656 0.641204 0.0265625 0.0601852
0 0.422135 0.25 0.0046875 0.062963
0 0.528385 0.439352 0.0130208 0.0157407
0 0.719271 0.603704 0.0572917 0.0703704
0 0.834115 0.622222 0.0109375 0.062963
0 0.992448 0.600926 0.0151042 0.0277778
0 0.927865 0.674537 0.0223958 0.0416667
0 0.919792 0.304167 0.009375 0.0453704
0 0.791146 0.607407 0.0197917 0.0333333
0 0.785677 0.644907 0.00572917 0.0194444
0 0.564844 0.421759 0.00885417 0.037963
0 0.784115 0.285185 0.00885417 0.0277778
0 0.514063 0.423148 0.0229167 0.0388889
0 0.689844 0.615278 0.00677083 0.0175926
0 0.403906 0.212963 0.0203125 0.0185185
0 0.832812 0.446296 0.0125 0.0240741
0 0.874219 0.458796 0.0255208 0.0212963
0 0.963802 0.373148 0.00364583 0.0222222
0 0.619271 0.550463 0.0114583 0.0138889
0 0.6625 0.433333 0.0104167 0.0351852
0 0.839844 0.705556 0.0296875 0.0259259
0 0.657292 0.576852 0.0364583 0.118519
0 0.598177 0.366204 0.0317708 0.0324074
0 0.636458 0.287963 0.00729167 0.0185185
0 0.611458 0.426852 0.028125 0.037037
0 0.889323 0.321296 0.0161458 0.0296296
0 0.619271 0.318981 0.0260417 0.0305556
0 0.677865 0.431944 0.0119792 0.0175926
0 0.823438 0.696759 0.01875 0.0361111
0 0.498177 0.266204 0.0078125 0.025
0 0.81901 0.696759 0.0109375 0.0268519
0 0.783333 0.422685 0.025 0.0324074
0 0.944531 0.69213 0.0369792 0.119444
0 0.591927 0.291204 0.0130208 0.062037
0 0.580729 0.430093 0.00729167 0.0287037
0 0.56901 0.380556 0.0244792 0.0333333
0 0.751562 0.558796 0.0114583 0.0175926
0 0.274479 0.197222 0.0135417 0.0277778
0 0.890365 0.602778 0.0213542 0.0259259
0 0.580729 0.435185 0.0145833 0.0222222
0 0.652344 0.409259 0.0359375 0.0277778
0 0.865104 0.644907 0.015625 0.025
0 0.873958 0.444444 0.00729167 0.0444444
0 0.472917 0.368056 0.009375 0.0416667
0 0.848958 0.291204 0.00729167 0.0490741
0 0.819792 0.585648 0.0208333 0.0231481
0 0.7 0.4 0.025 0.0240741
0 0.535156 0.295833 0.0151042 0.0398148
0 0.538281 0.314352 0.0130208 0.0287037
0 0.614062 0.410648 0.009375 0.0398148
0 0.407292 0.206944 0.0135417 0.0212963
0 0.98125 0.594444 0.021875 0.0666667
0 0.674219 0.436574 0.0151042 0.0194444
0 0.96224 0.281019 0.00260417 0.0416667
0 0.480729 0.225 0.003125 0.0259259
0 0.820312 0.305556 0.03125 0.0277778
0 0.786198 0.608796 0.0213542 0.0546296
0 0.770833 0.417593 0.0145833 0.0240741
0 0.874219 0.600463 0.0161458 0.0231481
0 0.6375 0.438426 0.015625 0.0231481
0 0.803125 0.658796 0.0177083 0.0175926
0 0.469792 0.271296 0.0125 0.0314815
0 0.553385 0.411111 0.0078125 0.0203704
0 0.535677 0.365278 0.0192708 0.0305556
0 0.985417 0.579167 0.021875 0.0361111
0 0.501302 0.412963 0.00364583 0.0296296
0 0.69349 0.409259 0.0171875 0.0407407
0 0.895312 0.594907 0.0114583 0.0324074
0 0.715104 0.447685 0.03125 0.0342593
0 0.8375 0.616204 0.0104167 0.0194444
0 0.945573 0.571759 0.00572917 0.0361111
0 0.571354 0.283333 0.0125 0.0388889
0 0.89401 0.437037 0.0182292 0.0259259
0 0.992969 0.321296 0.0140625 0.0333333
0 0.894271 0.3125 0.00729167 0.0287037
0 0.819792 0.432407 0.0145833 0.0203704
0 0.484375 0.404167 0.00208333 0.037963
0 0.741146 0.286574 0.003125 0.0324074
0 0.99375 0.448611 0.0125 0.0453704
0 0.98125 0.622222 0.0104167 0.0351852
0 0.953646 0.324537 0.00416667 0.0398148
0 0.675 0.37963 0.00729167 0.0203704
0 0.660417 0.5875 0.0135417 0.0398148
0 0.451042 0.364352 0.00520833 0.062037
0 0.455729 0.222222 0.00104167 0.0259259
0 0.81224 0.305093 0.0078125 0.0342593
0 0.410677 0.222685 0.0078125 0.025
0 0.528125 0.399074 0.003125 0.0296296
0 0.913802 0.577778 0.0546875 0.0851852
0 0.720573 0.400926 0.0046875 0.0388889
0 0.81875 0.703241 0.0177083 0.0527778
0 0.883854 0.450463 0.0260417 0.0287037
0 0.458594 0.234259 0.00572917 0.037037
0 0.496615 0.412963 0.0015625 0.0222222
0 0.920573 0.313426 0.0171875 0.0305556
0 0.41901 0.253704 0.00260417 0.0555556
0 0.461458 0.232407 0.003125 0.0240741
0 0.550521 0.272685 0.009375 0.037963
0 0.840104 0.713426 0.0166667 0.025
0 0.378906 0.223611 0.00677083 0.0453704
0 0.657812 0.536574 0.00729167 0.0305556
0 0.548958 0.407407 0.00416667 0.0296296
0 0.910417 0.451389 0.00833333 0.0361111
0 0.46875 0.244907 0.00416667 0.0361111
0 0.49401 0.265741 0.00677083 0.0240741
0 0.71224 0.289815 0.00572917 0.0240741
0 0.652083 0.431481 0.00625 0.0388889
0 0.89375 0.444444 0.0166667 0.0166667
0 0.697917 0.303704 0.00208333 0.0555556
0 0.554167 0.365741 0.003125 0.012963
0 0.994271 0.35 0.0114583 0.037037
0 0.764583 0.594444 0.021875 0.0537037
0 0.451823 0.394444 0.0276042 0.0759259
0 0.661719 0.289352 0.0046875 0.037963
0 0.589583 0.419907 0.00625 0.0324074
0 0.709115 0.393056 0.00677083 0.0361111
0 0.990885 0.573148 0.0182292 0.0314815
0 0.431771 0.252778 0.003125 0.0277778
0 0.815885 0.628704 0.0244792 0.037037
0 0.514323 0.25463 0.0015625 0.0185185
0 0.869271 0.343981 0.00729167 0.0453704
0 0.632031 0.574074 0.0255208 0.0648148
0 0.385938 0.22963 0.009375 0.0351852
0 0.484896 0.257407 0.00104167 0.0351852
0 0.609896 0.410185 0.00833333 0.0407407
0 0.694271 0.616204 0.0125 0.0268519
0 0.979167 0.303241 0.0229167 0.0361111
0 0.947917 0.698148 0.0125 0.0259259
0 0.485677 0.265741 0.0078125 0.0277778
0 0.482031 0.264352 0.0046875 0.0268519
0 0.985156 0.335648 0.00260417 0.0231481
0 0.761719 0.302778 0.0171875 0.0203704
0 0.540365 0.263889 0.0015625 0.0296296
0 0.940104 0.629167 0.0125 0.0324074
0 0.403125 0.206944 0.009375 0.0175926
0 0.797917 0.427315 0.0208333 0.0398148
0 0.935417 0.451852 0.0166667 0.037037
0 0.770833 0.303241 0.0177083 0.0231481
0 0.934896 0.297685 0.00625 0.0490741
0 0.823438 0.760185 0.0208333 0.0833333
0 0.527865 0.406944 0.00572917 0.0287037
0 0.774219 0.460185 0.0161458 0.0351852
0 0.958073 0.336574 0.0078125 0.0231481
0 0.877344 0.669444 0.0171875 0.0296296
0 0.611458 0.26713 0.003125 0.0398148
0 0.798958 0.416204 0.0135417 0.025
0 0.451042 0.382407 0.003125 0.0555556
0 0.820312 0.298611 0.00729167 0.0194444
0 0.673698 0.430093 0.0109375 0.0175926
0 0.497917 0.260185 0.00520833 0.0333333
0 0.824219 0.291667 0.0234375 0.0240741
0 0.797656 0.616204 0.0192708 0.0416667
0 0.653385 0.400926 0.0119792 0.0259259
0 0.99375 0.593982 0.0125 0.0212963
0 0.94375 0.699074 0.0114583 0.0203704
0 0.421875 0.264815 0.0135417 0.05
0 0.464844 0.244444 0.00260417 0.0296296
0 0.649219 0.401852 0.00989583 0.0314815
0 0.238542 0.193981 0.0270833 0.087963
0 0.91849 0.290741 0.0046875 0.0333333
0 0.420052 0.352778 0.0161458 0.0203704
0 0.714323 0.234259 0.00260417 0.0203704
0 0.57474 0.28287 0.0078125 0.0287037
0 0.390625 0.259259 0.00833333 0.0314815
0 0.540625 0.273148 0.00416667 0.0296296
0 0.867969 0.305556 0.0046875 0.0388889
0 0.596094 0.281944 0.00677083 0.0212963
0 0.794792 0.277315 0.003125 0.0212963
0 0.919531 0.183333 0.0359375 0.0185185
0 0.358333 0.252315 0.0145833 0.0361111
0 0.803385 0.320833 0.00885417 0.0361111
0 0.915885 0.5875 0.0223958 0.025
0 0.590625 0.385185 0.015625 0.0314815
0 0.648958 0.409259 0.0166667 0.0259259
0 0.836979 0.551389 0.0104167 0.0398148
0 0.695312 0.428704 0.00625 0.037037
0 0.983073 0.304167 0.00677083 0.037963
0 0.527604 0.3625 0.00729167 0.0287037
0 0.957292 0.600463 0.0177083 0.0361111
0 0.640365 0.281019 0.00572917 0.0305556
0 0.46875 0.264815 0.00416667 0.0277778
0 0.832812 0.274537 0.00208333 0.0416667
0 0.952604 0.291667 0.0114583 0.0259259
0 0.877344 0.724537 0.0244792 0.0898148
0 0.436979 0.256481 0.00625 0.0333333
0 0.576823 0.427315 0.0046875 0.0342593
0 0.548958 0.356019 0.00104167 0.0212963
0 0.82526 0.296759 0.00677083 0.0435185
0 0.755469 0.65787 0.0223958 0.0824074
0 0.564844 0.428704 0.0151042 0.0185185
0 0.715625 0.608796 0.0302083 0.0324074
0 0.930729 0.450463 0.00625 0.0342593
0 0.736719 0.399074 0.00364583 0.0518519
0 0.603906 0.28287 0.0130208 0.0342593
0 0.854167 0.298611 0.0104167 0.025
0 0.844271 0.653241 0.01875 0.0416667
0 0.742708 0.543519 0.0229167 0.0537037
0 0.428646 0.363426 0.0114583 0.0287037
0 0.463542 0.410648 0.0270833 0.0731481
0 0.40625 0.223148 0.009375 0.0351852
0 0.497656 0.2875 0.0046875 0.037963
0 0.808073 0.310648 0.0119792 0.0342593
0 0.792969 0.181019 0.0192708 0.0287037
0 0.857031 0.438889 0.0171875 0.0259259
0 0.536979 0.272685 0.003125 0.0287037
0 0.740365 0.438426 0.00885417 0.0398148
0 0.651823 0.288426 0.0046875 0.0416667
0 0.958333 0.291667 0.0104167 0.0388889
0 0.640625 0.2875 0.015625 0.0212963
0 0.7 0.39213 0.009375 0.0305556
0 0.447656 0.367593 0.0046875 0.0351852
0 0.611198 0.439352 0.00677083 0.0231481
0 0.585677 0.412963 0.00677083 0.0351852
0 0.795052 0.188889 0.0171875 0.0240741
0 0.349479 0.230556 0.00729167 0.037037
0 0.797656 0.444907 0.0244792 0.0472222
0 0.523177 0.267593 0.00260417 0.0314815
0 0.423958 0.351389 0.021875 0.0305556
0 0.702083 0.311111 0.00416667 0.0296296
0 0.473177 0.264352 0.0046875 0.0305556
0 0.832552 0.61713 0.0130208 0.0287037
0 0.890885 0.329167 0.0244792 0.0175926
0 0.760156 0.570833 0.0244792 0.0305556
0 0.424219 0.362963 0.00677083 0.037037
0 0.582292 0.298148 0.00416667 0.0277778
0 0.989583 0.570833 0.0208333 0.0583333
0 0.493229 0.290278 0.003125 0.0287037
0 0.682031 0.580093 0.0109375 0.0361111
0 0.489062 0.40463 0.00416667 0.0388889
0 0.753385 0.411574 0.00260417 0.025
0 0.982292 0.413426 0.00833333 0.0398148
0 0.940104 0.581944 0.0197917 0.037963
0 0.716667 0.24213 0.00416667 0.025
0 0.728125 0.233333 0.00520833 0.0444444
0 0.964583 0.380093 0.0145833 0.0287037
0 0.691146 0.3125 0.00520833 0.0231481
0 0.836979 0.559259 0.028125 0.0314815
0 0.523438 0.408333 0.00833333 0.0277778
0 0.43125 0.376852 0.00520833 0.0296296
0 0.965885 0.334259 0.0119792 0.0296296
0 0.81849 0.422685 0.00989583 0.0361111
0 0.752344 0.344444 0.00885417 0.0259259
0 0.41875 0.235185 0.003125 0.037037
0 0.732031 0.302778 0.00364583 0.0240741
0 0.772396 0.451852 0.009375 0.0314815
0 0.579167 0.303704 0.009375 0.0240741
0 0.511979 0.299537 0.0135417 0.0435185
0 0.670313 0.378704 0.009375 0.0314815
0 0.889583 0.285185 0.00625 0.0296296
0 0.677344 0.580556 0.0130208 0.0333333
0 0.482552 0.230093 0.00677083 0.0342593
0 0.498958 0.372222 0.00625 0.0259259
0 0.656771 0.423611 0.00833333 0.0435185
0 0.975781 0.44537 0.0276042 0.0722222
0 0.7375 0.310648 0.015625 0.0305556
0 0.751823 0.612963 0.0213542 0.0796296
0 0.403906 0.253241 0.0078125 0.0231481
0 0.366406 0.217593 0.0109375 0.0277778
0 0.883073 0.443056 0.0151042 0.0231481
0 0.985156 0.406481 0.00572917 0.0444444
0 0.896354 0.289352 0.01875 0.0324074
0 0.53724 0.375926 0.0119792 0.0222222
0 0.68776 0.384259 0.0109375 0.0351852
0 0.666406 0.387963 0.00260417 0.0259259
0 0.766146 0.409722 0.003125 0.0324074
0 0.832552 0.329167 0.00364583 0.0305556
0 0.617188 0.377778 0.0125 0.0259259
0 0.751302 0.439815 0.0244792 0.0444444
0 0.548177 0.4 0.00260417 0.0314815
0 0.815104 0.422685 0.00729167 0.0324074
0 0.866146 0.292593 0.00833333 0.0388889
0 0.54349 0.448611 0.0192708 0.0268519
0 0.557031 0.369907 0.0046875 0.0268519
0 0.553125 0.268519 0.00208333 0.0185185
0 0.708073 0.29537 0.0109375 0.0277778
0 0.40026 0.258333 0.0151042 0.0333333
0 0.619531 0.299074 0.0046875 0.0333333
0 0.838021 0.285185 0.0145833 0.0314815
0 0.869271 0.315741 0.015625 0.0185185
0 0.798177 0.315278 0.0046875 0.0398148
0 0.615365 0.268056 0.0130208 0.0212963
0 0.852865 0.599074 0.0119792 0.0259259
0 0.573438 0.377315 0.0104167 0.0231481
0 0.632031 0.431019 0.0046875 0.0231481
0 0.786458 0.448611 0.0197917 0.0268519
0 0.361458 0.209722 0.003125 0.0305556
0 0.613281 0.378241 0.00885417 0.0287037
0 0.844531 0.443981 0.0171875 0.0324074
0 0.382292 0.2375 0.009375 0.0287037
0 0.557292 0.298611 0.00729167 0.025
0 0.451823 0.260185 0.0015625 0.0388889
0 0.991406 0.291204 0.00677083 0.0361111
0 0.871615 0.273148 0.0078125 0.0462963
0 0.486979 0.231481 0.0125 0.0277778
0 0.770052 0.296296 0.0109375 0.0333333
0 0.807292 0.411574 0.0104167 0.0361111
0 0.808333 0.414815 0.0229167 0.0259259
0 0.524219 0.274074 0.00572917 0.0240741
0 0.817448 0.30463 0.0130208 0.0388889
0 0.409635 0.225463 0.0244792 0.0527778
0 0.753385 0.27037 0.0109375 0.0333333
0 0.561719 0.375926 0.0151042 0.0259259
0 0.5375 0.422685 0.0104167 0.0305556
0 0.435156 0.35 0.0203125 0.0444444
0 0.540625 0.416667 0.00416667 0.0222222
0 0.670052 0.371296 0.00260417 0.0425926
0 0.627865 0.387037 0.0046875 0.0351852
0 0.970573 0.342593 0.0255208 0.0296296
0 0.598698 0.359722 0.00989583 0.0361111
0 0.498437 0.234722 0.00416667 0.0231481
0 0.711979 0.385185 0.003125 0.0203704
0 0.74974 0.414352 0.0078125 0.0268519
0 0.373958 0.218056 0.00416667 0.0212963
0 0.623958 0.281019 0.00833333 0.0194444
0 0.828385 0.444444 0.0140625 0.0333333
0 0.522396 0.354167 0.00104167 0.0416667
0 0.819531 0.333796 0.00260417 0.0305556
0 0.449479 0.269907 0.009375 0.025
0 0.549219 0.266204 0.00260417 0.0231481
0 0.627865 0.393981 0.0161458 0.0305556
0 0.724479 0.30463 0.0104167 0.0296296
0 0.653906 0.543981 0.0192708 0.0324074
0 0.614062 0.262963 0.00833333 0.0166667
0 0.767969 0.451389 0.00364583 0.0268519
0 0.522917 0.359259 0.00416667 0.0314815
0 0.423958 0.259722 0.00520833 0.0305556
0 0.782812 0.41713 0.00729167 0.0268519
0 0.8375 0.336111 0.0166667 0.0388889
0 0.606771 0.431944 0.003125 0.0435185
0 0.516146 0.299074 0.00833333 0.0351852
0 0.390104 0.25 0.00416667 0.0462963
0 0.732813 0.409722 0.00833333 0.0287037
0 0.385417 0.251389 0.00208333 0.037963
0 0.782292 0.3125 0.0114583 0.0342593
0 0.636198 0.431481 0.0109375 0.0277778
0 0.807813 0.303241 0.00625 0.0342593
0 0.526823 0.355556 0.00364583 0.0444444
0 0.652083 0.294907 0.0125 0.0287037
0 0.88724 0.305093 0.0213542 0.0268519
0 0.948958 0.291667 0.00833333 0.0407407
0 0.751823 0.558333 0.0213542 0.0685185
0 0.785417 0.584722 0.0239583 0.0435185
0 0.71901 0.298148 0.00260417 0.0277778
0 0.630208 0.143056 0.0239583 0.0416667
0 0.97474 0.297222 0.0140625 0.0222222
0 0.618229 0.549074 0.025 0.0666667
0 0.720052 0.233796 0.00572917 0.0175926
0 0.914844 0.446759 0.0119792 0.0435185
0 0.536458 0.368056 0.00729167 0.0305556
0 0.757552 0.343056 0.0151042 0.0342593
0 0.486198 0.224537 0.00572917 0.0231481
0 0.815625 0.668056 0.0239583 0.0546296
0 0.594271 0.360185 0.0135417 0.0351852
0 0.870573 0.266204 0.00364583 0.0416667
0 0.970052 0.334259 0.0109375 0.0388889
0 0.778125 0.275 0.00208333 0.0240741
0 0.691406 0.437037 0.0109375 0.0259259
0 0.666667 0.298611 0.0166667 0.0268519
0 0.577865 0.297222 0.0046875 0.0314815
0 0.836979 0.329167 0.00625 0.0342593
0 0.873698 0.452315 0.0161458 0.0287037
0 0.972656 0.469444 0.0276042 0.0703704
0 0.624219 0.387037 0.0015625 0.0277778
0 0.960417 0.37963 0.00833333 0.0185185
0 0.990104 0.297685 0.0197917 0.062037
0 0.49974 0.238889 0.0161458 0.0388889
0 0.833854 0.373611 0.01875 0.0305556
0 0.382031 0.230093 0.00260417 0.037963
0 0.870052 0.291204 0.00677083 0.0398148
0 0.73724 0.408796 0.0109375 0.0342593
0 0.747917 0.263426 0.00520833 0.0287037
0 0.510677 0.290741 0.0015625 0.037037
0 0.653125 0.537963 0.0104167 0.0314815
0 0.688021 0.384259 0.021875 0.062963
0 0.573958 0.276852 0.00208333 0.0259259
0 0.959375 0.372685 0.003125 0.0212963
0 0.739844 0.447222 0.0171875 0.0351852
0 0.902865 0.650463 0.0203125 0.0712963
0 0.708073 0.387963 0.0161458 0.0351852
0 0.66224 0.393056 0.0130208 0.0268519
0 0.472656 0.372222 0.0307292 0.0277778
0 0.849219 0.276852 0.0130208 0.0351852
0 0.514844 0.291667 0.00260417 0.0388889
0 0.713021 0.392593 0.009375 0.0259259
0 0.748698 0.269907 0.0151042 0.0268519
0 0.895312 0.28287 0.0104167 0.0231481
0 0.453385 0.26713 0.0078125 0.0305556
0 0.778646 0.41713 0.00520833 0.0268519
0 0.451562 0.3875 0.01875 0.037963
0 0.495052 0.296759 0.00989583 0.0324074
0 0.954427 0.34213 0.0161458 0.0416667
0 0.635417 0.389352 0.0229167 0.0398148
0 0.795052 0.415278 0.0078125 0.0305556
0 0.552865 0.289815 0.000520833 0.0296296
0 0.87526 0.274537 0.0119792 0.0416667
0 0.766667 0.415278 0.0114583 0.0398148
0 0.698438 0.311111 0.00729167 0.0296296
0 0.828646 0.290741 0.00625 0.0296296
0 0.933333 0.333796 0.0145833 0.0361111
0 0.355469 0.247222 0.00677083 0.0333333
0 0.532552 0.306944 0.00260417 0.0212963
0 0.70625 0.286574 0.00520833 0.0435185
0 0.273698 0.20463 0.0213542 0.0388889
0 0.591927 0.282407 0.00885417 0.0296296
0 0.977344 0.653241 0.0192708 0.0787037
0 0.483073 0.378241 0.0234375 0.0342593
0 0.728906 0.238889 0.0161458 0.0388889
0 0.85651 0.67963 0.0244792 0.0759259
0 0.46875 0.369907 0.00208333 0.0342593
0 0.399219 0.252778 0.00677083 0.0240741
0 0.507031 0.353704 0.00989583 0.0462963
0 0.482812 0.373148 0.0114583 0.0388889
0 0.385938 0.227315 0.0302083 0.0435185
0 0.419271 0.258333 0.00416667 0.0333333
0 0.815625 0.428704 0.0177083 0.0314815
0 0.898438 0.311111 0.0135417 0.0333333
0 0.619271 0.281019 0.00625 0.0194444
0 0.386458 0.256944 0.00625 0.0342593
0 0.723698 0.297685 0.0046875 0.0342593
0 0.735417 0.447685 0.009375 0.0305556
0 0.940104 0.431019 0.00729167 0.0453704
0 0.91849 0.179167 0.0244792 0.0324074
0 0.736979 0.302778 0.009375 0.0314815
0 0.848437 0.269444 0.00520833 0.0314815
0 0.364844 0.20787 0.0296875 0.0361111
0 0.714063 0.447222 0.021875 0.0703704
0 0.561458 0.368519 0.00833333 0.037037
0 0.666146 0.290278 0.00729167 0.0361111
0 0.895052 0.666204 0.0161458 0.0824074
0 0.345313 0.228241 0.00625 0.0435185
0 0.721094 0.406944 0.00989583 0.0305556
0 0.50599 0.347685 0.0015625 0.0527778
0 0.749219 0.40787 0.00364583 0.0324074
0 0.97526 0.321296 0.0234375 0.037037
0 0.553385 0.297222 0.00572917 0.0222222
0 0.828385 0.364352 0.00364583 0.0305556
0 0.569792 0.276389 0.00104167 0.0268519
0 0.535937 0.416204 0.003125 0.0231481
0 0.720833 0.238426 0.0114583 0.0305556
0 0.607031 0.437037 0.0109375 0.0314815
0 0.872917 0.344444 0.0135417 0.0314815
0 0.403385 0.361574 0.0078125 0.0324074
0 0.625 0.391667 0.00729167 0.0314815
0 0.435677 0.248611 0.0046875 0.0361111
0 0.98151 0.624074 0.0223958 0.0648148
0 0.933333 0.325463 0.00729167 0.0305556
0 0.874219 0.266204 0.0046875 0.0435185
0 0.378385 0.217593 0.00572917 0.0203704
0 0.993229 0.66713 0.0135417 0.0564815
0 0.542969 0.438889 0.0109375 0.037037
0 0.511198 0.260185 0.00260417 0.0259259
0 0.557031 0.288889 0.0015625 0.037037
0 0.640625 0.378241 0.00208333 0.0361111
0 0.940104 0.437037 0.01875 0.0425926
0 0.849219 0.296759 0.0161458 0.0361111
0 0.927604 0.644444 0.0197917 0.0777778
0 0.402083 0.210648 0.0239583 0.0509259
0 0.509896 0.253704 0.00104167 0.0314815
0 0.45625 0.230093 0.00208333 0.0324074
0 0.549479 0.364352 0.003125 0.0212963
0 0.624219 0.305093 0.0109375 0.0342593
0 0.923437 0.291204 0.0104167 0.037963
0 0.833594 0.282407 0.0119792 0.0407407
0 0.815885 0.343056 0.0046875 0.025
0 0.79401 0.610185 0.0234375 0.0703704
0 0.361979 0.216204 0.00833333 0.0305556
0 0.939844 0.298611 0.0161458 0.0546296
0 0.414323 0.238889 0.00364583 0.0277778
0 0.661458 0.387037 0.00520833 0.0333333
0 0.798437 0.322222 0.0177083 0.0388889
0 0.954948 0.450926 0.0244792 0.0592593
0 0.819531 0.34213 0.0046875 0.0305556
0 0.448177 0.371759 0.00885417 0.0398148
0 0.985417 0.411111 0.0260417 0.0611111
0 0.9875 0.343056 0.0114583 0.0231481
0 0.770052 0.643981 0.0151042 0.0694444
0 0.403125 0.355093 0.003125 0.0453704
0 0.816146 0.297222 0.00520833 0.0351852
0 0.619792 0.305093 0.0135417 0.0287037
0 0.469792 0.375926 0.00625 0.0333333
0 0.98724 0.305556 0.00989583 0.0407407
0 0.779167 0.282407 0.0135417 0.0351852
0 0.514323 0.409259 0.0223958 0.0333333
0 0.790625 0.276852 0.00416667 0.0296296
0 0.805729 0.569907 0.0208333 0.0768519
0 0.686458 0.311111 0.00625 0.037037
0 0.910417 0.622222 0.0208333 0.0481481
0 0.425 0.372222 0.0135417 0.0333333
0 0.641406 0.385185 0.0119792 0.037037
0 0.832812 0.364815 0.00729167 0.0333333
0 0.5375 0.304167 0.00416667 0.0361111
0 0.911719 0.319907 0.0109375 0.0435185
0 0.715625 0.610185 0.0260417 0.0833333
0 0.415625 0.244444 0.00729167 0.0351852
0 0.828906 0.298611 0.0130208 0.0305556
0 0.9625 0.289352 0.00833333 0.0435185
0 0.50026 0.105556 0.0255208 0.0462963
0 0.497917 0.362037 0.00208333 0.0388889
0 0.839583 0.712963 0.021875 0.0759259
0 0.917969 0.312963 0.0255208 0.0537037
0 0.940365 0.623611 0.0223958 0.0638889
0 0.660677 0.584259 0.0213542 0.0833333
0 0.848177 0.637963 0.0213542 0.0537037
0 0.609375 0.410185 0.0270833 0.062963
0 0.93151 0.454167 0.0276042 0.0527778
0 0.990625 0.454167 0.01875 0.0435185
0 0.656771 0.431019 0.015625 0.0416667
0 0.810417 0.624537 0.0229167 0.0675926
0 0.526563 0.439815 0.025 0.0462963
0 0.991927 0.594907 0.0161458 0.0638889
0 0.823698 0.696296 0.0182292 0.087037
0 0.802604 0.659259 0.0229167 0.0555556
0 0.784635 0.446759 0.0255208 0.0546296
0 0.822656 0.585648 0.0244792 0.0583333
0 0.867708 0.315278 0.025 0.062037
0 0.94349 0.697685 0.0244792 0.0731481
0 0.785937 0.643056 0.0208333 0.0657407
0 0.914323 0.580556 0.0244792 0.0666667
0 0.89375 0.444907 0.025 0.0509259
0 0.500521 0.416204 0.0270833 0.0583333
0 0.694531 0.613889 0.0223958 0.0703704
0 0.610677 0.378241 0.0265625 0.062037
0 0.953385 0.333796 0.00677083 0.0435185
0 0.614062 0.263426 0.0270833 0.0546296
0 0.864844 0.644444 0.0213542 0.0574074
0 0.804948 0.313426 0.0255208 0.062037
0 0.685417 0.401389 0.0229167 0.0453704
0 0.576042 0.430556 0.0260417 0.0537037
0 0.74375 0.297222 0.0229167 0.0537037
0 0.877604 0.66713 0.0229167 0.0768519
0 0.772656 0.456481 0.0265625 0.0611111
0 0.792969 0.187963 0.0276042 0.0462963
0 0.873438 0.601852 0.0229167 0.0537037
0 0.419271 0.35 0.025 0.0648148
0 0.584896 0.416667 0.0270833 0.0611111
0 0.564323 0.430093 0.0255208 0.0472222
0 0.95651 0.601389 0.0244792 0.0601852
0 0.589063 0.387037 0.0260417 0.0537037
0 0.889844 0.328704 0.0265625 0.0518519
0 0.673177 0.430556 0.0234375 0.0703704
0 0.697917 0.394907 0.0239583 0.0638889
0 0.488802 0.410648 0.0286458 0.0435185
0 0.894271 0.602315 0.0260417 0.0583333
0 0.855729 0.438426 0.0260417 0.0675926
0 0.882031 0.447222 0.0244792 0.0685185
0 0.467969 0.249074 0.0276042 0.0555556
0 0.842969 0.446759 0.0276042 0.0638889
0 0.497396 0.262037 0.0302083 0.0518519
0 0.43099 0.380093 0.0265625 0.0509259
0 0.75599 0.344444 0.0244792 0.0740741
0 0.759635 0.30463 0.0255208 0.0592593
0 0.676302 0.580093 0.0265625 0.0601852
0 0.355469 0.248611 0.0296875 0.0509259
0 0.652344 0.400926 0.0276042 0.0592593
0 0.947917 0.293056 0.0260417 0.075
0 0.493229 0.300463 0.028125 0.0546296
0 0.547656 0.403241 0.0286458 0.0472222
0 0.972135 0.299537 0.0255208 0.0564815
0 0.835417 0.557407 0.0260417 0.0777778
0 0.538542 0.278241 0.028125 0.0546296
0 0.601562 0.285185 0.0270833 0.0592593
0 0.689583 0.438889 0.0239583 0.0740741
0 0.894271 0.283796 0.025 0.0657407
0 0.484896 0.225926 0.0291667 0.062963
0 0.915104 0.454167 0.0270833 0.0472222
0 0.379427 0.240278 0.0296875 0.0675926
0 0.667708 0.375 0.028125 0.062963
0 0.48099 0.374074 0.0307292 0.0666667
0 0.852083 0.601389 0.0260417 0.0527778
0 0.472135 0.270833 0.0286458 0.0453704
0 0.639063 0.292593 0.0260417 0.0425926
0 0.884635 0.306944 0.0276042 0.0509259
0 0.83125 0.618056 0.0260417 0.0601852
0 0.484635 0.270833 0.0286458 0.0657407
0 0.872656 0.269444 0.0296875 0.0481481
0 0.521875 0.410648 0.028125 0.0509259
0 0.793229 0.417593 0.028125 0.0518519
0 0.767969 0.299074 0.0255208 0.0611111
0 0.944531 0.580556 0.0276042 0.0648148
0 0.618229 0.285185 0.0270833 0.0481481
0 0.938542 0.301389 0.0291667 0.0694444
0 0.729688 0.240741 0.0291667 0.0537037
0 0.73125 0.410185 0.0270833 0.0796296
0 0.272135 0.202315 0.0276042 0.075
0 0.960156 0.375926 0.0286458 0.05
0 0.78099 0.315278 0.0265625 0.0546296
0 0.872917 0.453704 0.0270833 0.0555556
0 0.871875 0.344444 0.028125 0.0703704
0 0.534896 0.374074 0.0270833 0.05
0 0.734896 0.448148 0.028125 0.0722222
0 0.497656 0.234259 0.0296875 0.0703704
0 0.939844 0.434722 0.0296875 0.0657407
0 0.521094 0.36713 0.0296875 0.0564815
0 0.59375 0.358796 0.0270833 0.0712963
0 0.776302 0.284722 0.0286458 0.0527778
0 0.867969 0.292593 0.0286458 0.0592593
0 0.572656 0.37963 0.0276042 0.0574074
0 0.747135 0.264815 0.0296875 0.0537037
0 0.451562 0.271296 0.0302083 0.0592593
0 0.717448 0.239815 0.0286458 0.0481481
0 0.847917 0.271759 0.028125 0.0564815
0 0.651823 0.537037 0.0255208 0.0703704
0 0.797135 0.322685 0.0276042 0.0657407
0 0.415104 0.241667 0.028125 0.0648148
0 0.383854 0.263426 0.0291667 0.0675926
0 0.651042 0.299537 0.028125 0.0564815
0 0.921615 0.293981 0.0286458 0.0564815
0 0.805469 0.411574 0.0286458 0.0564815
0 0.576302 0.3 0.0286458 0.0648148
0 0.618229 0.307407 0.0291667 0.0666667
0 0.522396 0.277778 0.028125 0.062963
0 0.96875 0.335648 0.028125 0.062037
0 0.836198 0.328704 0.0265625 0.0666667
0 0.827865 0.448148 0.0265625 0.0574074
0 0.696354 0.315278 0.028125 0.0583333
0 0.83099 0.283796 0.0276042 0.0546296
0 0.814323 0.299074 0.0286458 0.0666667
0 0.710156 0.393519 0.0255208 0.0648148
0 0.635417 0.431481 0.025 0.0648148
0 0.417969 0.263426 0.0296875 0.0638889
0 0.542969 0.440278 0.0296875 0.0583333
0 0.776042 0.417593 0.028125 0.0481481
0 0.764323 0.41713 0.0286458 0.0564815
0 0.622656 0.39537 0.0286458 0.0703704
0 0.813542 0.433333 0.028125 0.05
0 0.735156 0.306944 0.0276042 0.0583333
0 0.985156 0.343056 0.0276042 0.0638889
0 0.342708 0.234259 0.028125 0.0555556
0 0.550781 0.299074 0.0296875 0.0759259
0 0.514063 0.291667 0.0291667 0.0703704
0 0.504687 0.35463 0.0302083 0.0518519
0 0.560417 0.374537 0.0291667 0.0527778
0 0.660417 0.388889 0.028125 0.0703704
0 0.397656 0.255093 0.0286458 0.0583333
0 0.71875 0.409722 0.0260417 0.0731481
0 0.65625 0.433796 0.0270833 0.0694444
0 0.551562 0.269444 0.0270833 0.0666667
0 0.422656 0.372685 0.0286458 0.0694444
0 0.704687 0.294907 0.0291667 0.0435185
0 0.897656 0.316204 0.0296875 0.0453704
0 0.959635 0.293056 0.0286458 0.0601852
0 0.359375 0.218056 0.0291667 0.0583333
0 0.589583 0.284259 0.0270833 0.0666667
0 0.932292 0.32963 0.0270833 0.0574074
0 0.847396 0.299537 0.028125 0.0527778
0 0.447135 0.373611 0.0276042 0.0731481
0 0.789323 0.278241 0.0276042 0.0509259
0 0.747135 0.410648 0.0276042 0.0675926
0 0.535677 0.417593 0.0276042 0.0685185
0 0.547656 0.364352 0.0276042 0.0657407
0 0.664323 0.293056 0.0286458 0.062037
0 0.401042 0.361111 0.0291667 0.0592593
0 0.605469 0.439352 0.0286458 0.0564815
0 0.722656 0.3 0.0286458 0.062963
0 0.434375 0.256944 0.0291667 0.0416667
0 0.376823 0.218519 0.0276042 0.0648148
0 0.984896 0.307407 0.0270833 0.0592593
0 0.535156 0.306481 0.0286458 0.0703704
0 0.467969 0.382407 0.0307292 0.0574074
0 0.910677 0.322685 0.0296875 0.0657407
0 0.497396 0.368056 0.0302083 0.0583333
0 0.684115 0.315741 0.0286458 0.0592593
0 0.454688 0.234722 0.0302083 0.0453704
0 0.83125 0.366204 0.0291667 0.0509259
0 0.814062 0.344444 0.0270833 0.062963
0 0.568229 0.277778 0.028125 0.0666667
0 0.639583 0.382407 0.028125 0.0666667
0 0.508854 0.257407 0.0302083 0.062963
0 0.952083 0.337037 0.0291667 0.0518519
