0 0.446094 0.5875 0.0078125 0.00648148
0 0.577083 0.547685 0.009375 0.00833333
0 0.517187 0.562037 0.0114583 0.00740741
0 0.603646 0.624537 0.0125 0.0416667
0 0.584115 0.571296 0.00364583 0.00740741
0 0.29349 0.92037 0.0171875 0.00740741
0 0.491927 0.586111 0.00364583 0.00185185
0 0.534635 0.559259 0.00572917 0.00740741
0 0.517969 0.586574 0.0317708 0.0731481
0 0.584115 0.584722 0.0046875 0.00462963
0 0.467187 0.564815 0.00416667 0.00555556
0 0.570833 0.576852 0.00833333 0.0296296
0 0.621354 0.598148 0.00208333 0.0111111
0 0.458333 0.587037 0.00625 0.0037037
0 0.554427 0.594444 0.00572917 0.00555556
0 0.62474 0.585648 0.00677083 0.00833333
0 0.638021 0.618981 0.00625 0.00648148
0 0.41276 0.603241 0.0015625 0.00648148
0 0.408073 0.604167 0.00885417 0.0601852
0 0.29401 0.915741 0.0130208 0.0166667
0 0.429688 0.592593 0.00729167 0.00555556
0 0.546354 0.616667 0.00208333 0.00555556
0 0.46875 0.578704 0.003125 0.012963
0 0.558594 0.228241 0.00364583 0.0416667
0 0.542708 0.581019 0.00416667 0.00648148
0 0.534375 0.611111 0.00104167 0.00925926
0 0.559115 0.603241 0.0078125 0.00833333
0 0.620573 0.592593 0.00260417 0.012963
0 0.471615 0.56713 0.00364583 0.0101852
0 0.639063 0.609259 0.05 0.0555556
0 0.459115 0.581944 0.0411458 0.0712963
0 0.604688 0.57037 0.00833333 0.012963
0 0.567969 0.575463 0.00364583 0.00277778
0 0.567708 0.549074 0.00416667 0.00555556
0 0.525521 0.570833 0.00625 0.012037
0 0.458854 0.573148 0.00416667 0.00925926
0 0.513021 0.55463 0.040625 0.0518519
0 0.455208 0.572222 0.00625 0.00555556
0 0.442448 0.59537 0.0192708 0.0259259
0 0.580208 0.543056 0.00520833 0.00648148
0 0.540104 0.407407 0.0197917 0.0240741
0 0.558073 0.612037 0.0421875 0.0685185
0 0.517448 0.575463 0.00260417 0.012037
0 0.559635 0.57963 0.0046875 0.00925926
0 0.499219 0.55 0.0369792 0.0481481
0 0.534115 0.551852 0.00677083 0.0111111
0 0.530729 0.571759 0.00729167 0.00462963
0 0.554427 0.5875 0.00677083 0.00648148
0 0.517187 0.580093 0.003125 0.0101852
0 0.51276 0.552315 0.00572917 0.0101852
0 0.571354 0.564352 0.009375 0.00648148
0 0.421875 0.592593 0.00416667 0.0111111
0 0.508594 0.551389 0.00677083 0.00833333
0 0.57526 0.57037 0.0046875 0.00555556
0 0.530729 0.555093 0.00520833 0.00462963
0 0.479167 0.593518 0.003125 0.00185185
0 0.554167 0.571296 0.00729167 0.00555556
0 0.446354 0.601389 0.00416667 0.00833333
0 0.641927 0.583796 0.0046875 0.0138889
0 0.467187 0.593056 0.00416667 0.00277778
0 0.538281 0.585648 0.00572917 0.00462963
0 0.623698 0.602778 0.0526042 0.0537037
0 0.521875 0.565278 0.009375 0.0101852
0 0.546615 0.565741 0.00677083 0.00925926
0 0.530729 0.550463 0.00833333 0.00833333
0 0.504427 0.564815 0.00677083 0.0037037
0 0.49974 0.557407 0.00885417 0.0111111
0 0.442448 0.593518 0.00677083 0.00740741
0 0.573177 0.590278 0.0171875 0.0157407
0 0.509635 0.554167 0.0192708 0.0101852
0 0.491667 0.593056 0.00208333 0.00277778
0 0.42474 0.597222 0.00885417 0.0111111
0 0.497135 0.556481 0.00885417 0.00555556
0 0.534115 0.564815 0.00677083 0.00555556
0 0.661979 0.602315 0.0552083 0.0490741
0 0.111458 0.478704 0.009375 0.0166667
0 0.514323 0.584722 0.0213542 0.012037
0 0.528646 0.56713 0.040625 0.0657407
0 0.566927 0.543056 0.00572917 0.00833333
0 0.55026 0.617593 0.0015625 0.00925926
0 0.575 0.622685 0.003125 0.00648148
0 0.52526 0.579167 0.00572917 0.00462963
0 0.542188 0.564352 0.00625 0.00462963
0 0.641667 0.594907 0.00625 0.0101852
0 0.454167 0.592593 0.00520833 0.0037037
0 0.579687 0.550463 0.00625 0.00833333
0 0.516927 0.556481 0.0151042 0.0185185
0 0.621354 0.615278 0.0104167 0.0157407
0 0.567969 0.535648 0.0109375 0.0175926
0 0.57474 0.565278 0.0078125 0.00833333
0 0.651042 0.608796 0.0239583 0.037963
0 0.420833 0.6 0.00625 0.0037037
0 0.554167 0.542593 0.00833333 0.0111111
0 0.478906 0.586574 0.0046875 0.00462963
0 0.458333 0.594444 0.00416667 0.00555556
0 0.500521 0.598148 0.0229167 0.0148148
0 0.59349 0.595833 0.0161458 0.0342593
0 0.61276 0.570833 0.0213542 0.012037
0 0.541927 0.588889 0.0046875 0.00740741
0 0.521354 0.551389 0.00625 0.0101852
0 0.629167 0.587037 0.00520833 0.0111111
0 0.508333 0.565741 0.00729167 0.00740741
0 0.571354 0.573611 0.00625 0.00648148
0 0.558854 0.584259 0.0135417 0.0314815
0 0.517969 0.549074 0.0140625 0.0240741
0 0.554688 0.601389 0.00729167 0.00648148
0 0.55599 0.536111 0.0109375 0.0296296
0 0.558594 0.573611 0.00572917 0.0101852
0 0.47474 0.573611 0.0442708 0.0490741
0 0.622396 0.565741 0.01875 0.0277778
0 0.409635 0.608333 0.0244792 0.012963
0 0.547656 0.556944 0.0223958 0.0212963
0 0.607552 0.619444 0.0411458 0.0796296
0 0.596094 0.572685 0.00572917 0.0138889
0 0.465625 0.5875 0.00520833 0.00648148
0 0.641667 0.600463 0.00520833 0.00648148
0 0.480469 0.569907 0.0192708 0.0231481
0 0.509375 0.569444 0.0166667 0.0111111
0 0.592188 0.568981 0.00729167 0.00648148
0 0.597656 0.576852 0.0192708 0.0296296
0 0.433333 0.594444 0.00520833 0.00925926
0 0.526042 0.586111 0.00520833 0.00740741
0 0.629427 0.593982 0.00572917 0.0101852
0 0.496094 0.564352 0.0161458 0.0157407
0 0.633073 0.615741 0.0046875 0.00740741
0 0.610417 0.563426 0.0177083 0.0305556
0 0.657812 0.592593 0.0166667 0.0314815
0 0.621354 0.616204 0.04375 0.0361111
0 0.640104 0.603704 0.015625 0.0185185
0 0.433333 0.600463 0.003125 0.00648148
0 0.629687 0.594444 0.0145833 0.0259259
0 0.445833 0.59537 0.00625 0.0111111
0 0.425 0.602778 0.00729167 0.00925926
0 0.608073 0.571759 0.0255208 0.0194444
0 0.596354 0.586574 0.0135417 0.0342593
0 0.628906 0.571296 0.0109375 0.0222222
0 0.529688 0.563889 0.00833333 0.00740741
0 0.566406 0.571296 0.00572917 0.00740741
0 0.536979 0.567593 0.0177083 0.0240741
0 0.635677 0.608333 0.0161458 0.0240741
0 0.609896 0.599537 0.01875 0.0435185
0 0.632812 0.618519 0.0135417 0.037037
0 0.575 0.61713 0.0135417 0.0194444
0 0.449479 0.585185 0.0177083 0.0314815
0 0.466667 0.588426 0.0166667 0.0175926
0 0.576042 0.544444 0.0166667 0.0203704
0 0.517708 0.599074 0.0114583 0.0240741
0 0.599219 0.563426 0.00885417 0.0157407
0 0.590104 0.616667 0.0166667 0.0296296
0 0.583333 0.578241 0.00416667 0.0138889
0 0.591927 0.582407 0.0161458 0.0185185
0 0.59974 0.600926 0.0432292 0.0444444
0 0.489583 0.5875 0.0197917 0.0268519
0 0.797917 0.891667 0.0114583 0.012963
0 0.530729 0.602778 0.00729167 0.0333333
0 0.597135 0.606019 0.0140625 0.0305556
0 0.618229 0.615278 0.0166667 0.0712963
0 0.558073 0.55 0.0411458 0.0555556
0 0.413281 0.591204 0.0213542 0.0324074
0 0.646094 0.580093 0.0348958 0.0342593
0 0.57526 0.574074 0.0161458 0.0185185
0 0.565365 0.624537 0.0130208 0.0527778
0 0.641667 0.619444 0.0114583 0.00925926
0 0.489323 0.595833 0.0255208 0.0268519
0 0.471615 0.59537 0.0359375 0.0351852
0 0.797396 0.886111 0.0125 0.0111111
0 0.520573 0.5625 0.0161458 0.0268519
0 0.569271 0.562963 0.00729167 0.0277778
0 0.558594 0.559259 0.0213542 0.0388889
0 0.45599 0.5875 0.00677083 0.0324074
0 0.604427 0.594907 0.0161458 0.025
0 0.511198 0.565741 0.0119792 0.0240741
0 0.57526 0.602778 0.0203125 0.0277778
0 0.461458 0.5875 0.0145833 0.0138889
0 0.552865 0.611574 0.0078125 0.0212963
0 0.529948 0.614815 0.0286458 0.0222222
0 0.444792 0.5875 0.0125 0.012037
0 0.484115 0.556481 0.0182292 0.0185185
0 0.552865 0.620833 0.0265625 0.025
0 0.529427 0.548611 0.0192708 0.025
0 0.624219 0.572222 0.0151042 0.0185185
0 0.46276 0.59537 0.0244792 0.0259259
0 0.558073 0.586574 0.0338542 0.0490741
0 0.628646 0.587037 0.00833333 0.0314815
0 0.534115 0.548148 0.0171875 0.0388889
0 0.517187 0.615741 0.0260417 0.0203704
0 0.609115 0.622685 0.00989583 0.0824074
0 0.495052 0.589352 0.0130208 0.0231481
0 0.559635 0.599537 0.0203125 0.0472222
0 0.509115 0.548611 0.0192708 0.0305556
0 0.60651 0.572222 0.0203125 0.0407407
0 0.636198 0.606481 0.00885417 0.0351852
0 0.576042 0.558333 0.0125 0.0277778
0 0.522135 0.5875 0.0234375 0.0268519
0 0.432292 0.593518 0.00625 0.0277778
0 0.425521 0.601852 0.021875 0.0296296
0 0.598698 0.616667 0.0192708 0.0259259
0 0.529948 0.600926 0.0161458 0.0425926
0 0.610677 0.618056 0.00677083 0.0231481
0 0.541406 0.587963 0.0109375 0.0240741
0 0.514323 0.574537 0.0130208 0.0268519
0 0.558073 0.572685 0.0151042 0.0305556
0 0.645312 0.574537 0.0145833 0.0212963
0 0.645312 0.593518 0.015625 0.0259259
0 0.621615 0.616204 0.0171875 0.0435185
0 0.497396 0.556481 0.021875 0.0296296
0 0.658333 0.603241 0.0239583 0.0268519
0 0.550781 0.580556 0.0182292 0.0351852
0 0.482812 0.588426 0.0177083 0.0231481
0 0.614062 0.608333 0.015625 0.0444444
0 0.58151 0.581481 0.0192708 0.0314815
0 0.590625 0.623611 0.025 0.0564815
0 0.527865 0.581944 0.0161458 0.0361111
0 0.449479 0.593982 0.0145833 0.0268519
0 0.578646 0.617593 0.00520833 0.0240741
0 0.625781 0.6 0.0140625 0.0333333
0 0.596094 0.572222 0.00989583 0.0203704
0 0.53724 0.612037 0.00885417 0.0259259
0 0.638542 0.624537 0.0145833 0.037963
0 0.410417 0.596759 0.0114583 0.0398148
0 0.521615 0.546759 0.0213542 0.037963
0 0.423958 0.593982 0.009375 0.0324074
0 0.624479 0.59537 0.00833333 0.0185185
0 0.480208 0.563889 0.0260417 0.05
0 0.470833 0.565278 0.0135417 0.0361111
0 0.623177 0.57037 0.0223958 0.0648148
0 0.632552 0.586111 0.0109375 0.0296296
0 0.59375 0.564352 0.0125 0.0287037
0 0.553906 0.617593 0.0119792 0.0388889
0 0.438021 0.600926 0.0166667 0.037037
0 0.641146 0.573611 0.0104167 0.025
0 0.436719 0.594444 0.00885417 0.0240741
0 0.570573 0.570833 0.0192708 0.0287037
0 0.666667 0.611574 0.021875 0.0342593
0 0.416927 0.601852 0.0161458 0.0314815
0 0.578906 0.625926 0.0151042 0.0314815
0 0.548437 0.608796 0.0166667 0.0231481
0 0.55 0.61713 0.009375 0.0342593
0 0.533073 0.611111 0.0130208 0.0407407
0 0.552604 0.608333 0.0197917 0.0462963
0 0.58724 0.578704 0.0151042 0.0296296
0 0.63724 0.616204 0.00989583 0.0287037
0 0.620313 0.594444 0.00625 0.0240741
0 0.551042 0.556019 0.025 0.0398148
0 0.597135 0.593982 0.0213542 0.0527778
0 0.519792 0.610648 0.0125 0.0361111
0 0.488281 0.563426 0.0255208 0.0342593
0 0.597917 0.616667 0.025 0.0592593
0 0.530208 0.563889 0.0229167 0.0351852
0 0.554688 0.541667 0.0229167 0.037037
0 0.54375 0.563889 0.0239583 0.0462963
0 0.457292 0.5875 0.0145833 0.0268519
0 0.455729 0.571296 0.0239583 0.0407407
0 0.608333 0.624537 0.0135417 0.0287037
0 0.555208 0.594907 0.0197917 0.0287037
0 0.56875 0.601852 0.0229167 0.0444444
0 0.58125 0.548611 0.0239583 0.037963
0 0.669531 0.607407 0.0265625 0.0703704
0 0.577083 0.562963 0.0229167 0.0388889
0 0.50599 0.564352 0.0244792 0.0472222
0 0.567448 0.543056 0.0255208 0.0435185
0 0.638021 0.572222 0.025 0.05
0 0.555729 0.571296 0.025 0.0462963
0 0.54375 0.586574 0.0260417 0.037963
0 0.630208 0.586111 0.021875 0.0444444
0 0.443229 0.593982 0.0260417 0.0453704
0 0.421875 0.594444 0.0239583 0.0518519
0 0.467708 0.563889 0.025 0.0444444
0 0.469271 0.586111 0.021875 0.0444444
0 0.409896 0.600926 0.028125 0.0407407
0 0.526563 0.580556 0.025 0.0518519
0 0.513281 0.577315 0.0265625 0.0416667
0 0.644531 0.593982 0.0234375 0.0509259
0 0.495052 0.587963 0.0234375 0.062963
0 0.657031 0.601852 0.0265625 0.0611111
0 0.592969 0.57037 0.0255208 0.0462963
0 0.45625 0.594444 0.0260417 0.0518519
0 0.56875 0.571759 0.0260417 0.0472222
0 0.482292 0.587037 0.0239583 0.0592593
0 0.618229 0.593982 0.0260417 0.0712963
0 0.606771 0.624537 0.025 0.0583333
0 0.530208 0.610185 0.0291667 0.0518519
0 0.559375 0.63287 0.025 0.0546296
0 0.516927 0.610185 0.0286458 0.05
0 0.435677 0.594907 0.0265625 0.0601852
0 0.547135 0.61713 0.0265625 0.0509259
0 0.584375 0.57963 0.0260417 0.0537037
0 0.636198 0.616667 0.0265625 0.0518519
0 0.577865 0.623611 0.0255208 0.062037
