0 0.733728 0.384539 0.00147929 0.0177632
0 0.605399 0.244737 0.00147929 0.00394737
0 0.601701 0.177961 0.00887574 0.00328947
0 0.547522 0.224342 0.00406805 0.00789474
0 0.658284 0.291776 0.00295858 0.0203947
0 0.431583 0.329276 0.00961538 0.0414474
0 0.813425 0.297368 0.016642 0.00789474
0 0.539571 0.646711 0.0140533 0.0276316
0 0.496857 0.291118 0.00258876 0.0217105
0 0.738536 0.373684 0.0192308 0.0368421
0 0.584135 0.38125 0.0247781 0.0427632
0 0.895155 0.350329 0.0225592 0.00986842
0 0.640163 0.344737 0.0281065 0.0197368
0 0.490754 0.261513 0.0295858 0.0453947
0 0.395525 0.507237 0.052145 0.0828947
0 0.810096 0.285855 0.0469675 0.0835526
0 0.691938 0.237171 0.00813609 0.0111842
0 0.786243 0.398684 0.00147929 0.0342105
0 0.709689 0.466776 0.0199704 0.0164474
0 0.635355 0.306908 0.0258876 0.0256579
0 0.844305 0.247368 0.0399408 0.0328947
0 0.517197 0.245395 0.0033284 0.0144737
0 0.678809 0.222368 0.0196006 0.025
0 0.417715 0.398684 0.0173817 0.0473684
0 0.674371 0.796382 0.00628698 0.0164474
0 0.640163 0.162829 0.0318047 0.0440789
0 0.763868 0.370395 0.0218195 0.0302632
0 0.605214 0.238816 0.0033284 0.00526316
0 0.479475 0.333224 0.0129438 0.0322368
0 0.822855 0.305263 0.0488166 0.0671053
0 0.317678 0.448684 0.00517751 0.0276316
0 0.613166 0.190789 0.00221893 0.00263158
0 0.517567 0.166118 0.00406805 0.00986842
0 0.754623 0.317434 0.0136834 0.0388158
0 0.475407 0.178947 0.0151627 0.0210526
0 0.672707 0.535855 0.0155325 0.0111842
0 0.715976 0.439474 0.0214497 0.0210526
0 0.776442 0.231579 0.0173817 0.0355263
0 0.688794 0.155263 0.0181213 0.0381579
0 0.82193 0.328289 0.0159024 0.0210526
0 0.557507 0.305592 0.0388314 0.0388158
0 0.19878 0.683553 0.0136834 0.0289474
0 0.512389 0.221053 0.0122041 0.0144737
0 0.473928 0.3 0.00776627 0.0263158
0 0.748706 0.363487 0.0107249 0.0230263
0 0.632396 0.247697 0.022929 0.0480263
0 0.461538 0.250987 0.0539941 0.0427632
0 0.576553 0.3125 0.00961538 0.00789474
0 0.575074 0.200987 0.0147929 0.0493421
0 0.378513 0.365789 0.0698965 0.0460526
0 0.83321 0.355263 0.0177515 0.0315789
0 0.752959 0.341447 0.0192308 0.0263158
0 0.504623 0.303947 0.0196006 0.0434211
0 0.590607 0.292763 0.0184911 0.0302632
0 0.661612 0.296711 0.0118343 0.0171053
0 0.342271 0.970395 0.0122041 0.0592105
0 0.684172 0.347039 0.0177515 0.00986842
0 0.675111 0.228947 0.0247781 0.0447368
0 0.751479 0.304276 0.00961538 0.0282895
0 0.651442 0.1625 0.016642 0.0157895
0 0.710429 0.218421 0.033284 0.0671053
0 0.622411 0.216118 0.0066568 0.00855263
0 0.513868 0.251974 0.0210799 0.00921053
0 0.701738 0.280592 0.0225592 0.0230263
0 0.579512 0.227303 0.033284 0.0269737
0 0.592456 0.186513 0.00369822 0.00328947
0 0.419194 0.328618 0.00998521 0.0164474
0 0.787167 0.417105 0.0033284 0.0276316
0 0.444712 0.401974 0.0225592 0.0197368
0 0.444527 0.422697 0.0310651 0.0835526
0 0.555104 0.303947 0.0170118 0.0197368
0 0.684357 0.275329 0.00406805 0.00592105
0 0.607803 0.170395 0.0173817 0.0236842
0 0.735947 0.391776 0.00369822 0.0296053
0 0.642567 0.35 0.00924556 0.0157895
0 0.581361 0.309211 0.0428994 0.0723684
0 0.436945 0.327632 0.00628698 0.0460526
0 0.436575 0.252961 0.0129438 0.0269737
0 0.685651 0.282237 0.0192308 0.0236842
0 0.310651 0.877303 0.0162722 0.0230263
0 0.483358 0.194079 0.0140533 0.0144737
0 0.622411 0.282895 0.0184911 0.0223684
0 0.726516 0.383882 0.000369822 0.0388158
0 0.782729 0.4 0.00406805 0.0434211
0 0.475592 0.433224 0.0636095 0.0730263
0 0.777552 0.306579 0.0469675 0.0565789
0 0.651627 0.303947 0.0133136 0.0184211
0 0.623336 0.193421 0.0144231 0.0223684
0 0.789756 0.422697 0.00184911 0.0388158
0 0.703587 0.298026 0.016642 0.0223684
0 0.643491 0.246382 0.0162722 0.0111842
0 0.730584 0.390789 0.029216 0.0355263
0 0.659763 0.293421 0.0177515 0.0355263
0 0.612981 0.306579 0.00924556 0.0105263
0 0.830251 0.467105 0.0066568 0.0407895
0 0.732433 0.391118 0.00184911 0.0467105
0 0.397929 0.448684 0.0066568 0.0144737
0 0.15588 0.136513 0.016642 0.0717105
0 0.650333 0.438816 0.0218195 0.0578947
0 0.474297 0.323355 0.0240385 0.0414474
0 0.470784 0.299013 0.0133136 0.0335526
0 0.609837 0.378289 0.0177515 0.0223684
0 0.502034 0.260526 0.0240385 0.0328947
0 0.578772 0.261184 0.0406805 0.0434211
0 0.592641 0.193421 0.00258876 0.00657895
0 0.473373 0.275 0.00887574 0.0263158
0 0.758506 0.334868 0.0392012 0.0605263
0 0.774778 0.179605 0.010355 0.0276316
0 0.340791 0.479276 0.0151627 0.0164474
0 0.695451 0.178947 0.0380917 0.0447368
0 0.742973 0.117763 0.010355 0.0157895
0 0.523854 0.202632 0.0299556 0.0539474
0 0.604475 0.186513 0.00998521 0.0111842
0 0.576183 0.259211 0.0177515 0.0171053
0 0.727811 0.519408 0.0732248 0.0559211
0 0.45747 0.478947 0.0576923 0.0855263
0 0.490939 0.289145 0.026997 0.0414474
0 0.783284 0.41875 0.0251479 0.0453947
0 0.726886 0.192763 0.0151627 0.0552632
0 0.793084 0.443092 0.00480769 0.0190789
0 0.385725 0.485855 0.00295858 0.0230263
0 0.433247 0.453618 0.0144231 0.0717105
0 0.654771 0.268421 0.0188609 0.0355263
0 0.517012 0.308553 0.00739645 0.0381579
0 0.494822 0.379605 0.0066568 0.0223684
0 0.511649 0.337829 0.0417899 0.0506579
0 0.777922 0.296382 0.026997 0.0375
0 0.466346 0.276316 0.0199704 0.0421053
0 0.407175 0.315461 0.0207101 0.0190789
0 0.240939 0.766118 0.0129438 0.0190789
0 0.565459 0.358224 0.0170118 0.0440789
0 0.771265 0.290132 0.0188609 0.0131579
0 0.348003 0.471053 0.0140533 0.0342105
0 0.624445 0.847039 0.00776627 0.0440789
0 0.522004 0.186842 0.00184911 0.00657895
0 0.34338 0.472039 0.0107249 0.0190789
0 0.759246 0.408882 0.0170118 0.0125
0 0.267936 0.324671 0.0107249 0.00592105
0 0.647374 0.150658 0.00702663 0.0157895
0 0.556398 0.290461 0.016642 0.0269737
0 0.575999 0.633882 0.0410503 0.148026
0 0.825444 0.468421 0.00221893 0.0328947
0 0.720044 0.282237 0.0303254 0.0315789
0 0.400518 0.446053 0.0140533 0.0486842
0 0.546783 0.363816 0.00554734 0.0118421
0 0.579512 0.160855 0.0199704 0.0309211
0 0.813425 0.300658 0.0196006 0.0526316
0 0.652737 0.248026 0.012574 0.0381579
0 0.727626 0.26875 0.0432692 0.0717105
0 0.68824 0.456908 0.0244083 0.0190789
0 0.756657 0.340789 0.00443787 0.0263158
0 0.627404 0.426316 0.0713757 0.0881579
0 0.557323 0.883553 0.0110947 0.0328947
0 0.323225 0.432895 0.0377219 0.136842
0 0.612611 0.319408 0.0129438 0.0203947
0 0.957655 0.0483553 0.0329142 0.0190789
0 0.633506 0.416776 0.022929 0.0730263
0 0.777552 0.424013 0.0491864 0.0664474
0 0.642382 0.143421 0.010355 0.0118421
0 0.507951 0.283224 0.0403107 0.0506579
0 0.709135 0.446711 0.016642 0.0144737
0 0.488535 0.347039 0.0184911 0.00986842
0 0.734283 0.200658 0.0159024 0.0565789
0 0.60466 0.180592 0.0066568 0.00855263
0 0.827108 0.397368 0.0262574 0.0657895
0 0.582655 0.210526 0.0351331 0.0447368
0 0.66679 0.249013 0.0281065 0.0296053
0 0.786982 0.421711 0.00591716 0.0460526
0 0.738905 0.229276 0.0207101 0.0427632
0 0.789756 0.349671 0.00776627 0.0190789
0 0.528661 0.407566 0.0196006 0.0217105
0 0.488535 0.253947 0.0170118 0.0131579
0 0.75943 0.254934 0.0107249 0.0282895
0 0.483543 0.186842 0.0181213 0.0223684
0 0.542714 0.25 0.0388314 0.0460526
0 0.81176 0.327632 0.022929 0.05
0 0.660133 0.173026 0.0414201 0.0381579
0 0.492049 0.389803 0.0469675 0.0532895
0 0.435836 0.345066 0.0129438 0.0243421
0 0.755362 0.282895 0.00776627 0.0223684
0 0.928624 0.765461 0.0184911 0.00986842
0 0.519786 0.329605 0.00702663 0.0263158
0 0.575444 0.290461 0.0147929 0.0230263
0 0.454142 0.277303 0.0170118 0.0190789
0 0.530325 0.379934 0.0133136 0.0138158
0 0.398669 0.455921 0.010355 0.0171053
0 0.584874 0.291118 0.0136834 0.0296053
0 0.751109 0.283882 0.00591716 0.0269737
0 0.491864 0.38125 0.022929 0.0572368
0 0.509985 0.379934 0.0177515 0.0203947
0 0.850037 0.384868 0.0136834 0.0276316
0 0.521265 0.330263 0.0232988 0.0447368
0 0.568787 0.269079 0.0443787 0.0302632
0 0.571746 0.311842 0.0177515 0.0210526
0 0.72818 0.492105 0.0502959 0.0684211
0 0.678994 0.179934 0.0221893 0.0467105
0 0.624075 0.304934 0.0262574 0.0388158
0 0.490754 0.380921 0.00961538 0.025
0 0.59338 0.369737 0.026997 0.0486842
0 0.574519 0.299342 0.0343935 0.0223684
0 0.360762 0.283882 0.0262574 0.0138158
0 0.451183 0.268092 0.00813609 0.0111842
0 0.756842 0.436513 0.0284763 0.0322368
0 0.772374 0.367763 0.0565828 0.0355263
0 0.826923 0.391776 0.00443787 0.0243421
0 0.685281 0.453289 0.00443787 0.0144737
0 0.533839 0.200987 0.016642 0.0190789
0 0.809726 0.363158 0.0203402 0.0223684
0 0.44804 0.400987 0.0188609 0.00986842
0 0.389423 0.485197 0.00591716 0.0151316
0 0.806953 0.310526 0.0399408 0.05
0 0.793084 0.450329 0.026997 0.0493421
0 0.508506 0.387829 0.0465976 0.0611842
0 0.792899 0.348026 0.00517751 0.0105263
0 0.784393 0.416447 0.0066568 0.0328947
0 0.659393 0.202961 0.012574 0.0388158
0 0.50037 0.155592 0.0170118 0.0296053
0 0.392751 0.483882 0.00739645 0.0111842
0 0.524223 0.316776 0.0514053 0.0467105
0 0.378143 0.358553 0.0107249 0.00526316
0 0.348558 0.478289 0.0107249 0.0144737
0 0.477441 0.0822368 0.00961538 0.0434211
0 0.52034 0.35 0.0244083 0.0328947
0 0.357988 0.283224 0.022929 0.0480263
0 0.561021 0.372368 0.0517751 0.0539474
0 0.542714 0.271382 0.0366124 0.0585526
0 0.717271 0.280921 0.0151627 0.0184211
0 0.599667 0.197697 0.0417899 0.0427632
0 0.84412 0.346711 0.0107249 0.0315789
0 0.513314 0.313816 0.0236686 0.0447368
0 0.547337 0.978947 0.00961538 0.0289474
0 0.775703 0.297368 0.0114645 0.0118421
0 0.546598 0.354934 0.010355 0.0151316
0 0.446191 0.24375 0.0477071 0.0453947
0 0.237796 0.771382 0.00961538 0.0177632
0 0.919564 0.155921 0.0181213 0.0565789
0 0.503143 0.298026 0.00924556 0.0328947
0 0.203772 0.681908 0.0110947 0.0401316
0 0.73946 0.248355 0.0432692 0.0598684
0 0.52108 0.189474 0.012574 0.0578947
0 0.808617 0.325987 0.0203402 0.0151316
0 0.66753 0.193092 0.0214497 0.0296053
0 0.644231 0.455263 0.058432 0.0328947
0 0.534948 0.155592 0.0173817 0.0282895
0 0.459874 0.282237 0.0181213 0.0394737
0 0.263499 0.974342 0.0122041 0.0131579
0 0.515533 0.168092 0.0110947 0.0388158
0 0.588573 0.416447 0.0129438 0.0434211
0 0.675111 0.157237 0.0181213 0.0315789
0 0.725037 0.373026 0.0551036 0.0723684
0 0.444157 0.394408 0.012574 0.0243421
0 0.734467 0.261513 0.0192308 0.0177632
0 0.475777 0.253947 0.0536243 0.0631579
0 0.544194 0.261513 0.0107249 0.0282895
0 0.759061 0.267763 0.0181213 0.0131579
0 0.460244 0.360197 0.00850592 0.0480263
0 0.637944 0.226316 0.022929 0.0276316
0 0.522559 0.328947 0.0110947 0.0157895
0 0.327108 0.438158 0.0151627 0.0394737
0 0.70821 0.194737 0.0436391 0.0605263
0 0.473743 0.200658 0.0451183 0.0631579
0 0.867604 0.495395 0.0184911 0.0131579
0 0.747596 0.416447 0.0136834 0.0473684
0 0.825999 0.460526 0.00628698 0.0302632
0 0.806028 0.372697 0.0506657 0.094079
0 0.739275 0.225 0.0488166 0.0618421
0 0.567308 0.289474 0.0147929 0.0276316
0 0.660688 0.305921 0.0366124 0.0657895
0 0.496302 0.293421 0.0133136 0.0592105
0 0.476701 0.277961 0.0502959 0.0572368
0 0.502404 0.349671 0.0136834 0.0269737
0 0.599852 0.191118 0.0251479 0.0177632
0 0.541605 0.261842 0.0188609 0.0447368
0 0.536243 0.168421 0.0214497 0.0302632
0 0.830251 0.460855 0.0133136 0.0388158
0 0.734467 0.335526 0.0251479 0.0131579
0 0.595969 0.267105 0.00554734 0.00526316
0 0.850407 0.392105 0.0262574 0.0342105
0 0.679734 0.148684 0.0184911 0.0394737
0 0.419564 0.304934 0.0351331 0.0361842
0 0.492049 0.349013 0.0173817 0.0243421
0 0.393306 0.483882 0.0240385 0.0414474
0 0.792714 0.353947 0.0255178 0.0315789
0 0.644231 0.404276 0.0443787 0.0703947
0 0.843565 0.401645 0.0569527 0.0888158
0 0.689164 0.450658 0.00776627 0.0144737
0 0.272929 0.329605 0.0850592 0.0460526
0 0.557507 0.211842 0.0425296 0.0421053
0 0.595414 0.773026 0.0140533 0.0105263
0 0.78199 0.313487 0.0232988 0.0296053
0 0.798447 0.319737 0.0184911 0.0276316
0 0.72966 0.383224 0.000739645 0.0361842
0 0.267012 0.972039 0.010355 0.0296053
0 0.612981 0.185526 0.0033284 0.00526316
0 0.892751 0.348026 0.0147929 0.0631579
0 0.629438 0.202303 0.0428994 0.0493421
0 0.54216 0.148355 0.0170118 0.0230263
0 0.624075 0.225987 0.0181213 0.0164474
0 0.686391 0.178947 0.0236686 0.0276316
0 0.566938 0.220724 0.0155325 0.0230263
0 0.657175 0.321382 0.0495562 0.0361842
0 0.636649 0.172697 0.0210799 0.0427632
0 0.441938 0.310526 0.0406805 0.0605263
0 0.408469 0.481579 0.0159024 0.00921053
0 0.705991 0.291776 0.0318047 0.0453947
0 0.609467 0.142105 0.0162722 0.0263158
0 0.618898 0.400987 0.016642 0.0230263
0 0.649038 0.188487 0.0392012 0.0282895
0 0.667714 0.222039 0.0218195 0.0401316
0 0.612426 0.241776 0.010355 0.00986842
0 0.740754 0.320724 0.0162722 0.0190789
0 0.652922 0.0453947 0.0136834 0.0671053
0 0.458765 0.353289 0.0240385 0.0421053
0 0.552515 0.235197 0.0258876 0.0203947
0 0.545118 0.29375 0.0214497 0.0309211
0 0.424186 0.342434 0.0473373 0.0572368
0 0.709689 0.326974 0.0236686 0.0171053
0 0.659578 0.460197 0.0676775 0.0546053
0 0.830251 0.445066 0.0214497 0.0625
0 0.674001 0.133224 0.0462278 0.0414474
0 0.7598 0.489474 0.0543639 0.0447368
0 0.671598 0.133882 0.0207101 0.0256579
0 0.556398 0.270066 0.0173817 0.0282895
0 0.742604 0.503947 0.0495562 0.0947368
0 0.747596 0.314474 0.0107249 0.0315789
0 0.79142 0.397039 0.0480769 0.0493421
0 0.519231 0.403618 0.0118343 0.0375
0 0.620932 0.168421 0.0177515 0.0157895
0 0.727811 0.188158 0.0465976 0.0710526
0 0.815089 0.430263 0.0110947 0.0302632
0 0.433617 0.336184 0.0232988 0.0342105
0 0.745192 0.307895 0.0510355 0.0552632
0 0.418639 0.466447 0.0118343 0.0368421
0 0.514423 0.292434 0.0170118 0.0493421
0 0.649408 0.151974 0.0303254 0.0289474
0 0.896635 0.152632 0.0255178 0.0460526
0 0.535133 0.353618 0.010355 0.0164474
0 0.407359 0.453289 0.0869083 0.0434211
0 0.584504 0.250329 0.0196006 0.0572368
0 0.756287 0.28125 0.0510355 0.0559211
0 0.395895 0.451974 0.016642 0.0381579
0 0.575444 0.305592 0.0140533 0.0177632
0 0.604475 0.272697 0.016642 0.0151316
0 0.473743 0.311184 0.0525148 0.0657895
0 0.517751 0.347368 0.0221893 0.0157895
0 0.608358 0.378618 0.0214497 0.0598684
0 0.539016 0.264803 0.00702663 0.0296053
0 0.546413 0.148355 0.0181213 0.0427632
0 0.609283 0.195724 0.0225592 0.0217105
0 0.447485 0.394408 0.0133136 0.0138158
0 0.467086 0.296711 0.0251479 0.0526316
0 0.706546 0.305592 0.0159024 0.0388158
0 0.412722 0.480921 0.0162722 0.0197368
0 0.486501 0.380921 0.00702663 0.0263158
0 0.591346 0.143421 0.0133136 0.0342105
0 0.654771 0.215461 0.0218195 0.0190789
0 0.616494 0.343421 0.0199704 0.0315789
0 0.355584 0.495066 0.0684172 0.0835526
0 0.492973 0.371382 0.0539941 0.0427632
0 0.740754 0.394737 0.0547337 0.0684211
0 0.695636 0.337171 0.0207101 0.0243421
0 0.444157 0.448684 0.066568 0.0605263
0 0.591346 0.255263 0.0236686 0.0302632
0 0.769046 0.380263 0.0284763 0.0460526
0 0.683987 0.341447 0.0203402 0.0236842
0 0.566753 0.191776 0.0188609 0.0151316
0 0.505917 0.303289 0.0451183 0.0447368
0 0.355215 0.457566 0.0765533 0.0572368
0 0.315274 0.876316 0.016642 0.0355263
0 0.682507 0.234868 0.016642 0.0421053
0 0.27034 0.331579 0.0162722 0.0223684
0 0.479105 0.227961 0.0173817 0.0361842
0 0.588573 0.335197 0.0181213 0.00855263
0 0.736501 0.430592 0.0129438 0.0467105
0 0.516272 0.200329 0.0207101 0.0427632
0 0.637389 0.341776 0.0107249 0.0282895
0 0.14534 0.446711 0.056213 0.0605263
0 0.826553 0.492105 0.0421598 0.0631579
0 0.728365 0.442105 0.0373521 0.103947
0 0.563055 0.148684 0.0196006 0.0276316
0 0.633876 0.275987 0.0192308 0.0164474
0 0.474852 0.185855 0.0199704 0.0388158
0 0.656065 0.246382 0.022929 0.0243421
0 0.491309 0.261513 0.016642 0.0217105
0 0.359837 0.278947 0.0658284 0.0684211
0 0.521265 0.193421 0.0210799 0.0144737
0 0.441383 0.521053 0.0484467 0.0763158
0 0.847448 0.349342 0.0225592 0.0460526
0 0.496117 0.244408 0.0203402 0.0256579
0 0.554179 0.328618 0.0240385 0.0230263
0 0.579697 0.207895 0.016642 0.0342105
0 0.538277 0.178618 0.0122041 0.0322368
0 0.710984 0.324013 0.0181213 0.0703947
0 0.671598 0.148355 0.0207101 0.0335526
0 0.328772 0.449671 0.0184911 0.0282895
0 0.497781 0.350658 0.012574 0.0381579
0 0.343935 0.478618 0.00813609 0.0111842
0 0.457285 0.369737 0.0588018 0.0697368
0 0.41568 0.326645 0.0207101 0.0572368
0 0.663277 0.169408 0.0173817 0.0217105
0 0.474112 0.0842105 0.0192308 0.0289474
0 0.607803 0.219079 0.039571 0.0447368
0 0.58284 0.315132 0.0066568 0.0157895
0 0.733728 0.239145 0.0244083 0.0375
0 0.755362 0.292105 0.0255178 0.0394737
0 0.70821 0.269408 0.0251479 0.0309211
0 0.493343 0.231908 0.012574 0.0217105
0 0.611501 0.336513 0.0151627 0.0269737
0 0.522374 0.403947 0.00702663 0.0315789
0 0.495192 0.314474 0.00887574 0.0394737
0 0.808987 0.407237 0.0462278 0.0473684
0 0.596524 0.190132 0.0118343 0.0460526
0 0.494268 0.358224 0.0129438 0.0256579
0 0.955251 0.0404605 0.0184911 0.0467105
0 0.689904 0.504276 0.0573225 0.0809211
0 0.610207 0.311842 0.0199704 0.0223684
0 0.597263 0.310526 0.022929 0.0368421
0 0.79068 0.342105 0.0576923 0.0789474
0 0.683062 0.209868 0.0502959 0.0407895
0 0.492973 0.489803 0.0428994 0.0651316
0 0.490754 0.195066 0.0184911 0.0177632
0 0.441383 0.34375 0.039571 0.0453947
0 0.791975 0.450658 0.0536243 0.0697368
0 0.526812 0.401316 0.0129438 0.0144737
0 0.725222 0.489145 0.0776627 0.103289
0 0.318787 0.45625 0.00887574 0.0203947
0 0.642197 0.342434 0.0114645 0.0256579
0 0.572115 0.347697 0.0539941 0.0927632
0 0.683432 0.214474 0.0207101 0.0355263
0 0.397559 0.314803 0.0170118 0.0269737
0 0.225222 0.773026 0.0192308 0.0342105
0 0.588757 0.316776 0.012574 0.0348684
0 0.61409 0.340461 0.0432692 0.0690789
0 0.734652 0.262829 0.0218195 0.0414474
0 0.578772 0.320724 0.0133136 0.0296053
0 0.645895 0.14375 0.0114645 0.0190789
0 0.55159 0.314145 0.0144231 0.0335526
0 0.688055 0.253289 0.0225592 0.025
0 0.768861 0.440461 0.0266272 0.0309211
0 0.689534 0.450987 0.0684172 0.0572368
0 0.568232 0.358882 0.0314349 0.0296053
0 0.41716 0.303618 0.0155325 0.0190789
0 0.474852 0.251974 0.0199704 0.0434211
0 0.414756 0.469079 0.0129438 0.0289474
0 0.753513 0.290461 0.00924556 0.0348684
0 0.446006 0.242105 0.0199704 0.0407895
0 0.711169 0.415132 0.0266272 0.0342105
0 0.177145 0.853289 0.0177515 0.0434211
0 0.693602 0.339803 0.0484467 0.0664474
0 0.55307 0.228618 0.00702663 0.0125
0 0.588573 0.214803 0.00702663 0.0243421
0 0.66568 0.276316 0.0266272 0.0355263
0 0.568047 0.154276 0.0170118 0.0230263
0 0.373706 0.342763 0.0913462 0.0328947
0 0.658654 0.169737 0.0184911 0.0368421
0 0.600222 0.292434 0.035503 0.0480263
0 0.563425 0.235526 0.00850592 0.0381579
0 0.62426 0.253947 0.00887574 0.0276316
0 0.493713 0.470724 0.0162722 0.0203947
0 0.869823 0.359211 0.0133136 0.0197368
0 0.554734 0.148355 0.0199704 0.0493421
0 0.462093 0.342763 0.0469675 0.0644737
0 0.538092 0.305592 0.0147929 0.0348684
0 0.742604 0.426316 0.0539941 0.0671053
0 0.483543 0.165461 0.0232988 0.0506579
0 0.755917 0.483553 0.0732248 0.107895
0 0.565089 0.269408 0.0251479 0.0217105
0 0.627219 0.208224 0.0199704 0.0322368
0 0.52145 0.304276 0.0214497 0.0506579
0 0.526442 0.404605 0.0225592 0.0434211
0 0.377034 0.352632 0.0129438 0.00921053
0 0.854475 0.371382 0.0573225 0.0953947
0 0.840607 0.243092 0.0465976 0.0861842
0 0.539756 0.345066 0.0425296 0.0506579
0 0.566753 0.241118 0.0122041 0.0414474
0 0.643861 0.367434 0.0133136 0.0282895
0 0.672337 0.528289 0.0133136 0.0118421
0 0.490939 0.241447 0.0196006 0.0184211
0 0.411982 0.284211 0.0554734 0.0342105
0 0.554549 0.267105 0.0218195 0.0552632
0 0.602071 0.242105 0.0110947 0.0302632
0 0.812685 0.431908 0.0232988 0.0230263
0 0.46912 0.365789 0.0454882 0.0421053
0 0.834504 0.364145 0.0255178 0.0414474
0 0.267751 0.327303 0.0184911 0.0414474
0 0.585799 0.372039 0.0162722 0.0322368
0 0.629623 0.277632 0.0262574 0.0328947
0 0.57304 0.278289 0.0329142 0.0289474
0 0.784763 0.46875 0.00369822 0.0506579
0 0.757212 0.288816 0.0107249 0.0342105
0 0.492049 0.252961 0.0159024 0.0217105
0 0.628883 0.846382 0.00998521 0.0480263
0 0.747041 0.378618 0.0214497 0.0125
0 0.835244 0.454605 0.0602811 0.0684211
0 0.70895 0.439803 0.0184911 0.0164474
0 0.432692 0.497039 0.022929 0.0717105
0 0.526073 0.396711 0.0528846 0.0434211
0 0.32304 0.465789 0.0388314 0.0552632
0 0.473188 0.403947 0.0580621 0.0486842
0 0.718195 0.178618 0.0251479 0.0243421
0 0.640348 0.271053 0.0218195 0.0171053
0 0.675666 0.258553 0.0214497 0.0236842
0 0.374815 0.351974 0.0232988 0.0407895
0 0.761834 0.263158 0.0214497 0.0144737
0 0.641272 0.277632 0.0192308 0.0223684
0 0.654216 0.205263 0.0147929 0.0263158
0 0.590976 0.238487 0.0347633 0.0453947
0 0.539386 0.352303 0.0173817 0.0217105
0 0.691013 0.326645 0.0151627 0.0506579
0 0.558247 0.205263 0.0173817 0.0355263
0 0.608173 0.343421 0.0203402 0.0263158
0 0.702293 0.201974 0.0118343 0.0434211
0 0.788092 0.475 0.0613905 0.0710526
0 0.470044 0.327961 0.0236686 0.0203947
0 0.441198 0.392105 0.0525148 0.0592105
0 0.696376 0.254605 0.0362426 0.0355263
0 0.840976 0.344408 0.0480769 0.0782895
0 0.494453 0.299013 0.00517751 0.0309211
0 0.32304 0.448684 0.0122041 0.0342105
0 0.422707 0.317434 0.0680473 0.0967105
0 0.447485 0.397039 0.022929 0.0585526
0 0.471709 0.199013 0.016642 0.0453947
0 0.759985 0.465461 0.0066568 0.0559211
0 0.606694 0.336842 0.00554734 0.0197368
0 0.497411 0.463487 0.0118343 0.0230263
0 0.868898 0.351974 0.0159024 0.0118421
0 0.143306 0.449342 0.0210799 0.0342105
0 0.342271 0.499013 0.0491864 0.0546053
0 0.589497 0.372697 0.0547337 0.0625
0 0.408099 0.5875 0.0543639 0.0473684
0 0.595229 0.226645 0.0210799 0.0269737
0 0.536797 0.314474 0.0218195 0.0263158
0 0.612056 0.190461 0.0110947 0.0256579
0 0.674186 0.326316 0.0325444 0.0618421
0 0.716901 0.247039 0.0351331 0.0269737
0 0.742973 0.416447 0.010355 0.0473684
0 0.496487 0.230921 0.0144231 0.0368421
0 0.571561 0.298026 0.016642 0.0157895
0 0.516827 0.402632 0.0225592 0.0605263
0 0.623706 0.219079 0.0232988 0.0223684
0 0.504438 0.172697 0.0214497 0.0585526
0 0.655325 0.429605 0.0673077 0.0855263
0 0.705436 0.410855 0.00998521 0.0348684
0 0.68787 0.40625 0.0569527 0.0927632
0 0.595784 0.344408 0.0192308 0.0217105
0 0.492973 0.463816 0.00887574 0.0210526
0 0.544933 0.367434 0.00554734 0.0269737
0 0.734837 0.320724 0.0155325 0.0296053
0 0.238351 0.763487 0.0129438 0.0388158
0 0.390533 0.480921 0.0754438 0.0447368
0 0.725592 0.320395 0.0236686 0.0473684
0 0.763314 0.460855 0.0495562 0.0875
0 0.483358 0.380921 0.0236686 0.0697368
0 0.571746 0.276645 0.0207101 0.0493421
0 0.621487 0.250329 0.00628698 0.0269737
0 0.571561 0.2 0.0232988 0.0210526
0 0.657914 0.313816 0.0199704 0.0328947
0 0.61409 0.177632 0.00924556 0.025
0 0.429364 0.332237 0.0236686 0.0578947
0 0.491124 0.358553 0.0221893 0.0592105
0 0.346154 0.464803 0.0199704 0.0638158
0 0.824889 0.391118 0.0477071 0.0914474
0 0.745192 0.371711 0.0133136 0.0184211
0 0.471339 0.229934 0.0218195 0.0427632
0 0.563609 0.267434 0.0221893 0.0572368
0 0.631842 0.166118 0.0136834 0.0375
0 0.440828 0.340789 0.0628698 0.0789474
0 0.610392 0.373355 0.0536243 0.0967105
0 0.726516 0.427961 0.00924556 0.0598684
0 0.499075 0.299671 0.00554734 0.0322368
0 0.595414 0.271382 0.0147929 0.0375
0 0.75943 0.364803 0.0277367 0.0532895
0 0.568047 0.163158 0.0244083 0.05
0 0.627034 0.249013 0.0129438 0.0309211
0 0.471893 0.267434 0.0221893 0.0414474
0 0.597448 0.167763 0.0173817 0.0355263
0 0.742049 0.41875 0.0255178 0.0651316
0 0.464127 0.324013 0.012574 0.0348684
0 0.658839 0.270066 0.0144231 0.0243421
0 0.689904 0.40625 0.0306953 0.0651316
0 0.53162 0.234868 0.00998521 0.0342105
0 0.67622 0.245724 0.0136834 0.0230263
0 0.643861 0.205263 0.010355 0.0289474
0 0.505362 0.263816 0.0122041 0.0342105
0 0.545673 0.374342 0.0122041 0.0342105
0 0.710614 0.3375 0.0447485 0.0960526
0 0.530325 0.254934 0.00739645 0.0269737
0 0.62426 0.399013 0.0576923 0.0861842
0 0.709689 0.403289 0.0510355 0.0947368
0 0.683062 0.268421 0.0118343 0.0342105
0 0.406805 0.564803 0.0710059 0.0769737
0 0.520525 0.240461 0.0144231 0.0375
0 0.435281 0.283224 0.0192308 0.0230263
0 0.621302 0.401974 0.0251479 0.0513158
0 0.642936 0.184868 0.0196006 0.0236842
0 0.399408 0.311184 0.0673077 0.0473684
0 0.549556 0.233553 0.0162722 0.0355263
0 0.566753 0.357895 0.0240385 0.0723684
0 0.341346 0.474342 0.0170118 0.0592105
0 0.661797 0.212171 0.0196006 0.0256579
0 0.636095 0.322039 0.0170118 0.0401316
0 0.436945 0.486513 0.0617604 0.0848684
0 0.541605 0.288816 0.0225592 0.0552632
0 0.794009 0.321053 0.0258876 0.0486842
0 0.601146 0.179605 0.0210799 0.0276316
0 0.560651 0.320724 0.0207101 0.0309211
0 0.453587 0.270066 0.0196006 0.0177632
0 0.594305 0.337829 0.012574 0.0151316
0 0.648669 0.367434 0.012574 0.0217105
0 0.710614 0.240132 0.016642 0.0355263
0 0.536243 0.234539 0.00961538 0.0282895
0 0.588573 0.237829 0.0210799 0.0151316
0 0.764238 0.473684 0.0144231 0.0394737
0 0.316013 0.451974 0.0232988 0.0486842
0 0.450074 0.261842 0.0147929 0.0289474
0 0.50943 0.194079 0.0203402 0.0315789
0 0.618158 0.216447 0.0151627 0.0315789
0 0.741679 0.328618 0.0188609 0.0282895
0 0.855399 0.3875 0.0273669 0.0565789
0 0.673817 0.256579 0.00887574 0.0171053
0 0.592825 0.148684 0.0207101 0.05
0 0.597448 0.261513 0.0107249 0.0375
0 0.64608 0.147368 0.0170118 0.0276316
0 0.576738 0.251645 0.0247781 0.0401316
0 0.515717 0.240789 0.0107249 0.0328947
0 0.618898 0.26875 0.0188609 0.0348684
0 0.537537 0.241118 0.0232988 0.0309211
0 0.784578 0.472368 0.0122041 0.0539474
0 0.438425 0.259539 0.0232988 0.0467105
0 0.592641 0.314145 0.0240385 0.0611842
0 0.321746 0.452632 0.0798817 0.0460526
0 0.465237 0.360855 0.00739645 0.0401316
0 0.559172 0.185197 0.022929 0.0414474
0 0.559911 0.297697 0.0244083 0.0361842
0 0.633321 0.26875 0.0225592 0.0203947
0 0.576368 0.182566 0.0173817 0.0322368
0 0.466901 0.253618 0.0240385 0.0493421
0 0.343195 0.475329 0.0717456 0.0756579
0 0.751849 0.446711 0.0281065 0.0315789
0 0.548817 0.227632 0.00961538 0.0289474
0 0.512759 0.294408 0.0196006 0.0230263
0 0.863166 0.357566 0.022929 0.0335526
0 0.659763 0.244408 0.0251479 0.0532895
0 0.631657 0.314803 0.010355 0.0440789
0 0.477811 0.0763158 0.0177515 0.0565789
0 0.538831 0.312171 0.0244083 0.0519737
0 0.513499 0.379276 0.0247781 0.0440789
0 0.721709 0.174013 0.0247781 0.0480263
0 0.825814 0.461513 0.0244083 0.0835526
0 0.513314 0.347697 0.022929 0.0427632
0 0.547522 0.171711 0.0225592 0.0407895
0 0.647744 0.179276 0.0255178 0.0388158
0 0.513129 0.215461 0.0240385 0.0388158
0 0.499445 0.315132 0.0210799 0.0342105
0 0.538092 0.350987 0.0214497 0.0546053
0 0.650333 0.252632 0.0232988 0.0328947
0 0.538092 0.186513 0.0221893 0.0506579
0 0.466346 0.366776 0.0184911 0.0401316
0 0.535503 0.256579 0.0192308 0.0368421
0 0.685281 0.358224 0.0244083 0.0322368
0 0.525148 0.189803 0.0162722 0.0388158
0 0.588573 0.245395 0.0232988 0.0263158
0 0.322485 0.445724 0.0207101 0.0625
0 0.534024 0.207237 0.0251479 0.0473684
0 0.494268 0.459539 0.052145 0.0901316
0 0.759246 0.260855 0.0214497 0.0335526
0 0.684357 0.410197 0.0262574 0.0401316
0 0.492973 0.341776 0.0244083 0.0388158
0 0.488166 0.202303 0.0221893 0.0401316
0 0.596893 0.282895 0.0207101 0.0355263
0 0.668269 0.329934 0.0244083 0.0375
0 0.838388 0.238816 0.0258876 0.0578947
0 0.538462 0.139803 0.0214497 0.0480263
0 0.679179 0.200987 0.0225592 0.0506579
0 0.747781 0.372368 0.0258876 0.025
0 0.549371 0.367434 0.0107249 0.0282895
0 0.867419 0.352303 0.0210799 0.0585526
0 0.659763 0.276974 0.0207101 0.0565789
0 0.705251 0.203618 0.0258876 0.0467105
0 0.784209 0.478947 0.029216 0.0657895
0 0.637944 0.268092 0.0207101 0.0414474
0 0.561575 0.33125 0.0173817 0.0296053
0 0.607618 0.241118 0.012574 0.0282895
0 0.709504 0.335526 0.0262574 0.0394737
0 0.705991 0.4125 0.0288462 0.0618421
0 0.62537 0.246053 0.0244083 0.0605263
0 0.409024 0.283224 0.0244083 0.0388158
0 0.775703 0.307895 0.0203402 0.0421053
0 0.534393 0.282895 0.0207101 0.0539474
0 0.601516 0.210197 0.0218195 0.0572368
0 0.693232 0.246711 0.0225592 0.0421053
0 0.668269 0.374013 0.0266272 0.0572368
0 0.517567 0.163487 0.0225592 0.0467105
0 0.61372 0.304934 0.0225592 0.0322368
0 0.584504 0.296382 0.0247781 0.0453947
0 0.621857 0.216118 0.0203402 0.0480263
0 0.529956 0.163158 0.0236686 0.0486842
0 0.147004 0.447368 0.0240385 0.0618421
0 0.496487 0.208553 0.0240385 0.0368421
0 0.492234 0.460197 0.0221893 0.0848684
0 0.601331 0.166118 0.0251479 0.0625
0 0.575814 0.310526 0.0244083 0.0355263
0 0.606139 0.334868 0.0244083 0.0539474
0 0.467086 0.209868 0.0236686 0.0526316
0 0.631287 0.164803 0.0251479 0.0611842
0 0.763868 0.471711 0.0284763 0.0513158
0 0.576183 0.179276 0.0251479 0.0546053
0 0.496487 0.239145 0.0225592 0.0532895
0 0.659209 0.209539 0.0247781 0.0453947
0 0.497041 0.185197 0.0251479 0.0559211
0 0.612981 0.163158 0.0255178 0.0381579
0 0.730584 0.434539 0.0284763 0.0559211
0 0.510355 0.270066 0.0258876 0.0480263
0 0.464127 0.322039 0.0266272 0.0638158
0 0.591901 0.336184 0.0196006 0.0407895
0 0.450259 0.268092 0.0232988 0.0375
0 0.730769 0.196711 0.0266272 0.0342105
0 0.676036 0.253289 0.0258876 0.0434211
0 0.626664 0.150329 0.0240385 0.0401316
0 0.751849 0.315132 0.0258876 0.0539474
0 0.497226 0.312829 0.0262574 0.0730263
0 0.551775 0.319737 0.0266272 0.05
0 0.592825 0.185526 0.0251479 0.0473684
0 0.463018 0.359211 0.0251479 0.0723684
0 0.688794 0.336842 0.026997 0.0394737
0 0.734467 0.329276 0.0273669 0.0375
0 0.622966 0.276645 0.0247781 0.0572368
0 0.647189 0.367105 0.0244083 0.0565789
0 0.588757 0.225 0.0244083 0.0447368
0 0.684911 0.276316 0.0251479 0.0447368
0 0.714682 0.240789 0.0247781 0.0565789
0 0.629808 0.194079 0.0266272 0.0421053
0 0.648114 0.203618 0.0262574 0.0519737
0 0.702293 0.269408 0.0273669 0.0519737
0 0.400703 0.313158 0.026997 0.0460526
0 0.521635 0.184211 0.0262574 0.0539474
0 0.597818 0.267105 0.0255178 0.0578947
0 0.55122 0.202961 0.0255178 0.0467105
0 0.57193 0.217763 0.0247781 0.0539474
0 0.438609 0.292105 0.0236686 0.0526316
0 0.568972 0.238816 0.0284763 0.0460526
0 0.651627 0.314474 0.0273669 0.0578947
0 0.53051 0.238487 0.0262574 0.0572368
0 0.513683 0.240132 0.0244083 0.0592105
0 0.546598 0.224013 0.0244083 0.0532895
0 0.559172 0.329605 0.0251479 0.0631579
0 0.546598 0.364145 0.0273669 0.0506579
0 0.614645 0.1875 0.0244083 0.0578947
0 0.606139 0.239474 0.0273669 0.0473684
0 0.630177 0.322697 0.0273669 0.0546053
