0 0.879687 0.713194 0.00625 0.00694444
0 0.819141 0.825 0.00859375 0.0305556
0 0.778125 0.704861 0.0421875 0.0486111
0 0.888281 0.719444 0.00625 0.00833333
0 0.927344 0.9125 0.009375 0.0277778
0 0.851953 0.904167 0.0132813 0.0277778
0 0.794141 0.689583 0.0117188 0.0180556
0 0.990234 0.932639 0.00546875 0.0319444
0 0.809375 0.782639 0.028125 0.0680556
0 0.990234 0.86875 0.0117188 0.0375
0 0.986328 0.931944 0.0273438 0.0166667
0 0.251563 0.890972 0.009375 0.0402778
0 0.359375 0.857639 0.00625 0.0152778
0 0.250781 0.820833 0.0109375 0.0694444
0 0.200781 0.961111 0.0046875 0.0138889
0 0.298047 0.849306 0.0101562 0.00972222
0 0.930078 0.897917 0.00546875 0.0125
0 0.835156 0.876389 0.0265625 0.0333333
0 0.836719 0.799306 0.0140625 0.0430556
0 0.910156 0.726389 0.0125 0.0333333
0 0.899219 0.873611 0.0125 0.0194444
0 0.670703 0.640972 0.0210938 0.00972222
0 0.296484 0.909028 0.00234375 0.0125
0 0.0882813 0.948611 0.021875 0.05
0 0.404687 0.688194 0.0078125 0.0125
0 0.187891 0.838194 0.00390625 0.00694444
0 0.853516 0.961806 0.0179687 0.0486111
0 0.858203 0.882639 0.00546875 0.00694444
0 0.160938 0.904167 0.0109375 0.0194444
0 0.163281 0.895833 0.0046875 0.00833333
0 0.428125 0.913889 0.03125 0.0222222
0 0.864453 0.909722 0.0148437 0.0305556
0 0.219922 0.913889 0.0117188 0.0194444
0 0.832031 0.689583 0.0171875 0.0208333
0 0.239453 0.931944 0.0148437 0.0388889
0 0.902734 0.725 0.0492188 0.025
0 0.247266 0.8375 0.00859375 0.0277778
0 0.841406 0.954167 0.0171875 0.0388889
0 0.151172 0.8 0.00703125 0.0222222
0 0.242969 0.947917 0.009375 0.0375
0 0.149219 0.932639 0.0359375 0.0430556
0 0.913281 0.979167 0.0109375 0.0416667
0 0.260156 0.808333 0.0078125 0.0361111
0 0.355859 0.947917 0.0148437 0.0541667
0 0.267969 0.827778 0.0046875 0.0138889
0 0.802734 0.853472 0.00703125 0.0375
0 0.150781 0.927083 0.0078125 0.0125
0 0.213672 0.822917 0.00859375 0.0125
0 0.845312 0.677083 0.015625 0.0208333
0 0.30625 0.859722 0.009375 0.0527778
0 0.221484 0.830556 0.00546875 0.0138889
0 0.187891 0.961806 0.00859375 0.00972222
0 0.233984 0.865278 0.00546875 0.0138889
0 0.138281 0.821528 0.00625 0.00416667
0 0.323828 0.824306 0.0195312 0.0208333
0 0.408203 0.676389 0.00546875 0.00833333
0 0.996094 0.904861 0.0078125 0.0152778
0 0.770703 0.773611 0.0304688 0.025
0 0.859766 0.928472 0.0367187 0.0652778
0 0.0101562 0.809028 0.0203125 0.0152778
0 0.781641 0.777778 0.0101562 0.0361111
0 0.873438 0.876389 0.0140625 0.0388889
0 0.499219 0.968056 0.025 0.025
0 0.158984 0.880556 0.0117188 0.0111111
0 0.846094 0.674306 0.0203125 0.0458333
0 0.234375 0.807639 0.0078125 0.00972222
0 0.854297 0.719444 0.00234375 0.00555556
0 0.983984 0.444444 0.0117188 0.0527778
0 0.9375 0.936111 0.0234375 0.0194444
0 0.275 0.902778 0.040625 0.0777778
0 0.885938 0.873611 0.0125 0.0388889
0 0.958203 0.986806 0.0335938 0.0263889
0 0.219141 0.949306 0.0132813 0.0291667
0 0.89375 0.876389 0.0359375 0.111111
0 0.146484 0.95 0.00546875 0.00555556
0 0.80625 0.802778 0.0328125 0.0277778
0 0.375 0.867361 0.0390625 0.106944
0 0.910937 0.896528 0.0109375 0.0125
0 0.345313 0.952778 0.040625 0.0305556
0 0.892578 0.917361 0.00390625 0.00972222
0 0.156641 0.866667 0.0226563 0.025
0 0.319141 0.880556 0.0101562 0.0333333
0 0.940625 0.560417 0.0109375 0.00694444
0 0.953125 0.986111 0.0109375 0.025
0 0.862109 0.904167 0.0320312 0.0194444
0 0.811328 0.807639 0.00859375 0.0458333
0 0.353906 0.803472 0.028125 0.0236111
0 0.361328 0.806944 0.0351562 0.127778
0 0.941797 0.563194 0.0195312 0.0152778
0 0.201562 0.880556 0.0125 0.0361111
0 0.289844 0.815278 0.0078125 0.0277778
0 0.193359 0.911111 0.0164062 0.0388889
0 0.820703 0.696528 0.00546875 0.00972222
0 0.142969 0.874306 0.040625 0.0763889
0 0.266406 0.801389 0.0234375 0.0222222
0 0.981641 0.955556 0.0257812 0.0888889
0 0.995703 0.95 0.00859375 0.0166667
0 0.778125 0.69375 0.0359375 0.115278
0 0.375 0.813194 0.0359375 0.0986111
0 0.834375 0.70625 0.0109375 0.00416667
0 0.416797 0.680556 0.00703125 0.0111111
0 0.209766 0.845139 0.00859375 0.0152778
0 0.3875 0.674306 0.0140625 0.0180556
0 0.291406 0.861111 0.034375 0.0277778
0 0.851953 0.84375 0.0101562 0.0236111
0 0.43125 0.911111 0.01875 0.0361111
0 0.445312 0.688194 0.0078125 0.00972222
0 0.941406 0.896528 0.0078125 0.00972222
0 0.322266 0.896528 0.0117188 0.0402778
0 0.186328 0.966667 0.00859375 0.0194444
0 0.262891 0.820139 0.00859375 0.0152778
0 0.514453 0.733333 0.0148437 0.0416667
0 0.207031 0.911111 0.0125 0.0222222
0 0.497266 0.96875 0.0148437 0.0125
0 0.851172 0.704167 0.00546875 0.00833333
0 0.337891 0.940278 0.00546875 0.0111111
0 0.4125 0.694444 0.009375 0.025
0 0.2375 0.820833 0.0046875 0.00555556
0 0.984766 0.894444 0.0304688 0.025
0 0.996094 0.936111 0.0078125 0.0166667
0 0.332031 0.788889 0.028125 0.0277778
0 0.100391 0.979861 0.0148437 0.0402778
0 0.171094 0.898611 0.01875 0.025
0 0.122266 0.306944 0.00859375 0.0111111
0 0.195703 0.795139 0.0257812 0.0291667
0 0.855469 0.886111 0.00625 0.0111111
0 0.735547 0.756944 0.0101562 0.0333333
0 0.9625 0.895139 0.0046875 0.0125
0 0.984766 0.447917 0.0226563 0.0152778
0 0.352344 0.681944 0.0125 0.025
0 0.958203 0.954861 0.00546875 0.0152778
0 0.795703 0.778472 0.0101562 0.0513889
0 0.2375 0.809028 0.0078125 0.00972222
0 0.311328 0.786806 0.0429688 0.104167
0 0.294922 0.838889 0.0351562 0.0694444
0 0.424609 0.680556 0.00859375 0.0111111
0 0.892578 0.925694 0.0367187 0.0958333
0 0.927734 0.904861 0.0132813 0.0152778
0 0.117188 0.872917 0.01875 0.0236111
0 0.276172 0.8125 0.00859375 0.0111111
0 0.239453 0.955556 0.0382813 0.0722222
0 0.169922 0.772917 0.00859375 0.0291667
0 0.951172 0.927778 0.00703125 0.0166667
0 0.907031 0.959028 0.0421875 0.0819444
0 0.535547 0.941667 0.0101562 0.0166667
0 0.271875 0.874306 0.0078125 0.0180556
0 0.518359 0.734028 0.0164062 0.0208333
0 0.880469 0.939583 0.009375 0.0541667
0 0.908203 0.91875 0.00234375 0.00694444
0 0.420312 0.688194 0.0078125 0.0152778
0 0.879297 0.970833 0.0351562 0.0583333
0 0.795703 0.697917 0.00703125 0.00972222
0 0.253516 0.814583 0.0492188 0.0597222
0 0.104297 0.904861 0.0195312 0.0347222
0 0.362109 0.69375 0.0132813 0.0263889
0 0.917969 0.977083 0.0109375 0.0458333
0 0.420312 0.68125 0.00625 0.0125
0 0.817969 0.947222 0.0203125 0.0777778
0 0.920313 0.870139 0.0203125 0.0180556
0 0.911328 0.728472 0.0257812 0.0263889
0 0.878125 0.928472 0.028125 0.0958333
0 0.854297 0.880556 0.00703125 0.00833333
0 0.219531 0.90625 0.0046875 0.0152778
0 0.939844 0.873611 0.009375 0.0472222
0 0.251172 0.84375 0.0101562 0.0152778
0 0.989062 0.961111 0.00625 0.025
0 0.997656 0.954861 0.0046875 0.0319444
0 0.357422 0.906944 0.0320312 0.0361111
0 0.388281 0.68125 0.0078125 0.0236111
0 0.217578 0.9125 0.0132813 0.05
0 0.169922 0.935417 0.0257812 0.0236111
0 0.8 0.697917 0.0046875 0.00972222
0 0.340625 0.883333 0.0140625 0.0333333
0 0.863672 0.722917 0.00703125 0.0263889
0 0.867969 0.829167 0.00625 0.0111111
0 0.881641 0.692361 0.0148437 0.0180556
0 0.292578 0.821528 0.00859375 0.0125
0 0.835156 0.711111 0.015625 0.0138889
0 0.840625 0.713889 0.034375 0.0361111
0 0.280078 0.820139 0.00859375 0.0125
0 0.777734 0.703472 0.0148437 0.0208333
0 0.164453 0.8125 0.00703125 0.00833333
0 0.308984 0.820139 0.00703125 0.0125
0 0.174609 0.81875 0.0429688 0.0680556
0 0.379297 0.699306 0.00546875 0.00972222
0 0.146875 0.932639 0.0125 0.0180556
0 0.147266 0.813194 0.0101562 0.00694444
0 0.217187 0.829861 0.0078125 0.0125
0 0.1125 0.982639 0.0140625 0.0347222
0 0.246484 0.829861 0.00390625 0.0152778
0 0.225781 0.821528 0.0078125 0.00694444
0 0.898828 0.866667 0.0101562 0.0166667
0 0.223438 0.904167 0.0109375 0.0166667
0 0.155469 0.91875 0.0125 0.0430556
0 0.326562 0.950694 0.0375 0.0986111
0 0.930469 0.954167 0.028125 0.0916667
0 0.895703 0.86875 0.0101562 0.0236111
0 0.159375 0.894444 0.00625 0.00833333
0 0.341406 0.841667 0.0453125 0.0916667
0 0.880469 0.724306 0.00625 0.00972222
0 0.187109 0.920139 0.0148437 0.0208333
0 0.192188 0.843056 0.00625 0.0111111
0 0.991406 0.981944 0.0171875 0.0361111
0 0.242188 0.819444 0.00625 0.0111111
0 0.983984 0.440278 0.0195312 0.0138889
0 0.882422 0.882639 0.0148437 0.0291667
0 0.348047 0.815972 0.0148437 0.0319444
0 0.829297 0.698611 0.00703125 0.00555556
0 0.196875 0.845139 0.0046875 0.0152778
0 0.973047 0.875694 0.0101562 0.0319444
0 0.144922 0.86875 0.0101562 0.0236111
0 0.925391 0.888194 0.00703125 0.0125
0 0.170312 0.809028 0.034375 0.0236111
0 0.231641 0.933333 0.0117188 0.0333333
0 0.915625 0.897222 0.0140625 0.0194444
0 0.179297 0.974306 0.0289063 0.0347222
0 0.889063 0.909722 0.009375 0.00833333
0 0.280469 0.915972 0.0109375 0.0125
0 0.39375 0.58125 0.015625 0.0208333
0 0.141797 0.818056 0.00546875 0.00833333
0 0.401563 0.682639 0.015625 0.0180556
0 0.79375 0.704861 0.01875 0.00972222
0 0.404297 0.696528 0.00859375 0.00694444
0 0.788672 0.6875 0.0164062 0.0111111
0 0.355859 0.874306 0.00703125 0.0152778
0 0.34375 0.950694 0.03125 0.0986111
0 0.204297 0.807639 0.0554687 0.0597222
0 0.273438 0.8375 0.0375 0.0666667
0 0.3625 0.853472 0.01875 0.0152778
0 0.894922 0.722222 0.0507812 0.0888889
0 0.853906 0.861806 0.034375 0.0319444
0 0.577734 0.877778 0.0195312 0.00833333
0 0.189063 0.869444 0.0328125 0.075
0 0.241016 0.950694 0.0398437 0.0291667
0 0.401563 0.705556 0.015625 0.025
0 0.150781 0.808333 0.0078125 0.00833333
0 0.229297 0.852778 0.0210938 0.0166667
0 0.171484 0.776389 0.00859375 0.0138889
0 0.991797 0.947222 0.0117188 0.0111111
0 0.212109 0.334028 0.0226563 0.0513889
0 0.275 0.884028 0.0375 0.0152778
0 0.8625 0.919444 0.028125 0.0166667
0 0.945312 0.890972 0.0078125 0.0152778
0 0.927734 0.959722 0.0210938 0.0194444
0 0.148047 0.852778 0.0195312 0.0194444
0 0.154687 0.914583 0.0234375 0.0263889
0 0.225391 0.921528 0.0351562 0.0958333
0 0.273438 0.929861 0.0390625 0.0708333
0 0.351953 0.844444 0.0101562 0.0305556
0 0.230469 0.863889 0.0109375 0.0138889
0 0.129297 0.895139 0.0351562 0.101389
0 0.924609 0.892361 0.0132813 0.0263889
0 0.824219 0.868056 0.009375 0.0222222
0 0.597656 0.941667 0.015625 0.0277778
0 0.323438 0.933333 0.0171875 0.0472222
0 0.813281 0.711111 0.009375 0.0333333
0 0.878906 0.861806 0.0078125 0.0347222
0 0.291797 0.925 0.0335938 0.0944444
0 0.990234 0.918056 0.0101562 0.0416667
0 0.119922 0.752778 0.0320312 0.0166667
0 0.212109 0.845139 0.0289063 0.0180556
0 0.225781 0.864583 0.009375 0.0180556
0 0.692187 0.549306 0.009375 0.00694444
0 0.411719 0.929861 0.0125 0.0180556
0 0.985156 0.961806 0.0125 0.0236111
0 0.832031 0.829167 0.009375 0.0277778
0 0.327344 0.859028 0.015625 0.0513889
0 0.991406 0.940972 0.0109375 0.0125
0 0.912891 0.720833 0.0445312 0.1
0 0.187891 0.96875 0.00703125 0.00972222
0 0.148828 0.973611 0.0257812 0.0333333
0 0.908984 0.913194 0.0195312 0.0291667
0 0.871094 0.70625 0.00625 0.0152778
0 0.230078 0.872222 0.00859375 0.0194444
0 0.911719 0.926389 0.015625 0.0194444
0 0.186328 0.829167 0.0117188 0.0416667
0 0.0953125 0.985417 0.0171875 0.0263889
0 0.619531 0.945833 0.0421875 0.0222222
0 0.855078 0.704861 0.00546875 0.00972222
0 0.862891 0.670833 0.0382813 0.0888889
0 0.363672 0.857639 0.00703125 0.0152778
0 0.991797 0.939583 0.0164062 0.0319444
0 0.114844 0.944444 0.028125 0.0388889
0 0.192578 0.93125 0.0476562 0.0652778
0 0.0800781 0.90625 0.0195312 0.0263889
0 0.23125 0.895139 0.0109375 0.0319444
0 0.234766 0.902778 0.0148437 0.0472222
0 0.258984 0.918056 0.00546875 0.0138889
0 0.332031 0.865972 0.015625 0.0458333
0 0.310937 0.838889 0.04375 0.0888889
0 0.277344 0.823611 0.0125 0.0277778
0 0.241797 0.826389 0.00546875 0.00833333
0 0.261719 0.861806 0.034375 0.0291667
0 0.232812 0.940972 0.025 0.0291667
0 0.244922 0.86875 0.0507812 0.0486111
0 0.190625 0.926389 0.0171875 0.025
0 0.394141 0.857639 0.0148437 0.0597222
0 0.821094 0.692361 0.00625 0.00972222
0 0.948438 0.884028 0.0125 0.0208333
0 0.386328 0.663889 0.00859375 0.025
0 0.188281 0.841667 0.00625 0.00833333
0 0.119922 0.989583 0.0195312 0.0208333
0 0.143359 0.943056 0.0148437 0.0277778
0 0.208984 0.820833 0.00703125 0.0111111
0 0.25625 0.822917 0.0109375 0.0430556
0 0.872656 0.698611 0.0125 0.0194444
0 0.810547 0.718056 0.0164062 0.0305556
0 0.837891 0.70625 0.00859375 0.00972222
0 0.162891 0.879861 0.0132813 0.0152778
0 0.225391 0.961111 0.00390625 0.00833333
0 0.0777344 0.95 0.0132813 0.0444444
0 0.830469 0.870139 0.03125 0.109722
0 0.606641 0.929861 0.0257812 0.0291667
0 0.807031 0.677083 0.0234375 0.0208333
0 0.867188 0.704861 0.0078125 0.00972222
0 0.923437 0.86875 0.0125 0.0402778
0 0.391797 0.704167 0.00703125 0.00555556
0 0.899609 0.890278 0.0367187 0.0333333
0 0.223828 0.780556 0.0164062 0.0194444
0 0.356641 0.799306 0.0148437 0.0375
0 0.994141 0.947917 0.0117188 0.0319444
0 0.995703 0.943056 0.00859375 0.0138889
0 0.221094 0.8 0.025 0.0222222
0 0.829297 0.706944 0.00859375 0.00833333
0 0.976953 0.925 0.0179687 0.0583333
0 0.330859 0.829167 0.0132813 0.0361111
0 0.283203 0.809028 0.0195312 0.0152778
0 0.857813 0.959028 0.040625 0.0763889
0 0.650391 0.763889 0.0148437 0.0166667
0 0.621875 0.932639 0.021875 0.0236111
0 0.432813 0.6875 0.0078125 0.0111111
0 0.86875 0.723611 0.0109375 0.0333333
0 0.165625 0.9125 0.028125 0.0361111
0 0.915625 0.795833 0.0140625 0.025
0 0.870313 0.740278 0.0109375 0.0194444
0 0.941797 0.903472 0.00703125 0.0125
0 0.884375 0.725 0.0078125 0.00555556
0 0.226172 0.872222 0.0101562 0.0194444
0 0.352734 0.869444 0.0179687 0.0222222
0 0.946094 0.925 0.009375 0.0166667
0 0.309766 0.964583 0.0164062 0.0486111
0 0.871875 0.836806 0.003125 0.0125
0 0.142578 0.953472 0.0351562 0.0791667
0 0.303516 0.902083 0.0445312 0.0458333
0 0.76875 0.770139 0.0125 0.0319444
0 0.142969 0.910417 0.00625 0.00694444
0 0.232812 0.859722 0.0109375 0.0333333
0 0.300781 0.849306 0.00625 0.0152778
0 0.852734 0.710417 0.0101562 0.00416667
0 0.212109 0.905556 0.0148437 0.0194444
0 0.176563 0.927083 0.015625 0.0319444
0 0.878906 0.721528 0.0234375 0.0208333
0 0.195703 0.963889 0.0273438 0.0305556
0 0.107031 0.942361 0.0171875 0.0291667
0 0.164062 0.829861 0.0140625 0.0180556
0 0.801172 0.671528 0.0148437 0.0152778
0 0.817578 0.695833 0.00546875 0.00555556
0 0.254297 0.8 0.0304688 0.0277778
0 0.792969 0.904167 0.0125 0.0416667
0 0.4 0.688194 0.00625 0.0125
0 0.424609 0.688889 0.0101562 0.0138889
0 0.158984 0.817361 0.0289063 0.0263889
0 0.835938 0.899306 0.0359375 0.0375
0 0.176172 0.963194 0.0148437 0.0347222
0 0.878516 0.894444 0.00859375 0.0305556
0 0.342187 0.88125 0.0078125 0.0125
0 0.823828 0.700694 0.0429688 0.0430556
0 0.408203 0.682639 0.00703125 0.0125
0 0.772266 0.734722 0.0132813 0.0361111
0 0.985547 0.918056 0.0101562 0.0416667
0 0.108203 0.891667 0.0289063 0.0277778
0 0.795703 0.684722 0.0210938 0.025
0 0.18125 0.9125 0.0109375 0.0277778
0 0.882031 0.976389 0.0140625 0.0444444
0 0.325 0.814583 0.0453125 0.0652778
0 0.39375 0.936111 0.0359375 0.108333
0 0.296484 0.811111 0.0460938 0.0694444
0 0.266797 0.822917 0.00703125 0.0152778
0 0.9375 0.556944 0.0203125 0.0111111
0 0.326953 0.4 0.0226563 0.0277778
0 0.939844 0.850694 0.0265625 0.120833
0 0.289844 0.83125 0.01875 0.0263889
0 0.885547 0.902083 0.0132813 0.0513889
0 0.248437 0.889583 0.0109375 0.0263889
0 0.944922 0.561111 0.00859375 0.00833333
0 0.941016 0.870139 0.0164062 0.0180556
0 0.264453 0.8 0.0117188 0.0361111
0 0.166016 0.838889 0.0132813 0.0388889
0 0.223828 0.95 0.0101562 0.0194444
0 0.178125 0.868056 0.015625 0.025
0 0.891406 0.875694 0.0109375 0.0208333
0 0.274219 0.838889 0.040625 0.0277778
0 0.342187 0.888889 0.0078125 0.0111111
0 0.217187 0.827083 0.0171875 0.00694444
0 0.233203 0.966667 0.0335938 0.0277778
0 0.212109 0.911806 0.0257812 0.0180556
0 0.244922 0.870139 0.0226563 0.0263889
0 0.359375 0.945833 0.034375 0.108333
0 0.110156 0.966667 0.0515625 0.0527778
0 0.316797 0.815972 0.0132813 0.0125
0 0.857813 0.689583 0.0171875 0.0152778
0 0.134766 0.970833 0.0195312 0.0416667
0 0.817187 0.691667 0.0078125 0.00833333
0 0.764063 0.8 0.0125 0.0444444
0 0.760547 0.748611 0.0101562 0.0388889
0 0.973437 0.929167 0.01875 0.0277778
0 0.43125 0.683333 0.015625 0.0305556
0 0.348437 0.853472 0.015625 0.0263889
0 0.192969 0.896528 0.0109375 0.0486111
0 0.292188 0.920833 0.03125 0.0305556
0 0.350781 0.873611 0.009375 0.0138889
0 0.435156 0.696528 0.015625 0.0263889
0 0.610156 0.791667 0.01875 0.0444444
0 0.126953 0.854861 0.0523437 0.0513889
0 0.384375 0.979167 0.015625 0.0361111
0 0.825 0.680556 0.015625 0.025
0 0.976953 0.901389 0.0414063 0.0694444
0 0.138281 0.815972 0.00625 0.00694444
0 0.0816406 0.940278 0.0398437 0.0805556
0 0.613281 0.944444 0.05 0.111111
0 0.254687 0.915972 0.0078125 0.0125
0 0.222656 0.774306 0.0140625 0.0152778
0 0.220703 0.86875 0.0257812 0.0291667
0 0.299609 0.815972 0.0320312 0.0291667
0 0.395703 0.696528 0.00859375 0.00972222
0 0.240234 0.800694 0.00859375 0.0291667
0 0.254687 0.898611 0.040625 0.0611111
0 0.858203 0.929167 0.0304688 0.025
0 0.991016 0.963194 0.0179687 0.0736111
0 0.25625 0.850694 0.009375 0.0375
0 0.857031 0.875694 0.0078125 0.0263889
0 0.957422 0.985417 0.0117188 0.0291667
0 0.0929687 0.952778 0.0421875 0.0722222
0 0.387891 0.696528 0.00859375 0.00972222
0 0.260547 0.835417 0.0101562 0.0430556
0 0.840625 0.836111 0.0125 0.0222222
0 0.529688 0.335417 0.021875 0.0402778
0 0.576172 0.872222 0.0210938 0.00555556
0 0.874219 0.825 0.00625 0.0222222
0 0.391406 0.698611 0.0078125 0.00833333
0 0.847266 0.697917 0.0226563 0.0152778
0 0.215234 0.907639 0.00859375 0.0125
0 0.427734 0.902778 0.0179687 0.0277778
0 0.985937 0.9125 0.028125 0.0361111
0 0.355469 0.888194 0.0125 0.0625
0 0.88125 0.699306 0.021875 0.0180556
0 0.101172 0.913194 0.0164062 0.0236111
0 0.326953 0.865278 0.0414063 0.102778
0 0.860156 0.904861 0.015625 0.0291667
0 0.375 0.697917 0.0078125 0.00694444
0 0.773047 0.790278 0.0101562 0.0611111
0 0.883594 0.986806 0.028125 0.0263889
0 0.614062 0.93125 0.0203125 0.0208333
0 0.807031 0.682639 0.0171875 0.0208333
0 0.85625 0.707639 0.0078125 0.00694444
0 0.180469 0.926389 0.015625 0.0166667
0 0.399609 0.695139 0.00859375 0.00694444
0 0.107422 0.935417 0.0554687 0.0486111
0 0.183203 0.866667 0.00703125 0.0222222
0 0.859766 0.918056 0.0164062 0.0361111
0 0.127344 0.952083 0.01875 0.0319444
0 0.887891 0.727083 0.00703125 0.00694444
0 0.352734 0.891667 0.0304688 0.0333333
0 0.228125 0.773611 0.0125 0.0277778
0 0.870313 0.861111 0.0296875 0.0222222
0 0.925391 0.895833 0.00859375 0.0166667
0 0.258203 0.838194 0.0304688 0.0263889
0 0.907422 0.867361 0.0117188 0.0347222
0 0.871094 0.829861 0.00625 0.0152778
0 0.283594 0.919444 0.0078125 0.0138889
0 0.172266 0.786111 0.0164062 0.0194444
0 0.989844 0.904861 0.0203125 0.0819444
0 0.357812 0.875694 0.0359375 0.0875
0 0.146484 0.911806 0.00546875 0.00694444
0 0.301172 0.903472 0.0164062 0.0597222
0 0.848828 0.860417 0.0164062 0.0319444
0 0.279687 0.814583 0.009375 0.0152778
0 0.858594 0.95625 0.0125 0.0402778
0 0.353906 0.693056 0.0109375 0.0361111
0 0.330859 0.786111 0.0117188 0.0388889
0 0.839844 0.677778 0.0109375 0.0194444
0 0.899609 0.951389 0.0351562 0.0444444
0 0.997266 0.895833 0.00546875 0.0388889
0 0.932031 0.9125 0.0140625 0.0277778
0 0.193359 0.790972 0.0476562 0.0541667
0 0.866797 0.966667 0.0304688 0.0333333
0 0.416406 0.861111 0.0125 0.0416667
0 0.281641 0.913194 0.00703125 0.0319444
0 0.162891 0.865278 0.0445312 0.075
0 0.217969 0.873611 0.0109375 0.05
0 0.189063 0.925 0.0078125 0.025
0 0.878906 0.720139 0.0078125 0.0125
0 0.224219 0.809722 0.00625 0.0166667
0 0.857813 0.913889 0.034375 0.0222222
0 0.832422 0.90625 0.0117188 0.0486111
0 0.849219 0.936111 0.025 0.0277778
0 0.222266 0.904167 0.0148437 0.0555556
0 0.919141 0.863889 0.0164062 0.0166667
0 0.534375 0.949306 0.0203125 0.00972222
0 0.977734 0.930556 0.0382813 0.0611111
0 0.372266 0.676389 0.0132813 0.0222222
0 0.271094 0.814583 0.021875 0.0291667
0 0.264453 0.934028 0.00859375 0.0569444
0 0.164453 0.911111 0.0132813 0.0305556
0 0.944531 0.928472 0.01875 0.0319444
0 0.228516 0.869444 0.0320312 0.0166667
0 0.15 0.814583 0.00625 0.00972222
0 0.278906 0.810417 0.00625 0.0402778
0 0.739453 0.75 0.0117188 0.0416667
0 0.814453 0.717361 0.0179687 0.0458333
0 0.495313 0.95625 0.0140625 0.0125
0 0.397656 0.690972 0.015625 0.0263889
0 0.408984 0.675694 0.0132813 0.0208333
0 0.182031 0.830556 0.0234375 0.0166667
0 0.935156 0.933333 0.015625 0.0444444
0 0.208203 0.826389 0.0132813 0.025
0 0.227344 0.836111 0.0140625 0.05
0 0.275 0.877083 0.028125 0.00972222
0 0.960938 0.889583 0.009375 0.0236111
0 0.312891 0.929861 0.0367187 0.0958333
0 0.836719 0.875694 0.0109375 0.0375
0 0.995313 0.899306 0.009375 0.0375
0 0.16875 0.867361 0.015625 0.0319444
0 0.387109 0.700694 0.0226563 0.0180556
0 0.625391 0.797222 0.0273438 0.0194444
0 0.100391 0.915278 0.0210938 0.0416667
0 0.117578 0.98125 0.0117188 0.0375
0 0.854688 0.680556 0.021875 0.0444444
0 0.175391 0.95625 0.0320312 0.0263889
0 0.445312 0.692361 0.03125 0.0236111
0 0.283984 0.897917 0.0242187 0.0236111
0 0.13125 0.913194 0.0171875 0.0347222
0 0.471875 0.770833 0.0140625 0.0166667
0 0.170312 0.802083 0.01875 0.0152778
0 0.33125 0.844444 0.0140625 0.0333333
0 0.994922 0.956944 0.0101562 0.025
0 0.932422 0.925 0.0117188 0.0305556
0 0.891797 0.9125 0.00859375 0.0222222
0 0.283984 0.822917 0.0351562 0.0263889
0 0.228516 0.809028 0.0148437 0.0152778
0 0.223047 0.897917 0.0476562 0.0597222
0 0.189844 0.786806 0.0109375 0.0263889
0 0.219141 0.795833 0.0132813 0.0194444
0 0.908594 0.850694 0.0109375 0.0236111
0 0.225 0.815278 0.009375 0.0138889
0 0.185547 0.883333 0.0132813 0.0222222
0 0.851953 0.698611 0.0210938 0.0277778
0 0.209375 0.970833 0.034375 0.0444444
0 0.308203 0.940972 0.0273438 0.0180556
0 0.307813 0.934028 0.0171875 0.0263889
0 0.255078 0.395833 0.0148437 0.0194444
0 0.878906 0.875694 0.0359375 0.0208333
0 0.861719 0.706944 0.0203125 0.0361111
0 0.265234 0.815972 0.00703125 0.0319444
0 0.876172 0.70625 0.0226563 0.0263889
0 0.403125 0.691667 0.034375 0.0277778
0 0.235938 0.815278 0.0140625 0.0361111
0 0.333984 0.785417 0.0132813 0.0569444
0 0.372656 0.792361 0.0171875 0.0402778
0 0.353906 0.811806 0.0328125 0.0236111
0 0.954687 0.928472 0.0171875 0.0125
0 0.160547 0.861111 0.0132813 0.0277778
0 0.896484 0.728472 0.0117188 0.0319444
0 0.821484 0.684028 0.00703125 0.0347222
0 0.117578 0.748611 0.0179687 0.0472222
0 0.936328 0.861111 0.0117188 0.0166667
0 0.108984 0.90625 0.0445312 0.0680556
0 0.2125 0.935417 0.0203125 0.0208333
0 0.894141 0.902778 0.0132813 0.0138889
0 0.225391 0.838889 0.0320312 0.0277778
0 0.878516 0.869444 0.0257812 0.0111111
0 0.841016 0.874306 0.00703125 0.0375
0 0.328906 0.836111 0.0203125 0.0166667
0 0.128125 0.868056 0.03125 0.0388889
0 0.210156 0.894444 0.0171875 0.0277778
0 0.163672 0.806944 0.0148437 0.0333333
0 0.362891 0.860417 0.0289063 0.0263889
0 0.299219 0.802778 0.0203125 0.0194444
0 0.335547 0.844444 0.0132813 0.0388889
0 0.287109 0.911806 0.0179687 0.0208333
0 0.34375 0.947917 0.0125 0.0569444
0 0.263281 0.949306 0.0296875 0.0319444
0 0.251953 0.8 0.0132813 0.0388889
0 0.874609 0.860417 0.0101562 0.0375
0 0.970312 0.935417 0.028125 0.0347222
0 0.839453 0.711111 0.0148437 0.025
0 0.244922 0.897222 0.0242187 0.0194444
0 0.321094 0.897222 0.0359375 0.025
0 0.994141 0.934722 0.00859375 0.0277778
0 0.357031 0.686806 0.009375 0.0208333
0 0.298438 0.8625 0.0171875 0.025
0 0.210547 0.874306 0.0179687 0.0347222
0 0.948828 0.91875 0.00859375 0.0180556
0 0.591797 0.892361 0.0664062 0.0847222
0 0.369922 0.796528 0.0132813 0.0208333
0 0.991797 0.941667 0.0164062 0.0194444
0 0.449219 0.686111 0.0140625 0.0277778
0 0.0824219 0.952083 0.0179687 0.0291667
0 0.224609 0.795833 0.0132813 0.0166667
0 0.2125 0.816667 0.0171875 0.0194444
0 0.241797 0.943056 0.0226563 0.0194444
0 0.891406 0.904861 0.0078125 0.0125
0 0.241406 0.859722 0.01875 0.0305556
0 0.264453 0.852083 0.0148437 0.0513889
0 0.410156 0.928472 0.0203125 0.0430556
0 0.844531 0.966667 0.0359375 0.0305556
0 0.932031 0.871528 0.0109375 0.0152778
0 0.209375 0.836806 0.015625 0.0347222
0 0.269141 0.883333 0.0148437 0.0277778
0 0.770312 0.8 0.009375 0.05
0 0.168359 0.926389 0.0179687 0.0277778
0 0.953125 0.979167 0.025 0.025
0 0.835156 0.682639 0.021875 0.0263889
0 0.883594 0.913889 0.034375 0.0361111
0 0.227734 0.904861 0.0148437 0.0375
0 0.841016 0.884722 0.0304688 0.0388889
0 0.436328 0.682639 0.0117188 0.0263889
0 0.441016 0.683333 0.0148437 0.0333333
0 0.916016 0.922917 0.0210938 0.0263889
0 0.260547 0.821528 0.0132813 0.0458333
0 0.302734 0.80625 0.0179687 0.0513889
0 0.928516 0.891667 0.0179687 0.0166667
0 0.260938 0.935417 0.0046875 0.0486111
0 0.174609 0.771528 0.0132813 0.0208333
0 0.241797 0.810417 0.0273438 0.0180556
0 0.838281 0.894444 0.040625 0.0722222
0 0.251953 0.838194 0.00859375 0.0430556
0 0.417188 0.690278 0.0203125 0.025
0 0.827734 0.700694 0.0164062 0.0152778
0 0.941016 0.554167 0.0210938 0.0111111
0 0.961328 0.947917 0.0117188 0.0347222
0 0.2 0.8625 0.009375 0.0166667
0 0.412109 0.707639 0.0164062 0.0208333
0 0.233984 0.956944 0.0148437 0.0194444
0 0.337109 0.854861 0.0304688 0.0291667
0 0.851562 0.925694 0.0171875 0.0625
0 0.199609 0.838194 0.0179687 0.0236111
0 0.234375 0.875 0.028125 0.0222222
0 0.351562 0.86875 0.009375 0.0541667
0 0.18125 0.882639 0.0203125 0.0347222
0 0.143359 0.874306 0.0195312 0.0347222
0 0.823828 0.692361 0.0242187 0.0236111
0 0.190625 0.884028 0.0109375 0.0208333
0 0.874219 0.978472 0.0140625 0.0375
0 0.869531 0.707639 0.021875 0.0180556
0 0.931641 0.877083 0.0195312 0.0430556
0 0.985937 0.98125 0.01875 0.0236111
0 0.828516 0.670139 0.0164062 0.0236111
0 0.246484 0.911806 0.0148437 0.0486111
0 0.216016 0.861111 0.0148437 0.0333333
0 0.940234 0.898611 0.0117188 0.0166667
0 0.222266 0.851389 0.0164062 0.0416667
0 0.966406 0.958333 0.021875 0.0277778
0 0.254297 0.846528 0.0257812 0.0236111
0 0.902734 0.861111 0.0335938 0.0583333
0 0.911328 0.890278 0.0195312 0.025
0 0.903125 0.950694 0.0296875 0.0236111
0 0.614453 0.938889 0.0289063 0.0194444
0 0.203906 0.854861 0.0140625 0.0180556
0 0.855469 0.910417 0.015625 0.0319444
0 0.928125 0.926389 0.0109375 0.0416667
0 0.607813 0.924306 0.025 0.0652778
0 0.417969 0.675694 0.0140625 0.0347222
0 0.408594 0.695139 0.0125 0.0291667
0 0.209766 0.953472 0.0242187 0.0513889
0 0.949609 0.957639 0.0242187 0.0208333
0 0.210938 0.911111 0.0203125 0.0611111
0 0.262109 0.909722 0.0195312 0.0222222
0 0.315625 0.958333 0.0390625 0.0305556
0 0.136719 0.941667 0.0171875 0.0361111
0 0.320312 0.890972 0.025 0.0208333
0 0.3 0.854861 0.009375 0.0263889
0 0.194141 0.881944 0.0164062 0.0333333
0 0.391016 0.944444 0.0179687 0.0194444
0 0.408984 0.682639 0.0210938 0.0291667
0 0.370703 0.803472 0.0273438 0.0208333
0 0.285937 0.860417 0.0171875 0.0458333
0 0.798437 0.690972 0.0140625 0.0180556
0 0.941797 0.90625 0.0132813 0.0236111
0 0.209375 0.934028 0.01875 0.0375
0 0.949609 0.95 0.0226563 0.0194444
0 0.777734 0.7 0.0351562 0.025
0 0.875391 0.838194 0.0351562 0.0263889
0 0.272656 0.836111 0.0140625 0.0555556
0 0.151953 0.941667 0.0164062 0.0444444
0 0.113672 0.934722 0.0429688 0.105556
0 0.858984 0.890278 0.0304688 0.0305556
0 0.0851562 0.914583 0.025 0.0375
0 0.805469 0.667361 0.01875 0.0319444
0 0.255859 0.8375 0.0132813 0.0444444
0 0.172266 0.948611 0.0179687 0.0388889
0 0.264844 0.830556 0.015625 0.0444444
0 0.250391 0.822917 0.0132813 0.0236111
0 0.860937 0.725 0.0140625 0.0416667
0 0.260547 0.861806 0.0179687 0.0513889
0 0.875391 0.928472 0.0273438 0.0263889
0 0.926562 0.957639 0.01875 0.0569444
0 0.18125 0.830556 0.01875 0.0555556
0 0.283594 0.890278 0.021875 0.0194444
0 0.221875 0.772222 0.01875 0.0555556
0 0.294531 0.813889 0.0140625 0.0361111
0 0.985156 0.971528 0.00625 0.0375
0 0.352344 0.852083 0.0171875 0.0375
0 0.220703 0.83125 0.0257812 0.0236111
0 0.852344 0.852083 0.0171875 0.0375
0 0.929297 0.897222 0.0257812 0.0194444
0 0.611719 0.933333 0.065625 0.0583333
0 0.901953 0.943056 0.0164062 0.0388889
0 0.141016 0.891667 0.0210938 0.0194444
0 0.387891 0.660417 0.0226563 0.0319444
0 0.808203 0.802083 0.0101562 0.0430556
0 0.164453 0.935417 0.0195312 0.0375
0 0.354297 0.875 0.0257812 0.0194444
0 0.167187 0.964583 0.0171875 0.0430556
0 0.283203 0.920833 0.0179687 0.0222222
0 0.864844 0.738194 0.0203125 0.0208333
0 0.228516 0.913889 0.0101562 0.0194444
0 0.875 0.832639 0.028125 0.0152778
0 0.836328 0.897222 0.0148437 0.0666667
0 0.233203 0.905556 0.0148437 0.0222222
0 0.2 0.847917 0.0140625 0.0152778
0 0.968359 0.934722 0.0164062 0.0666667
0 0.242188 0.867361 0.015625 0.0652778
0 0.190234 0.938194 0.0179687 0.0236111
0 0.149219 0.907639 0.0171875 0.0152778
0 0.376563 0.675694 0.0125 0.0291667
0 0.283594 0.815972 0.028125 0.0180556
0 0.227344 0.868056 0.01875 0.0444444
0 0.194531 0.804167 0.01875 0.0277778
0 0.100781 0.890972 0.0203125 0.0402778
0 0.966016 0.890972 0.00859375 0.0208333
0 0.242969 0.815278 0.0078125 0.0416667
0 0.326172 0.8375 0.0195312 0.0472222
0 0.393359 0.689583 0.0117188 0.0375
0 0.269141 0.815278 0.00859375 0.0472222
0 0.282031 0.808333 0.0109375 0.0527778
0 0.576563 0.868056 0.0203125 0.0527778
0 0.870313 0.861111 0.01875 0.0444444
0 0.297266 0.800694 0.0179687 0.0486111
0 0.3125 0.815972 0.0109375 0.0152778
0 0.166016 0.891667 0.0117188 0.025
0 0.192188 0.971528 0.028125 0.0263889
0 0.378906 0.685417 0.0328125 0.0375
0 0.990625 0.95 0.0171875 0.0277778
0 0.361719 0.853472 0.0109375 0.0319444
0 0.846484 0.689583 0.0242187 0.0263889
0 0.141797 0.970833 0.0179687 0.0583333
0 0.173828 0.831944 0.0164062 0.025
0 0.838672 0.675694 0.0257812 0.0263889
0 0.294922 0.824306 0.0210938 0.0236111
0 0.928516 0.936806 0.0273438 0.0236111
0 0.151172 0.925694 0.0179687 0.0291667
0 0.199219 0.810417 0.021875 0.0375
0 0.191797 0.964583 0.0164062 0.0208333
0 0.945312 0.899306 0.015625 0.0180556
0 0.962109 0.895139 0.0148437 0.0347222
0 0.170312 0.826389 0.025 0.025
0 0.876953 0.949306 0.0210938 0.0486111
0 0.880859 0.713194 0.0148437 0.0263889
0 0.0792969 0.950694 0.0226563 0.0680556
0 0.209375 0.815972 0.009375 0.0430556
0 0.878906 0.906944 0.0203125 0.025
0 0.310937 0.861806 0.0171875 0.0347222
0 0.183203 0.877778 0.0132813 0.0194444
0 0.425781 0.689583 0.0203125 0.0458333
0 0.212891 0.825 0.0164062 0.0166667
0 0.371875 0.683333 0.015625 0.0472222
0 0.253516 0.904167 0.0179687 0.0361111
0 0.160156 0.861806 0.01875 0.0458333
0 0.16875 0.801389 0.0234375 0.0333333
0 0.208984 0.95625 0.0164062 0.0291667
0 0.395703 0.7 0.0273438 0.025
0 0.302734 0.845139 0.0132813 0.0486111
0 0.811719 0.690278 0.0203125 0.0333333
0 0.153516 0.810417 0.0164062 0.0291667
0 0.191797 0.890278 0.0164062 0.0222222
0 0.313281 0.822917 0.01875 0.0208333
0 0.204688 0.860417 0.0203125 0.0208333
0 0.272266 0.875 0.0164062 0.0527778
0 0.894141 0.904167 0.0148437 0.0305556
0 0.895703 0.911806 0.0210938 0.0180556
0 0.153516 0.838889 0.00859375 0.0333333
0 0.175781 0.778472 0.01875 0.0236111
0 0.126172 0.882639 0.0210938 0.0486111
0 0.345313 0.884028 0.0203125 0.0208333
0 0.237891 0.866667 0.0242187 0.0222222
0 0.107813 0.94375 0.0234375 0.0569444
0 0.314453 0.957639 0.0179687 0.0652778
0 0.840625 0.881944 0.0140625 0.0472222
0 0.191016 0.840278 0.0179687 0.025
0 0.227344 0.807639 0.0109375 0.0513889
0 0.161719 0.890278 0.0078125 0.025
0 0.950391 0.925694 0.0132813 0.0208333
0 0.132812 0.949306 0.015625 0.0263889
0 0.903906 0.852083 0.0125 0.0319444
0 0.953125 0.977778 0.01875 0.0444444
0 0.353125 0.9 0.01875 0.0222222
0 0.261328 0.908333 0.0195312 0.05
0 0.826563 0.667361 0.021875 0.0486111
0 0.993359 0.90625 0.0132813 0.0375
0 0.248828 0.895833 0.0195312 0.05
0 0.317969 0.829861 0.01875 0.0458333
0 0.178906 0.875694 0.009375 0.0236111
0 0.229297 0.815972 0.0226563 0.0236111
0 0.222656 0.795139 0.0203125 0.0458333
0 0.911328 0.911806 0.00859375 0.0458333
0 0.936719 0.869444 0.01875 0.0277778
0 0.613672 0.934722 0.0210938 0.0527778
0 0.989844 0.970833 0.0078125 0.0361111
0 0.778906 0.695833 0.0234375 0.05
0 0.385156 0.698611 0.015625 0.0444444
0 0.3 0.906944 0.0140625 0.0194444
0 0.966797 0.897917 0.0179687 0.0236111
0 0.271094 0.824306 0.0265625 0.0319444
0 0.251172 0.84375 0.0164062 0.0458333
0 0.121484 0.869444 0.0226563 0.0611111
0 0.300781 0.9125 0.025 0.0333333
0 0.498437 0.956944 0.0171875 0.025
0 0.233984 0.913194 0.0195312 0.0152778
0 0.180469 0.920139 0.0203125 0.0402778
0 0.335938 0.854167 0.0203125 0.05
0 0.261719 0.943056 0.01875 0.0333333
0 0.203906 0.963889 0.0171875 0.0333333
0 0.421094 0.683333 0.021875 0.0277778
0 0.195703 0.847222 0.0164062 0.0222222
0 0.172266 0.972222 0.0210938 0.0555556
0 0.303906 0.853472 0.015625 0.0236111
0 0.218359 0.829167 0.0195312 0.0472222
0 0.891016 0.727083 0.0132813 0.0319444
0 0.872266 0.925694 0.0226563 0.0513889
0 0.306641 0.934722 0.0226563 0.0555556
0 0.189453 0.794444 0.0210938 0.0527778
0 0.139062 0.890278 0.01875 0.0527778
0 0.258594 0.920139 0.01875 0.0236111
0 0.16875 0.816667 0.015625 0.0333333
0 0.239844 0.805556 0.0171875 0.0444444
0 0.843359 0.9625 0.0226563 0.075
0 0.986719 0.911111 0.01875 0.0416667
0 0.280859 0.890278 0.0179687 0.0583333
0 0.839844 0.703472 0.021875 0.0402778
0 0.789062 0.68125 0.021875 0.0236111
0 0.171094 0.840278 0.015625 0.0222222
0 0.146094 0.913194 0.015625 0.0319444
0 0.355469 0.689583 0.021875 0.0347222
0 0.315234 0.859722 0.0226563 0.0527778
0 0.162891 0.897222 0.0148437 0.0277778
0 0.903906 0.860417 0.0203125 0.0375
0 0.141016 0.816667 0.0148437 0.0305556
0 0.341406 0.943056 0.01875 0.0333333
0 0.447266 0.682639 0.0210938 0.0458333
0 0.196484 0.809722 0.0195312 0.0694444
0 0.390625 0.690972 0.0109375 0.0513889
0 0.919531 0.863194 0.01875 0.0541667
0 0.295703 0.905556 0.0117188 0.0277778
0 0.15 0.844444 0.0109375 0.0333333
0 0.353125 0.809722 0.0234375 0.05
0 0.830859 0.7 0.0242187 0.0305556
0 0.805859 0.699306 0.0226563 0.0458333
0 0.857031 0.724306 0.0125 0.0291667
0 0.948828 0.949306 0.0195312 0.0486111
0 0.228906 0.955556 0.0125 0.0305556
0 0.993359 0.942361 0.0132813 0.0597222
0 0.855469 0.697917 0.0265625 0.0458333
0 0.185156 0.845139 0.0234375 0.0541667
0 0.351562 0.874306 0.021875 0.0541667
0 0.246484 0.829861 0.0148437 0.0291667
0 0.927734 0.896528 0.0226563 0.0430556
0 0.408984 0.703472 0.0179687 0.0375
0 0.164453 0.876389 0.0226563 0.0472222
0 0.146875 0.948611 0.0203125 0.0444444
0 0.902734 0.94375 0.0226563 0.0763889
0 0.401563 0.698611 0.021875 0.05
0 0.188281 0.936111 0.0234375 0.0444444
0 0.164062 0.824306 0.01875 0.0541667
0 0.857031 0.884028 0.0203125 0.0597222
0 0.319531 0.890972 0.0203125 0.0541667
0 0.367969 0.803472 0.0234375 0.0458333
0 0.864453 0.734028 0.0226563 0.0513889
0 0.878906 0.979167 0.021875 0.0416667
0 0.878516 0.870833 0.0179687 0.05
0 0.872656 0.705556 0.021875 0.0527778
0 0.351562 0.898611 0.021875 0.0638889
0 0.820703 0.690972 0.0226563 0.0513889
0 0.881641 0.720139 0.0242187 0.0402778
0 0.201562 0.860417 0.021875 0.0458333
0 0.895703 0.884028 0.0210938 0.0402778
0 0.928516 0.934722 0.0226563 0.0555556
0 0.364453 0.860417 0.0195312 0.0486111
0 0.798047 0.7 0.0242187 0.0361111
0 0.235547 0.941667 0.0226563 0.0555556
0 0.189453 0.889583 0.0210938 0.0513889
0 0.344141 0.883333 0.0242187 0.0583333
0 0.280859 0.815278 0.0210938 0.0555556
0 0.389453 0.950694 0.0242187 0.0486111
0 0.862109 0.964583 0.0210938 0.0597222
0 0.215234 0.866667 0.0242187 0.0527778
0 0.209766 0.822917 0.0195312 0.0569444
0 0.172266 0.778472 0.0210938 0.0513889
0 0.294141 0.824306 0.0226563 0.0541667
0 0.873438 0.830556 0.021875 0.0555556
0 0.310937 0.822917 0.025 0.0513889
0 0.435156 0.691667 0.025 0.0527778
0 0.877734 0.905556 0.0226563 0.0638889
0 0.189063 0.966667 0.0171875 0.0555556
0 0.234766 0.868056 0.0195312 0.0583333
0 0.948438 0.927083 0.025 0.0513889
0 0.201562 0.963889 0.0234375 0.0638889
0 0.23125 0.9125 0.0234375 0.0527778
0 0.894141 0.911111 0.0242187 0.0527778
0 0.945312 0.898611 0.0234375 0.0555556
0 0.392578 0.698611 0.0226563 0.0555556
0 0.269141 0.822917 0.0210938 0.0680556
0 0.29375 0.904167 0.025 0.0722222
0 0.989453 0.974306 0.0210938 0.0513889
0 0.14375 0.913194 0.0265625 0.0541667
0 0.193359 0.845833 0.0210938 0.0638889
0 0.259766 0.944444 0.0242187 0.0638889
0 0.285547 0.918056 0.0257812 0.0555556
0 0.227734 0.815278 0.0226563 0.0638889
0 0.176953 0.876389 0.0226563 0.0694444
0 0.965625 0.897917 0.025 0.0569444
0 0.255859 0.920139 0.0226563 0.0625
0 0.937109 0.86875 0.0242187 0.0597222
0 0.377734 0.697917 0.0242187 0.0486111
0 0.889063 0.730556 0.028125 0.05
0 0.160547 0.899306 0.0257812 0.0569444
0 0.168359 0.838889 0.0257812 0.0472222
0 0.151953 0.815972 0.0242187 0.0513889
0 0.961719 0.958333 0.0234375 0.0555556
0 0.302734 0.853472 0.0242187 0.0625
0 0.130859 0.951389 0.0242187 0.0583333
0 0.339844 0.943056 0.025 0.0611111
0 0.911328 0.920833 0.0242187 0.0527778
0 0.147266 0.847222 0.0257812 0.0611111
0 0.243359 0.831944 0.0242187 0.0666667
0 0.227734 0.958333 0.0257812 0.0555556
0 0.857031 0.720833 0.0265625 0.0555556
0 0.139062 0.818056 0.0265625 0.0555556
