0 0.349219 0.687037 0.0140625 0.0166667
0 0.986719 0.302315 0.0192708 0.0231481
0 0.28099 0.696759 0.0192708 0.0305556
0 0.907552 0.728704 0.0213542 0.0666667
0 0.720052 0.782407 0.0109375 0.0277778
0 0.352865 0.714815 0.0213542 0.0537037
0 0.3125 0.682407 0.00729167 0.012963
0 0.121875 0.3875 0.009375 0.0324074
0 0.157292 0.537037 0.0333333 0.0185185
0 0.623438 0.726852 0.0166667 0.0259259
0 0.601562 0.338889 0.0104167 0.0222222
0 0.988802 0.718056 0.00677083 0.0638889
0 0.630729 0.727778 0.0114583 0.0222222
0 0.608854 0.741204 0.0635417 0.150926
0 0.739062 0.0949074 0.021875 0.0287037
0 0.0799479 0.424537 0.00989583 0.0231481
0 0.995052 0.685648 0.00989583 0.0194444
0 0.280729 0.388426 0.0114583 0.0490741
0 0.67474 0.660185 0.0536458 0.201852
0 0.738021 0.921759 0.0447917 0.0731481
0 0.902604 0.693981 0.015625 0.012037
0 0.544531 0.678704 0.0151042 0.037037
0 0.905729 0.392593 0.025 0.0259259
0 0.703385 0.709259 0.0161458 0.0240741
0 0.645573 0.65463 0.0609375 0.144444
0 0.620313 0.655556 0.009375 0.0203704
0 0.285417 0.689815 0.0166667 0.0185185
0 0.23099 0.725926 0.0130208 0.0333333
0 0.715104 0.696296 0.0197917 0.0148148
0 0.205729 0.634722 0.01875 0.00833333
0 0.813281 0.699074 0.0380208 0.0574074
0 0.539844 0.234722 0.0078125 0.0138889
0 0.505208 0.697222 0.0125 0.0203704
0 0.310677 0.408796 0.0140625 0.0546296
0 0.330208 0.675926 0.0104167 0.0166667
0 0.682031 0.676852 0.0161458 0.0148148
0 0.394792 0.709259 0.0125 0.0407407
0 0.0322917 0.462963 0.0520833 0.0777778
0 0.476823 0.356481 0.0151042 0.0166667
0 0.698438 0.731481 0.0333333 0.0333333
0 0.571615 0.757407 0.0171875 0.0259259
0 0.586719 0.707407 0.0161458 0.0277778
0 0.607813 0.68287 0.015625 0.0435185
0 0.64401 0.660185 0.0130208 0.0277778
0 0.772135 0.723611 0.0390625 0.0472222
0 0.565104 0.324537 0.0135417 0.0175926
0 0.797135 0.326852 0.0151042 0.0240741
0 0.564062 0.68287 0.009375 0.0212963
0 0.995833 0.703241 0.00833333 0.0231481
0 0.494271 0.481019 0.0104167 0.0268519
0 0.481771 0.794907 0.015625 0.0268519
0 0.422917 0.681481 0.0208333 0.0222222
0 0.173698 0.36713 0.0109375 0.0398148
0 0.501562 0.336111 0.0135417 0.0166667
0 0.981771 0.774537 0.0364583 0.0805556
0 0.547917 0.322685 0.0177083 0.012037
0 0.0971354 0.496296 0.0140625 0.0259259
0 0.64349 0.7 0.00677083 0.0444444
0 0.43125 0.714815 0.0197917 0.0148148
0 0.271354 0.724537 0.0114583 0.0527778
0 0.622656 0.0958333 0.0151042 0.025
0 0.627344 0.725926 0.0151042 0.0425926
0 0.973437 0.727778 0.00625 0.0388889
0 0.829948 0.718518 0.00677083 0.0166667
0 0.727604 0.745833 0.0489583 0.128704
0 0.997396 0.667593 0.00520833 0.0277778
0 0.147656 0.67963 0.0109375 0.0444444
0 0.90599 0.692593 0.0119792 0.00740741
0 0.443229 0.741667 0.0104167 0.0259259
0 0.677083 0.333796 0.0208333 0.012037
0 0.409896 0.695833 0.0197917 0.0416667
0 0.996354 0.747222 0.00416667 0.0259259
0 0.732031 0.741204 0.0151042 0.0435185
0 0.685677 0.775 0.0317708 0.0222222
0 0.541146 0.235648 0.0166667 0.0157407
0 0.740885 0.923148 0.00677083 0.0185185
0 0.813021 0.303704 0.015625 0.0111111
0 0.501562 0.328241 0.0135417 0.0175926
0 0.807031 0.760648 0.0119792 0.025
0 0.547396 0.315741 0.021875 0.0111111
0 0.779427 0.736574 0.0119792 0.0453704
0 0.995052 0.669444 0.00989583 0.0277778
0 0.33776 0.726389 0.0140625 0.0268519
0 0.496615 0.695833 0.0078125 0.0175926
0 0.508854 0.807407 0.040625 0.116667
0 0.547656 0.578704 0.0182292 0.012963
0 0.554688 0.816667 0.01875 0.0185185
0 0.189583 0.735648 0.0395833 0.0212963
0 0.992969 0.764815 0.0140625 0.0203704
0 0.248437 0.676389 0.01875 0.0361111
0 0.995573 0.680556 0.0078125 0.0203704
0 0.596875 0.331481 0.00729167 0.0166667
0 0.625521 0.749074 0.0395833 0.0925926
0 0.711719 0.653241 0.0151042 0.0435185
0 0.461198 0.689352 0.0588542 0.0824074
0 0.542448 0.228241 0.0234375 0.0175926
0 0.178125 0.525 0.0125 0.0666667
0 0.706771 0.671759 0.0302083 0.0175926
0 0.714063 0.698148 0.00833333 0.0592593
0 0.526563 0.946759 0.01875 0.0212963
0 0.59974 0.712037 0.0244792 0.0333333
0 0.388021 0.456019 0.0135417 0.0564815
0 0.321094 0.6875 0.0161458 0.0194444
0 0.909896 0.727778 0.00520833 0.0166667
0 0.510677 0.733796 0.0140625 0.0287037
0 0.0979167 0.752778 0.015625 0.012963
0 0.61849 0.0972222 0.0140625 0.0185185
0 0.922135 0.949074 0.0192708 0.0259259
0 0.758854 0.74537 0.0333333 0.00925926
0 0.0106771 0.485648 0.00989583 0.00833333
0 0.911458 0.733796 0.0135417 0.0194444
0 0.283073 0.535185 0.0130208 0.0388889
0 0.49401 0.745833 0.0338542 0.0972222
0 0.539323 0.22963 0.0213542 0.00925926
0 0.661979 0.666667 0.0583333 0.0722222
0 0.0942708 0.761574 0.0260417 0.0175926
0 0.995573 0.673611 0.00885417 0.012037
0 0.913802 0.725926 0.0161458 0.0185185
0 0.469271 0.740741 0.0291667 0.0185185
0 0.40651 0.681019 0.0130208 0.0175926
0 0.611458 0.708796 0.0302083 0.0287037
0 0.71276 0.756019 0.0369792 0.102778
0 0.694792 0.680556 0.015625 0.0166667
0 0.23151 0.368056 0.0192708 0.0416667
0 0.503385 0.737963 0.0078125 0.00555556
0 0.664583 0.650926 0.00625 0.0185185
0 0.826302 0.424074 0.0192708 0.012963
0 0.427865 0.680093 0.00572917 0.0138889
0 0.914583 0.686111 0.0145833 0.0444444
0 0.432813 0.75787 0.0208333 0.0472222
0 0.75625 0.725926 0.0197917 0.0222222
0 0.360938 0.694907 0.015625 0.0564815
0 0.252344 0.365278 0.0151042 0.0157407
0 0.595573 0.700463 0.0505208 0.0509259
0 0.252604 0.201852 0.0197917 0.0111111
0 0.1875 0.335185 0.0197917 0.0203704
0 0.55625 0.726852 0.0135417 0.0333333
0 0.541146 0.687963 0.065625 0.114815
0 0.102865 0.759722 0.0276042 0.0972222
0 0.759896 0.736574 0.009375 0.0101852
0 0.429427 0.67037 0.0411458 0.0925926
0 0.342187 0.719444 0.0333333 0.1
0 0.510156 0.792593 0.0182292 0.0203704
0 0.639063 0.743056 0.00625 0.0435185
0 0.61901 0.103704 0.0119792 0.0185185
0 0.50599 0.772222 0.0203125 0.0277778
0 0.2375 0.764352 0.021875 0.037963
0 0.695052 0.686111 0.0234375 0.0222222
0 0.190625 0.69213 0.0645833 0.130556
0 0.338802 0.59537 0.0151042 0.0666667
0 0.61849 0.660648 0.0171875 0.0324074
0 0.608073 0.686111 0.0557292 0.138889
0 0.42474 0.749074 0.0536458 0.0796296
0 0.261458 0.764815 0.0208333 0.0259259
0 0.538802 0.721759 0.00572917 0.0212963
0 0.297135 0.713889 0.0161458 0.0388889
0 0.544271 0.671296 0.00520833 0.0277778
0 0.836198 0.713889 0.0213542 0.0148148
0 0.377604 0.437037 0.0197917 0.0388889
0 0.56276 0.498148 0.0140625 0.00925926
0 0.343229 0.727315 0.00625 0.025
0 0.817448 0.733796 0.00572917 0.0175926
0 0.743229 0.713889 0.0354167 0.116667
0 0.460677 0.747685 0.00677083 0.0342593
0 0.469531 0.750463 0.0192708 0.0101852
0 0.676562 0.763889 0.0125 0.0481481
0 0.901563 0.688889 0.021875 0.0703704
0 0.973437 0.670833 0.0135417 0.0101852
0 0.719531 0.701852 0.0203125 0.0462963
0 0.99349 0.747222 0.0130208 0.0222222
0 0.986198 0.727315 0.0182292 0.0472222
0 0.514583 0.696759 0.0208333 0.0361111
0 0.209115 0.738889 0.0317708 0.00925926
0 0.789844 0.723611 0.0213542 0.0712963
0 0.976562 0.661111 0.003125 0.0148148
0 0.264844 0.718518 0.0015625 0.0333333
0 0.966146 0.718056 0.01875 0.0472222
0 0.502344 0.722222 0.0244792 0.0518519
0 0.20651 0.631944 0.0213542 0.0268519
0 0.745052 0.656482 0.0213542 0.0203704
0 0.477083 0.726852 0.0145833 0.0240741
0 0.464063 0.660185 0.0166667 0.0259259
0 0.773438 0.706019 0.015625 0.025
0 0.410156 0.706944 0.0140625 0.0268519
0 0.217969 0.541204 0.00989583 0.0194444
0 0.755208 0.749537 0.0291667 0.0453704
0 0.2625 0.543056 0.0145833 0.0268519
0 0.321615 0.531482 0.0140625 0.0351852
0 0.176042 0.747685 0.0364583 0.126852
0 0.0882813 0.758796 0.0276042 0.0972222
0 0.788542 0.734259 0.00520833 0.0333333
0 0.994792 0.724074 0.0104167 0.0185185
0 0.448177 0.71713 0.0296875 0.0324074
0 0.18151 0.338426 0.0296875 0.0138889
0 0.639323 0.659259 0.0151042 0.0148148
0 0.995313 0.725926 0.00520833 0.0240741
0 0.38151 0.696296 0.0109375 0.05
0 0.497917 0.714815 0.0104167 0.0277778
0 0.561458 0.755556 0.0354167 0.0685185
0 0.496094 0.701852 0.0046875 0.0111111
0 0.6625 0.641204 0.046875 0.0731481
0 0.459896 0.727315 0.0302083 0.0953704
0 0.472656 0.668981 0.0421875 0.0731481
0 0.95651 0.687037 0.0453125 0.137037
0 0.331771 0.35 0.0197917 0.0166667
0 0.994792 0.675 0.0104167 0.00925926
0 0.772917 0.683333 0.009375 0.0333333
0 0.39349 0.455093 0.0151042 0.0564815
0 0.695052 0.653704 0.0130208 0.0240741
0 0.539583 0.788426 0.0125 0.0583333
0 0.497917 0.778704 0.00729167 0.0333333
0 0.527344 0.940741 0.0171875 0.0481481
0 0.422656 0.711111 0.00364583 0.0388889
0 0.785156 0.725 0.00989583 0.05
0 0.592448 0.747685 0.0411458 0.0898148
0 0.255208 0.743981 0.0135417 0.0194444
0 0.429167 0.812037 0.034375 0.105556
0 0.698438 0.732407 0.0145833 0.0481481
0 0.992188 0.680556 0.015625 0.0185185
0 0.425521 0.697685 0.040625 0.0805556
0 0.549219 0.671759 0.00885417 0.0324074
0 0.0979167 0.760185 0.0229167 0.00925926
0 0.794271 0.779167 0.0479167 0.0694444
0 0.332031 0.689815 0.0130208 0.0222222
0 0.984635 0.716667 0.0307292 0.0314815
0 0.710417 0.366204 0.0197917 0.0101852
0 0.527083 0.810185 0.01875 0.0814815
0 0.41849 0.393056 0.0265625 0.0305556
0 0.607292 0.681481 0.0135417 0.0222222
0 0.301823 0.35787 0.0182292 0.0101852
0 0.453385 0.68287 0.0182292 0.025
0 0.815885 0.737963 0.0130208 0.0203704
0 0.307552 0.698611 0.0296875 0.075
0 0.646354 0.69213 0.00833333 0.0305556
0 0.721354 0.475463 0.015625 0.0157407
0 0.714063 0.697685 0.0447917 0.0824074
0 0.977083 0.668981 0.009375 0.00462963
0 0.423698 0.67963 0.0046875 0.0203704
0 0.28724 0.699074 0.0348958 0.0851852
0 0.693229 0.671296 0.0489583 0.062963
0 0.0596354 0.403704 0.0151042 0.0296296
0 0.557292 0.692593 0.0479167 0.0759259
0 0.838281 0.698611 0.00989583 0.0509259
0 0.538281 0.760185 0.0369792 0.105556
0 0.983594 0.307407 0.0307292 0.037037
0 0.922656 0.723611 0.0359375 0.0953704
0 0.939844 0.668056 0.0192708 0.0268519
0 0.301823 0.351389 0.0171875 0.0101852
0 0.74401 0.74537 0.0161458 0.0166667
0 0.453385 0.751852 0.0151042 0.0166667
0 0.346094 0.716667 0.0151042 0.0388889
0 0.388542 0.728241 0.00625 0.0268519
0 0.525521 0.675926 0.0177083 0.0203704
0 0.623177 0.742593 0.0265625 0.0277778
0 0.990625 0.788426 0.01875 0.0194444
0 0.163542 0.706944 0.0166667 0.0435185
0 0.490104 0.483796 0.0135417 0.012037
0 0.598958 0.337963 0.0197917 0.00555556
0 0.73099 0.737037 0.0171875 0.0166667
0 0.84375 0.713426 0.0208333 0.0324074
0 0.68151 0.74537 0.0078125 0.0518519
0 0.708073 0.65463 0.0151042 0.0296296
0 0.790625 0.718982 0.0364583 0.134259
0 0.118229 0.388426 0.0125 0.0268519
0 0.48151 0.711111 0.0140625 0.0314815
0 0.567969 0.719907 0.0171875 0.0212963
0 0.741927 0.750463 0.0432292 0.0861111
0 0.53099 0.775926 0.0161458 0.0444444
0 0.157552 0.525926 0.0182292 0.0259259
0 0.517448 0.707407 0.0109375 0.0259259
0 0.836979 0.721296 0.021875 0.0148148
0 0.55625 0.805093 0.0145833 0.0231481
0 0.758073 0.74537 0.0296875 0.0981481
0 0.647135 0.751852 0.0286458 0.0240741
0 0.597135 0.718982 0.00572917 0.0472222
0 0.173698 0.525463 0.0119792 0.0583333
0 0.442448 0.696296 0.0401042 0.0722222
0 0.916667 0.728704 0.021875 0.0648148
0 0.909635 0.686574 0.0213542 0.0768519
0 0.507031 0.781482 0.0192708 0.012963
0 0.178125 0.366204 0.0114583 0.0601852
0 0.59349 0.77963 0.0411458 0.0574074
0 0.64349 0.734259 0.0151042 0.0537037
0 0.247656 0.719444 0.0213542 0.0351852
0 0.255729 0.756944 0.0177083 0.0546296
0 0.90625 0.662037 0.0333333 0.148148
0 0.678125 0.728241 0.0125 0.0398148
0 0.304948 0.719444 0.0421875 0.0833333
0 0.347917 0.733796 0.0177083 0.0287037
0 0.268229 0.725 0.0291667 0.0277778
0 0.393229 0.684722 0.0135417 0.0268519
0 0.471615 0.677315 0.0130208 0.0546296
0 0.926042 0.662037 0.0385417 0.146296
0 0.390365 0.737963 0.0255208 0.112963
0 0.685156 0.771759 0.0109375 0.0712963
0 0.696875 0.721296 0.0416667 0.0925926
0 0.440885 0.748611 0.0432292 0.0935185
0 0.551823 0.700463 0.0192708 0.0157407
0 0.73125 0.727778 0.0104167 0.0277778
0 0.747656 0.691667 0.0307292 0.0296296
0 0.652083 0.699074 0.0145833 0.0388889
0 0.664844 0.653241 0.0182292 0.0287037
0 0.483854 0.789815 0.0260417 0.0148148
0 0.405469 0.687963 0.0203125 0.0314815
0 0.739323 0.737037 0.0255208 0.0314815
0 0.942969 0.704167 0.0317708 0.0398148
0 0.552344 0.684259 0.0182292 0.037037
0 0.994271 0.741667 0.0114583 0.0240741
0 0.513802 0.756944 0.0401042 0.112037
0 0.0109375 0.486111 0.021875 0.0314815
0 0.479427 0.720833 0.0369792 0.100926
0 0.242448 0.765741 0.00989583 0.0407407
0 0.535937 0.710648 0.0104167 0.0527778
0 0.935156 0.675463 0.0161458 0.0212963
0 0.741406 0.939352 0.00885417 0.0194444
0 0.755208 0.744907 0.0177083 0.0194444
0 0.328125 0.71713 0.0385417 0.110185
0 0.716927 0.780556 0.0609375 0.0759259
0 0.603646 0.335185 0.01875 0.0203704
0 0.844792 0.673148 0.0333333 0.0907407
0 0.49401 0.733333 0.0078125 0.0296296
0 0.343229 0.683796 0.0145833 0.0175926
0 0.55599 0.693981 0.0151042 0.012037
0 0.204427 0.739815 0.0369792 0.112963
0 0.851823 0.693519 0.0630208 0.0944444
0 0.273698 0.715278 0.0463542 0.0990741
0 0.660937 0.650926 0.00625 0.0222222
0 0.679948 0.749537 0.0380208 0.112037
0 0.301562 0.72963 0.025 0.0185185
0 0.744271 0.66713 0.0135417 0.0564815
0 0.532031 0.719444 0.0473958 0.103704
0 0.755729 0.733796 0.00833333 0.0138889
0 0.664062 0.684722 0.01875 0.0398148
0 0.309635 0.68287 0.0161458 0.037963
0 0.227083 0.360185 0.0197917 0.037037
0 0.502865 0.786111 0.0130208 0.0185185
0 0.70651 0.664815 0.0234375 0.0240741
0 0.891667 0.694907 0.028125 0.10463
0 0.598437 0.331019 0.0197917 0.00648148
0 0.53099 0.718518 0.00260417 0.0407407
0 0.189323 0.721296 0.0140625 0.0259259
0 0.726562 0.726389 0.00833333 0.0324074
0 0.797656 0.763426 0.0223958 0.0490741
0 0.611979 0.700926 0.0166667 0.0222222
0 0.995573 0.704167 0.00885417 0.0453704
0 0.846875 0.706481 0.0364583 0.0351852
0 0.711719 0.665278 0.0161458 0.0157407
0 0.817708 0.690741 0.0583333 0.0962963
0 0.710156 0.662963 0.0484375 0.0703704
0 0.243229 0.775 0.00833333 0.0203704
0 0.989583 0.765741 0.00833333 0.0296296
0 0.588542 0.736111 0.00625 0.0296296
0 0.777344 0.720833 0.0390625 0.100926
0 0.260938 0.743981 0.01875 0.025
0 0.180729 0.333796 0.0239583 0.0453704
0 0.495052 0.7 0.0015625 0.0166667
0 0.210156 0.731019 0.0192708 0.0175926
0 0.557031 0.74213 0.0255208 0.0212963
0 0.515365 0.755093 0.0182292 0.0305556
0 0.0901042 0.755093 0.05625 0.110185
0 0.28099 0.710185 0.00572917 0.0333333
0 0.96875 0.73287 0.0270833 0.037963
0 0.425781 0.665278 0.0203125 0.037963
0 0.331771 0.680556 0.0166667 0.0203704
0 0.985937 0.712963 0.015625 0.0240741
0 0.74375 0.667593 0.0427083 0.0944444
0 0.745052 0.664352 0.0286458 0.0268519
0 0.375521 0.696296 0.0375 0.0907407
0 0.464583 0.726389 0.021875 0.0342593
0 0.947917 0.722222 0.0166667 0.0166667
0 0.602865 0.688889 0.0130208 0.0481481
0 0.945052 0.716667 0.0484375 0.0981481
0 0.347135 0.682407 0.0130208 0.0314815
0 0.768229 0.66713 0.0166667 0.0342593
0 0.647917 0.744444 0.0125 0.0240741
0 0.582031 0.725 0.0473958 0.0944444
0 0.40651 0.718056 0.0192708 0.0361111
0 0.33125 0.718982 0.009375 0.0472222
0 0.971354 0.725 0.0572917 0.0907407
0 0.646615 0.700926 0.0109375 0.0259259
0 0.68724 0.727778 0.0119792 0.0203704
0 0.74349 0.679167 0.0244792 0.0287037
0 0.698177 0.725926 0.0078125 0.0166667
0 0.234896 0.773148 0.009375 0.0351852
0 0.802083 0.756019 0.05 0.102778
0 0.226823 0.734259 0.0161458 0.0388889
0 0.64349 0.748148 0.0421875 0.105556
0 0.260677 0.757407 0.0296875 0.0333333
0 0.670052 0.689352 0.0421875 0.0935185
0 0.39401 0.733333 0.0182292 0.0296296
0 0.985677 0.699074 0.0286458 0.103704
0 0.776823 0.712963 0.0078125 0.0277778
0 0.448958 0.691667 0.0114583 0.0481481
0 0.359635 0.711574 0.0296875 0.113889
0 0.28125 0.730093 0.0197917 0.0509259
0 0.773177 0.717593 0.0203125 0.0296296
0 0.463802 0.741204 0.0140625 0.0157407
0 0.596875 0.781482 0.009375 0.0277778
0 0.096875 0.761111 0.0208333 0.0537037
0 0.710417 0.775463 0.0125 0.0194444
0 0.602865 0.326852 0.0192708 0.0166667
0 0.444792 0.706019 0.0104167 0.0231481
0 0.51224 0.698148 0.0411458 0.111111
0 0.607292 0.781944 0.0135417 0.0212963
0 0.975521 0.67037 0.01875 0.0518519
0 0.448958 0.705556 0.015625 0.0296296
0 0.739323 0.749537 0.0328125 0.0324074
0 0.272396 0.721759 0.00833333 0.0231481
0 0.964063 0.725 0.00520833 0.0296296
0 0.407031 0.713889 0.0328125 0.116667
0 0.347135 0.726389 0.0109375 0.0212963
0 0.907812 0.725463 0.0479167 0.0805556
0 0.255208 0.751389 0.00833333 0.0194444
0 0.990365 0.774074 0.0130208 0.0259259
0 0.286198 0.704167 0.0151042 0.0601852
0 0.589063 0.741667 0.0208333 0.0444444
0 0.247656 0.7 0.0348958 0.124074
0 0.623698 0.668519 0.0401042 0.0888889
0 0.198437 0.433333 0.0208333 0.037037
0 0.627865 0.75787 0.0255208 0.0212963
0 0.477083 0.718982 0.00416667 0.0231481
0 0.44401 0.745833 0.00364583 0.0268519
0 0.808854 0.685185 0.0166667 0.0407407
0 0.757552 0.724074 0.00885417 0.0759259
0 0.772917 0.712037 0.009375 0.0240741
0 0.497917 0.727315 0.00625 0.0342593
0 0.604427 0.723611 0.0453125 0.0916667
0 0.719271 0.715278 0.0104167 0.0138889
0 0.556771 0.813426 0.00833333 0.0194444
0 0.551823 0.693519 0.0140625 0.0203704
0 0.952083 0.714352 0.0114583 0.037963
0 0.511458 0.793519 0.0239583 0.0425926
0 0.410156 0.713426 0.00885417 0.0231481
0 0.319271 0.700926 0.0135417 0.0592593
0 0.702083 0.721296 0.01875 0.0240741
0 0.727083 0.733333 0.0135417 0.0277778
0 0.192969 0.72963 0.0213542 0.0296296
0 0.5 0.742593 0.0239583 0.0240741
0 0.897917 0.688889 0.0614583 0.0833333
0 0.989844 0.756944 0.0140625 0.0657407
0 0.740625 0.931944 0.00729167 0.0212963
0 0.301042 0.721296 0.01875 0.0166667
0 0.553385 0.748611 0.0223958 0.0175926
0 0.994792 0.77963 0.0104167 0.0185185
0 0.169531 0.706019 0.0223958 0.0268519
0 0.584896 0.734722 0.00833333 0.0361111
0 0.661979 0.773148 0.0364583 0.112963
0 0.40625 0.711111 0.00729167 0.0314815
0 0.285937 0.736111 0.0239583 0.0314815
0 0.663802 0.781944 0.0244792 0.0324074
0 0.448177 0.689815 0.0234375 0.0388889
0 0.239323 0.769907 0.0421875 0.112037
0 0.646615 0.693056 0.0484375 0.100926
0 0.421615 0.78287 0.0171875 0.0324074
0 0.939583 0.666204 0.046875 0.112037
0 0.202344 0.431944 0.0203125 0.0657407
0 0.363542 0.712963 0.0104167 0.0333333
0 0.944531 0.698611 0.0192708 0.0268519
0 0.177083 0.752778 0.0239583 0.0259259
0 0.739583 0.744444 0.0166667 0.0240741
0 0.732031 0.714815 0.0130208 0.0796296
0 0.614844 0.654167 0.0151042 0.0324074
0 0.99375 0.684259 0.0125 0.0388889
0 0.736198 0.931944 0.00364583 0.0194444
0 0.989583 0.695833 0.0208333 0.0435185
0 0.285156 0.712963 0.0109375 0.0203704
0 0.479948 0.781482 0.0442708 0.0944444
0 0.38125 0.714352 0.0145833 0.0212963
0 0.316406 0.685185 0.0161458 0.0166667
0 0.268229 0.711111 0.00833333 0.0240741
0 0.39349 0.726389 0.0119792 0.0305556
0 0.205729 0.731019 0.025 0.0268519
0 0.427604 0.706019 0.0104167 0.0435185
0 0.257812 0.74537 0.0333333 0.118519
0 0.717448 0.718056 0.00885417 0.0787037
0 0.221875 0.725463 0.00625 0.0324074
0 0.685677 0.732407 0.0130208 0.062963
0 0.38099 0.705093 0.0046875 0.025
0 0.447917 0.741667 0.0135417 0.0203704
0 0.622135 0.686111 0.0192708 0.0351852
0 0.702604 0.726852 0.0125 0.0222222
0 0.48125 0.727315 0.0135417 0.0194444
0 0.301562 0.676389 0.021875 0.0287037
0 0.535417 0.727315 0.0114583 0.0361111
0 0.553646 0.756944 0.0302083 0.025
0 0.663802 0.690741 0.0109375 0.0314815
0 0.260938 0.751389 0.0125 0.0268519
0 0.99375 0.727315 0.0125 0.0342593
0 0.973437 0.666204 0.053125 0.0824074
0 0.772396 0.688426 0.0208333 0.0416667
0 0.733594 0.934259 0.0182292 0.0462963
0 0.336458 0.689815 0.0145833 0.0388889
0 0.376563 0.704167 0.00416667 0.0287037
0 0.48125 0.719444 0.00729167 0.0185185
0 0.601302 0.729167 0.0192708 0.037963
0 0.992969 0.744444 0.0140625 0.0518519
0 0.483854 0.785648 0.0114583 0.0824074
0 0.226823 0.726852 0.00677083 0.0388889
0 0.426823 0.714352 0.0234375 0.025
0 0.464583 0.748611 0.0125 0.0194444
0 0.208854 0.734259 0.0114583 0.0777778
0 0.819271 0.725926 0.0135417 0.0222222
0 0.243229 0.711574 0.00416667 0.0268519
0 0.514583 0.705093 0.00520833 0.0231481
0 0.535156 0.719444 0.00677083 0.0259259
0 0.953125 0.72037 0.0260417 0.0277778
0 0.26849 0.718518 0.00572917 0.0203704
0 0.226823 0.723611 0.0369792 0.130556
0 0.659115 0.773611 0.0130208 0.0398148
0 0.331771 0.698148 0.01875 0.0407407
0 0.991667 0.786111 0.0145833 0.0314815
0 0.314323 0.713889 0.0140625 0.0240741
0 0.427083 0.790741 0.021875 0.0314815
0 0.560156 0.81713 0.0213542 0.025
0 0.519531 0.764815 0.00885417 0.0314815
0 0.285677 0.718982 0.0151042 0.0287037
0 0.996094 0.675926 0.0078125 0.0351852
0 0.359375 0.710185 0.00625 0.0351852
0 0.422135 0.782407 0.0484375 0.109259
0 0.685938 0.76713 0.0104167 0.0268519
0 0.247917 0.712963 0.0104167 0.0314815
0 0.448438 0.748148 0.009375 0.0240741
0 0.993229 0.786111 0.00833333 0.0703704
0 0.314323 0.72037 0.0213542 0.0240741
0 0.627604 0.751389 0.0177083 0.0231481
0 0.51901 0.771759 0.0276042 0.0287037
0 0.740365 0.92037 0.0109375 0.0444444
0 0.682031 0.758796 0.00572917 0.0435185
0 0.939844 0.666204 0.0161458 0.087963
0 0.96901 0.725926 0.0109375 0.0333333
0 0.48151 0.788426 0.0119792 0.0194444
0 0.190885 0.725463 0.0463542 0.123148
0 0.573438 0.760648 0.00833333 0.0361111
0 0.64401 0.750463 0.0151042 0.0324074
0 0.502604 0.779167 0.01875 0.0231481
0 0.820052 0.733796 0.0171875 0.0212963
0 0.496094 0.706019 0.0078125 0.0268519
0 0.84375 0.7 0.0177083 0.0314815
0 0.990625 0.780093 0.00729167 0.0305556
0 0.803125 0.758796 0.0166667 0.0361111
0 0.601562 0.721296 0.0114583 0.0296296
0 0.534896 0.774074 0.0114583 0.0296296
0 0.64401 0.743519 0.00989583 0.0296296
0 0.714844 0.718982 0.0223958 0.025
0 0.669271 0.692593 0.0177083 0.0314815
0 0.58151 0.706944 0.0223958 0.0361111
0 0.784896 0.742593 0.00833333 0.0481481
0 0.714583 0.711574 0.0114583 0.025
0 0.498177 0.734722 0.0119792 0.0194444
0 0.43151 0.748148 0.0130208 0.0222222
0 0.98099 0.29537 0.0192708 0.0555556
0 0.715104 0.78287 0.0145833 0.025
0 0.739323 0.654167 0.0161458 0.037963
0 0.48099 0.782407 0.0151042 0.0240741
0 0.602865 0.781018 0.0203125 0.0305556
0 0.55651 0.738426 0.0182292 0.062037
0 0.444271 0.709722 0.01875 0.0361111
0 0.646875 0.697222 0.0229167 0.0740741
0 0.514844 0.712963 0.00989583 0.0185185
0 0.535156 0.780556 0.0182292 0.0222222
0 0.83151 0.718982 0.0265625 0.025
0 0.43125 0.74213 0.00729167 0.0324074
0 0.239063 0.774074 0.0135417 0.0277778
0 0.499219 0.699074 0.00260417 0.0166667
0 0.547656 0.668519 0.0234375 0.0425926
0 0.421875 0.675926 0.025 0.0425926
0 0.683594 0.734722 0.0213542 0.0324074
0 0.465625 0.765278 0.025 0.0342593
0 0.427344 0.746296 0.00885417 0.0277778
0 0.46875 0.684722 0.0135417 0.0361111
0 0.706771 0.662037 0.0229167 0.0537037
0 0.683073 0.728241 0.0078125 0.0268519
0 0.573958 0.767593 0.0197917 0.0296296
0 0.5 0.705556 0.0125 0.0259259
0 0.659635 0.646296 0.0255208 0.0259259
0 0.944531 0.697222 0.0213542 0.0833333
0 0.757031 0.731481 0.0171875 0.0796296
0 0.515104 0.764815 0.0135417 0.0351852
0 0.986719 0.703704 0.0161458 0.0759259
0 0.682031 0.766204 0.0161458 0.0361111
0 0.336979 0.709722 0.0177083 0.0657407
0 0.189844 0.721759 0.0234375 0.0805556
0 0.953125 0.720833 0.0239583 0.0731481
0 0.744531 0.682407 0.0234375 0.0722222
0 0.553125 0.756944 0.0208333 0.0564815
0 0.178125 0.750926 0.0239583 0.062963
0 0.773438 0.709722 0.0197917 0.0731481
0 0.314323 0.683333 0.0203125 0.0555556
0 0.727604 0.732407 0.021875 0.0740741
0 0.740104 0.741667 0.0197917 0.0888889
0 0.228125 0.726389 0.0239583 0.0694444
0 0.586719 0.73287 0.0213542 0.087963
0 0.40625 0.710185 0.021875 0.0722222
0 0.42526 0.786574 0.0265625 0.0712963
0 0.347656 0.725926 0.0223958 0.0666667
0 0.623438 0.676852 0.021875 0.0703704
0 0.661719 0.77037 0.0213542 0.0814815
0 0.690104 0.676852 0.0239583 0.0425926
0 0.814844 0.681944 0.0244792 0.0787037
0 0.204948 0.728704 0.0234375 0.0740741
0 0.261458 0.75 0.0208333 0.0703704
0 0.702344 0.724537 0.0192708 0.0694444
0 0.248437 0.711111 0.0229167 0.0851852
0 0.427604 0.712037 0.0239583 0.0759259
0 0.560156 0.810185 0.0234375 0.062963
0 0.601042 0.721296 0.0260417 0.0666667
0 0.332812 0.728704 0.021875 0.0648148
0 0.551823 0.688889 0.0223958 0.0814815
0 0.285677 0.717593 0.0255208 0.0444444
0 0.380729 0.705093 0.025 0.0546296
0 0.969271 0.725 0.021875 0.0833333
0 0.394531 0.725463 0.0244792 0.062037
0 0.302865 0.717593 0.0213542 0.0685185
0 0.360677 0.710185 0.0255208 0.0592593
0 0.785156 0.741204 0.0255208 0.075
0 0.989583 0.780093 0.0208333 0.0657407
0 0.314844 0.7125 0.0276042 0.0638889
0 0.60625 0.696296 0.0229167 0.0611111
0 0.238802 0.772222 0.0255208 0.0740741
0 0.84349 0.696759 0.0223958 0.075
0 0.535937 0.720833 0.0260417 0.0694444
0 0.669271 0.690741 0.0239583 0.0740741
0 0.445312 0.713889 0.0270833 0.0648148
0 0.819531 0.736111 0.0255208 0.0592593
0 0.464583 0.748148 0.0208333 0.062963
0 0.514583 0.713426 0.0270833 0.0675926
0 0.26849 0.718056 0.0223958 0.0601852
0 0.739583 0.927315 0.01875 0.0638889
0 0.627865 0.747685 0.0213542 0.0768519
0 0.714063 0.779167 0.0208333 0.0768519
0 0.802604 0.756019 0.0239583 0.087963
0 0.48151 0.719907 0.0223958 0.0601852
0 0.502344 0.77963 0.0265625 0.0611111
0 0.447917 0.748611 0.0229167 0.062037
0 0.535156 0.781944 0.0265625 0.0638889
0 0.602344 0.778704 0.0255208 0.087037
0 0.48125 0.779167 0.025 0.0657407
0 0.714583 0.712037 0.0208333 0.0722222
0 0.832031 0.713426 0.0255208 0.062037
0 0.682031 0.727315 0.0255208 0.062037
0 0.426042 0.751389 0.0260417 0.062037
0 0.644531 0.742593 0.0223958 0.0796296
0 0.46901 0.684259 0.0265625 0.0740741
0 0.498437 0.7375 0.0260417 0.0509259
0 0.514844 0.76713 0.0265625 0.0546296
0 0.682031 0.765741 0.0255208 0.0740741
0 0.573958 0.766667 0.025 0.0685185
0 0.499219 0.699537 0.0255208 0.0657407
