0 0.473437 0.510648 0.0182292 0.0453704
0 0.59375 0.512037 0.0130208 0.0314815
0 0.760156 0.627546 0.0171875 0.00787037
0 0.764453 0.460648 0.00807292 0.062963
0 0.697917 0.311806 0.01875 0.00972222
0 0.677083 0.511111 0.05625 0.0675926
0 0.672786 0.655787 0.0158854 0.0421296
0 0.591276 0.487963 0.0179687 0.0259259
0 0.108333 0.448148 0.0145833 0.037037
0 0.511328 0.618287 0.0263021 0.0263889
0 0.695443 0.145139 0.0111979 0.0282407
0 0.61263 0.541898 0.0268229 0.11713
0 0.59401 0.380093 0.0255208 0.0453704
0 0.492839 0.368981 0.0382813 0.0962963
0 0.660677 0.6375 0.0328125 0.0175926
0 0.170312 0.482639 0.0604167 0.0699074
0 0.14401 0.41713 0.0119792 0.0138889
0 0.625391 0.119907 0.00703125 0.0138889
0 0.0188802 0.508565 0.0377604 0.0625
0 0.696354 0.41713 0.0223958 0.0138889
0 0.474219 0.515046 0.0609375 0.110648
0 0.788672 0.548148 0.0174479 0.0472222
0 0.0148437 0.649306 0.0203125 0.0412037
0 0.597526 0.290278 0.0111979 0.025
0 0.763411 0.527546 0.00338542 0.0171296
0 0.746615 0.41875 0.015625 0.0421296
0 0.216927 0.944676 0.0166667 0.00601852
0 0.0277344 0.411111 0.0138021 0.0212963
0 0.0428385 0.434028 0.0138021 0.0541667
0 0.476042 0.458102 0.00833333 0.0569444
0 0.528646 0.38588 0.0130208 0.0162037
0 0.629948 0.353472 0.00520833 0.0337963
0 0.778255 0.483333 0.0513021 0.101852
0 0.76276 0.521065 0.0177083 0.0152778
0 0.0321615 0.408796 0.0138021 0.0314815
0 0.0757812 0.56412 0.0135417 0.0412037
0 0.618229 0.350463 0.00208333 0.0268519
0 0.126693 0.44838 0.0559896 0.165278
0 0.602214 0.518519 0.0236979 0.0324074
0 0.628906 0.334722 0.0302083 0.0314815
0 0.513932 0.490278 0.00390625 0.0111111
0 0.19375 0.416435 0.0786458 0.144907
0 0.76849 0.537037 0.0390625 0.0240741
0 0.545313 0.364583 0.0161458 0.0217593
0 0.0768229 0.39213 0.0526042 0.131481
0 0.684115 0.340972 0.00520833 0.0171296
0 0.782031 0.504861 0.0151042 0.0189815
0 0.145052 0.438657 0.0182292 0.0282407
0 0.610156 0.411343 0.0135417 0.0310185
0 0.0597656 0.634259 0.0591146 0.153704
0 0.151172 0.430324 0.0231771 0.0106481
0 0.0046875 0.552546 0.009375 0.0180556
0 0.125391 0.394444 0.0533854 0.114815
0 0.751172 0.628009 0.00703125 0.00416667
0 0.024349 0.454167 0.00911458 0.0212963
0 0.120833 0.496759 0.0171875 0.037037
0 0.465495 0.506481 0.0132813 0.025
0 0.0589844 0.39375 0.0164062 0.074537
0 0.0502604 0.453704 0.0140625 0.00833333
0 0.53138 0.516667 0.0481771 0.0703704
0 0.104557 0.455556 0.0111979 0.0398148
0 0.689062 0.608565 0.0151042 0.0347222
0 0.0502604 0.625 0.0125 0.012963
0 0.507161 0.416667 0.0117188 0.0203704
0 0.136198 0.416204 0.0203125 0.0287037
0 0.19401 0.481713 0.0614583 0.152315
0 0.643229 0.565509 0.01875 0.0273148
0 0.765885 0.460185 0.0223958 0.0138889
0 0.226432 0.0506944 0.00598958 0.0134259
0 0.511589 0.487731 0.0414063 0.109722
0 0.602604 0.335185 0.0151042 0.0175926
0 0.630599 0.52037 0.0257812 0.0388889
0 0.523828 0.330324 0.0268229 0.024537
0 0.0104167 0.555556 0.00364583 0.037037
0 0.0989583 0.409722 0.0109375 0.0351852
0 0.619141 0.438657 0.0221354 0.0402778
0 0.0240885 0.492824 0.0481771 0.0615741
0 0.111458 0.530556 0.0140625 0.0138889
0 0.992578 0.63912 0.0122396 0.0189815
0 0.649479 0.540509 0.028125 0.0430556
0 0.711979 0.468056 0.0182292 0.00833333
0 0.62513 0.114815 0.0190104 0.0175926
0 0.590755 0.299769 0.0398437 0.0236111
0 0.149219 0.360417 0.0130208 0.0449074
0 0.108854 0.463194 0.0234375 0.0273148
0 0.764323 0.503935 0.0125 0.0152778
0 0.708073 0.555787 0.0208333 0.024537
0 0.68724 0.505324 0.0151042 0.0467593
0 0.561979 0.335417 0.0401042 0.0356481
0 0.696484 0.409954 0.0174479 0.0217593
0 0.607031 0.490046 0.0161458 0.0300926
0 0.771745 0.876389 0.0111979 0.0305556
0 0.56875 0.558565 0.0119792 0.0199074
0 0.644792 0.482176 0.0192708 0.0282407
0 0.671875 0.581019 0.0447917 0.087963
0 0.589193 0.373148 0.0450521 0.0657407
0 0.740365 0.650926 0.0369792 0.107407
0 0.577604 0.284028 0.0197917 0.0134259
0 0.161458 0.449074 0.0536458 0.178704
0 0.577214 0.291667 0.0216146 0.025
0 0.635938 0.445602 0.0119792 0.0152778
0 0.751953 0.425926 0.0143229 0.0509259
0 0.0821615 0.434722 0.0200521 0.0407407
0 0.00338542 0.531018 0.00677083 0.00555556
0 0.954557 0.14213 0.0190104 0.0296296
0 0.448698 0.395602 0.00989583 0.0412037
0 0.727865 0.575231 0.0453125 0.0717593
0 0.5375 0.557407 0.025 0.0222222
0 0.627344 0.56875 0.0640625 0.0560185
0 0.569661 0.364583 0.0122396 0.0273148
0 0.66888 0.343287 0.0164062 0.0152778
0 0.695573 0.323148 0.0114583 0.012963
0 0.605729 0.42037 0.0119792 0.0324074
0 0.647005 0.644213 0.0106771 0.0180556
0 0.144271 0.483333 0.0145833 0.0194444
0 0.0934896 0.393519 0.00729167 0.0740741
0 0.586198 0.455787 0.015625 0.0134259
0 0.036849 0.0914352 0.0200521 0.0449074
0 0.144792 0.491435 0.0125 0.0236111
0 0.54388 0.536343 0.0325521 0.0319444
0 0.511589 0.575463 0.0210938 0.0296296
0 0.664974 0.319907 0.0179687 0.0175926
0 0.590755 0.454398 0.0309896 0.0171296
0 0.569141 0.371296 0.0179687 0.0166667
0 0.702865 0.328009 0.00833333 0.0319444
0 0.680339 0.602546 0.0309896 0.0106481
0 0.0235677 0.475926 0.0111979 0.0462963
0 0.502734 0.348843 0.0132813 0.0134259
0 0.4625 0.521759 0.0385417 0.0490741
0 0.46862 0.373843 0.0622396 0.0550926
0 0.711719 0.376852 0.0109375 0.0481481
0 0.620443 0.506713 0.0377604 0.0476852
0 0.694922 0.646296 0.0138021 0.0212963
0 0.517708 0.621296 0.0182292 0.0361111
0 0.52513 0.443287 0.0325521 0.126389
0 0.995703 0.636574 0.00755208 0.037037
0 0.685417 0.527546 0.0364583 0.0291667
0 0.699219 0.581713 0.0322917 0.0819444
0 0.738542 0.379167 0.0536458 0.0814815
0 0.790625 0.25463 0.0135417 0.0388889
0 0.171745 0.422454 0.0117188 0.0486111
0 0.677604 0.587037 0.0119792 0.0472222
0 0.0778646 0.422222 0.0317708 0.12963
0 0.629297 0.48287 0.00807292 0.0351852
0 0.658594 0.794213 0.0145833 0.025463
0 0.0144531 0.547222 0.0289063 0.0703704
0 0.786589 0.512269 0.0122396 0.0115741
0 0.0233073 0.508333 0.0153646 0.0231481
0 0.702995 0.379861 0.0138021 0.0189815
0 0.611198 0.627546 0.0140625 0.0115741
0 0.749349 0.573148 0.0101562 0.037037
0 0.68724 0.350694 0.0166667 0.0208333
0 0.734635 0.646759 0.0208333 0.0296296
0 0.607813 0.525231 0.0182292 0.025463
0 0.0367187 0.415741 0.0171875 0.0287037
0 0.156901 0.441204 0.0263021 0.0324074
0 0.0279948 0.469213 0.00911458 0.0523148
0 0.744141 0.563657 0.00859375 0.0560185
0 0.725911 0.560417 0.0127604 0.0606481
0 0.613281 0.347454 0.00364583 0.0208333
0 0.644401 0.575231 0.0132813 0.0143519
0 0.125 0.58287 0.0411458 0.0138889
0 0.49375 0.43125 0.0380208 0.0476852
0 0.721484 0.490972 0.0111979 0.0402778
0 0.0209635 0.460648 0.0419271 0.087963
0 0.126693 0.518287 0.0143229 0.0800926
0 0.553646 0.419444 0.0223958 0.0472222
0 0.052474 0.434028 0.0513021 0.0412037
0 0.74362 0.557407 0.0372396 0.125
0 0.701953 0.546759 0.0127604 0.0212963
0 0.58112 0.517824 0.0153646 0.0328704
0 0.560417 0.560417 0.00520833 0.00601852
0 0.784766 0.552315 0.0132813 0.025
0 0.638802 0.0787037 0.0192708 0.025
0 0.0151042 0.606019 0.0302083 0.0435185
0 0.652995 0.568519 0.0153646 0.0203704
0 0.121745 0.576852 0.00807292 0.0111111
0 0.631641 0.427778 0.0210938 0.05
0 0.621224 0.615509 0.0236979 0.0319444
0 0.595703 0.515972 0.0388021 0.0726852
0 0.564323 0.567824 0.0130208 0.0087963
0 0.76224 0.535417 0.0328125 0.0912037
0 0.508464 0.446759 0.0174479 0.0240741
0 0.167448 0.42662 0.0302083 0.0199074
0 0.611849 0.335417 0.0356771 0.0699074
0 0.776042 0.51713 0.0442708 0.0648148
0 0.732552 0.384954 0.0213542 0.00787037
0 0.785677 0.527083 0.021875 0.0263889
0 0.444531 0.365278 0.0145833 0.0203704
0 0.514583 0.335185 0.01875 0.0194444
0 0.00364583 0.536111 0.00729167 0.0185185
0 0.0196615 0.6375 0.0143229 0.0361111
0 0.754818 0.627778 0.00807292 0.00555556
0 0.0165365 0.509722 0.0205729 0.0212963
0 0.643229 0.459028 0.0401042 0.106019
0 0.139844 0.416898 0.0171875 0.00787037
0 0.769792 0.50625 0.034375 0.0393519
0 0.607813 0.627083 0.0119792 0.0208333
0 0.795052 0.520833 0.0171875 0.0453704
0 0.120833 0.529861 0.0432292 0.0347222
0 0.0231771 0.468056 0.0161458 0.0259259
0 0.0903646 0.223611 0.0161458 0.0157407
0 0.663281 0.606019 0.0364583 0.114815
0 0.14401 0.397222 0.0364583 0.137963
0 0.0126302 0.537963 0.0190104 0.0388889
0 0.735677 0.41713 0.0119792 0.0490741
0 0.689062 0.604167 0.00677083 0.0305556
0 0.108854 0.431944 0.0276042 0.0916667
0 0.541667 0.535185 0.0125 0.0231481
0 0.448828 0.446528 0.0143229 0.0393519
0 0.644531 0.605556 0.0442708 0.0824074
0 0.751302 0.572685 0.0609375 0.0768519
0 0.549349 0.528472 0.0195312 0.0412037
0 0.544141 0.297454 0.0216146 0.0226852
0 0.0859375 0.394676 0.0177083 0.0328704
0 0.715625 0.613426 0.01875 0.0351852
0 0.473698 0.436343 0.0416667 0.0949074
0 0.487891 0.336806 0.0200521 0.00694444
0 0.469922 0.446528 0.0226563 0.0180556
0 0.626302 0.355556 0.00520833 0.0277778
0 0.502604 0.343287 0.0296875 0.0291667
0 0.0760417 0.437963 0.0109375 0.0648148
0 0.160547 0.484028 0.0236979 0.0300926
0 0.778385 0.549306 0.0447917 0.0643518
0 0.540234 0.570602 0.0205729 0.0217593
0 0.639583 0.468981 0.0135417 0.0296296
0 0.560286 0.312963 0.0221354 0.0240741
0 0.627604 0.334491 0.0140625 0.0300926
0 0.544271 0.478935 0.0229167 0.0365741
0 0.620182 0.342361 0.0179687 0.0217593
0 0.597656 0.389815 0.00989583 0.0481481
0 0.556901 0.360648 0.0190104 0.0518519
0 0.609245 0.51713 0.0106771 0.0768519
0 0.103125 0.431713 0.0119792 0.0143519
0 0.684896 0.505093 0.0208333 0.0194444
0 0.626562 0.562963 0.0140625 0.0287037
0 0.789453 0.51412 0.0127604 0.0486111
0 0.225651 0.049537 0.0221354 0.0203704
0 0.648698 0.54213 0.0135417 0.0259259
0 0.66849 0.629861 0.0598958 0.0865741
0 0.44388 0.358565 0.0158854 0.0152778
0 0.658073 0.536806 0.025 0.0152778
0 0.503776 0.56412 0.0231771 0.0263889
0 0.729948 0.640046 0.0078125 0.0208333
0 0.538151 0.558565 0.00494792 0.0412037
0 0.622917 0.477778 0.0104167 0.0407407
0 0.455469 0.446759 0.00885417 0.0157407
0 0.446354 0.446991 0.0614583 0.0930556
0 0.698568 0.603704 0.0122396 0.0138889
0 0.627474 0.531482 0.00442708 0.0138889
0 0.509896 0.390509 0.0458333 0.0532407
0 0.580339 0.535648 0.0164062 0.0333333
0 0.533594 0.382407 0.00625 0.05
0 0.078125 0.483333 0.0182292 0.0222222
0 0.122917 0.582407 0.0208333 0.0435185
0 0.56237 0.512731 0.0179687 0.0412037
0 0.52513 0.425 0.0408854 0.0351852
0 0.0188802 0.46088 0.0138021 0.0236111
0 0.574479 0.476389 0.0213542 0.0287037
0 0.0296875 0.419444 0.01875 0.012963
0 0.601953 0.512963 0.00859375 0.0351852
0 0.536849 0.528935 0.00963542 0.0199074
0 0.586068 0.372917 0.0122396 0.0189815
0 0.0527344 0.462037 0.0596354 0.0694444
0 0.791667 0.540509 0.0359375 0.0847222
0 0.11263 0.387037 0.0164062 0.0296296
0 0.677214 0.393056 0.0132813 0.0425926
0 0.60651 0.347454 0.0166667 0.024537
0 0.691797 0.604861 0.0414063 0.0819444
0 0.511849 0.431019 0.0539063 0.0574074
0 0.554167 0.488194 0.065625 0.0736111
0 0.123047 0.583565 0.0236979 0.0106481
0 0.490885 0.341204 0.0588542 0.037963
0 0.0423177 0.575 0.0268229 0.0333333
0 0.0869792 0.380787 0.0203125 0.0143519
0 0.0398437 0.686111 0.0401042 0.0574074
0 0.71875 0.548843 0.0234375 0.0337963
0 0.767969 0.536343 0.0140625 0.0439815
0 0.563411 0.559954 0.00390625 0.00509259
0 0.483984 0.337963 0.0184896 0.0138889
0 0.528385 0.378241 0.0223958 0.05
0 0.627083 0.522222 0.05 0.0583333
0 0.704036 0.336574 0.0476562 0.0685185
0 0.627995 0.478009 0.0388021 0.0847222
0 0.501953 0.342361 0.0164062 0.0134259
0 0.47487 0.453009 0.0455729 0.0375
0 0.715885 0.553241 0.0598958 0.0861111
0 0.163802 0.418287 0.0322917 0.0273148
0 0.538672 0.3875 0.0497396 0.0722222
0 0.728125 0.385648 0.0177083 0.0240741
0 0.665234 0.528472 0.0460938 0.104167
0 0.548568 0.48588 0.0106771 0.0449074
0 0.474219 0.336806 0.01875 0.0328704
0 0.73737 0.496759 0.0164062 0.0157407
0 0.71888 0.37338 0.0143229 0.0273148
0 0.661328 0.766667 0.00442708 0.025
0 0.72474 0.484722 0.0234375 0.0231481
0 0.769792 0.515741 0.0223958 0.0416667
0 0.58724 0.365972 0.01875 0.024537
0 0.490885 0.557176 0.0166667 0.0273148
0 0.0114583 0.605556 0.015625 0.0203704
0 0.494531 0.422685 0.0114583 0.0287037
0 0.635677 0.452778 0.0140625 0.0212963
0 0.454557 0.395139 0.00703125 0.0143519
0 0.702604 0.401389 0.01875 0.0277778
0 0.632161 0.478935 0.0174479 0.0115741
0 0.0380208 0.646759 0.00989583 0.0472222
0 0.0386719 0.668519 0.0596354 0.075
0 0.148307 0.48588 0.0611979 0.0726852
0 0.548828 0.5 0.0148437 0.0675926
0 0.674349 0.335185 0.0424479 0.0759259
0 0.455339 0.403241 0.0216146 0.0157407
0 0.0138021 0.599537 0.0276042 0.0916667
0 0.681641 0.594907 0.0127604 0.00925926
0 0.180729 0.424769 0.0140625 0.0597222
0 0.603646 0.349769 0.0317708 0.0439815
0 0.122786 0.575694 0.0195312 0.0208333
0 0.62487 0.428009 0.0393229 0.0347222
0 0.0130208 0.670602 0.0260417 0.0273148
0 0.518359 0.335648 0.0419271 0.0296296
0 0.632812 0.536111 0.0171875 0.0277778
0 0.640234 0.356481 0.0341146 0.025
0 0.586589 0.289583 0.0502604 0.0884259
0 0.710807 0.571991 0.0393229 0.0143519
0 0.0117188 0.586574 0.0109375 0.0305556
0 0.665104 0.373148 0.0145833 0.0574074
0 0.520312 0.425926 0.0223958 0.0240741
0 0.0230469 0.418056 0.0210938 0.0537037
0 0.022526 0.633102 0.0450521 0.0773148
0 0.636849 0.529398 0.0195312 0.025463
0 0.046875 0.631019 0.0578125 0.0722222
0 0.562891 0.401389 0.0471354 0.0888889
0 0.692708 0.535417 0.03125 0.0208333
0 0.644141 0.476157 0.0351562 0.025463
0 0.576302 0.375694 0.0307292 0.0921296
0 0.93724 0.255093 0.015625 0.0444444
0 0.172135 0.424769 0.0625 0.0782407
0 0.590365 0.378009 0.015625 0.0328704
0 0.610677 0.313194 0.0421875 0.0541667
0 0.565104 0.330787 0.0421875 0.0902778
0 0.507292 0.625 0.0161458 0.0231481
0 0.576693 0.519676 0.00494792 0.0310185
0 0.501042 0.433333 0.00416667 0.0425926
0 0.0436198 0.569907 0.0513021 0.0796296
0 0.601562 0.38287 0.00885417 0.0574074
0 0.715495 0.480787 0.0554687 0.075463
0 0.75599 0.629398 0.0552083 0.0671296
0 0.682943 0.657639 0.0111979 0.00972222
0 0.514844 0.330556 0.0442708 0.0851852
0 0.589453 0.312269 0.0164062 0.0328704
0 0.122786 0.572917 0.0601562 0.0412037
0 0.509766 0.491898 0.0179687 0.0300926
0 0.689453 0.646065 0.0158854 0.0300926
0 0.736719 0.43125 0.01875 0.0199074
0 0.0299479 0.67037 0.015625 0.0555556
0 0.48125 0.397685 0.0505208 0.0703704
0 0.622005 0.614815 0.0476562 0.100926
0 0.659115 0.424769 0.05 0.0365741
0 0.587109 0.90625 0.0122396 0.0532407
0 0.489193 0.455324 0.00651042 0.0513889
0 0.50612 0.57963 0.0471354 0.0407407
0 0.558594 0.552778 0.0515625 0.0759259
0 0.136589 0.356481 0.0247396 0.0398148
0 0.168359 0.475463 0.0143229 0.0416667
0 0.122786 0.521991 0.0559896 0.0921296
0 0.0248698 0.420602 0.0497396 0.0587963
0 0.00651042 0.594676 0.009375 0.0365741
0 0.154818 0.431713 0.0195312 0.0217593
0 0.473698 0.46088 0.0161458 0.0393519
0 0.564323 0.334491 0.01875 0.0236111
0 0.489323 0.34375 0.0234375 0.0208333
0 0.052474 0.403009 0.0205729 0.0273148
0 0.644141 0.61088 0.00598958 0.0143519
0 0.783594 0.447222 0.0223958 0.0194444
0 0.111458 0.458102 0.0447917 0.0939815
0 0.697135 0.530093 0.0135417 0.0185185
0 0.719401 0.38125 0.0106771 0.0263889
0 0.636328 0.347685 0.0403646 0.0462963
0 0.494141 0.563657 0.0221354 0.0449074
0 0.711328 0.566204 0.0153646 0.0101852
0 0.59987 0.446991 0.0221354 0.0162037
0 0.516276 0.321991 0.0169271 0.0226852
0 0.757031 0.421296 0.0505208 0.0805556
0 0.723047 0.564583 0.0393229 0.0300926
0 0.739062 0.40162 0.0635417 0.0523148
0 0.578516 0.370602 0.0143229 0.0282407
0 0.0901042 0.391667 0.046875 0.0842593
0 0.713151 0.370139 0.0549479 0.0708333
0 0.765234 0.463657 0.0440104 0.0884259
0 0.676693 0.601389 0.0205729 0.0194444
0 0.664062 0.371991 0.0416667 0.0828704
0 0.685417 0.396991 0.0270833 0.0263889
0 0.622786 0.439352 0.0200521 0.0185185
0 0.120833 0.48912 0.0630208 0.0615741
0 0.74401 0.509259 0.0421875 0.0842593
0 0.604557 0.388889 0.0429688 0.087037
0 0.141667 0.423148 0.0619792 0.0824074
0 0.459896 0.508333 0.0578125 0.0740741
0 0.452214 0.453009 0.0195312 0.0180556
0 0.739062 0.412731 0.00625 0.0560185
0 0.457292 0.394213 0.0567708 0.0578704
0 0.535547 0.526852 0.0257812 0.0648148
0 0.0143229 0.662731 0.0286458 0.102315
0 0.451042 0.395602 0.0109375 0.0189815
0 0.553385 0.290046 0.05625 0.0828704
0 0.677865 0.592824 0.0114583 0.0171296
0 0.735937 0.425 0.0239583 0.0231481
0 0.561068 0.503935 0.0184896 0.0171296
0 0.54362 0.527778 0.0143229 0.0148148
0 0.117057 0.522917 0.0221354 0.0337963
0 0.626432 0.616898 0.00651042 0.0541667
0 0.451172 0.446528 0.00963542 0.0208333
0 0.436328 0.3875 0.0205729 0.0268519
0 0.659375 0.427778 0.0166667 0.0166667
0 0.74388 0.513657 0.0388021 0.0365741
0 0.0779948 0.457407 0.0460938 0.109259
0 0.78724 0.455556 0.0541667 0.0703704
0 0.681641 0.648148 0.0122396 0.0268519
0 0.529036 0.377778 0.0205729 0.0185185
0 0.573438 0.382407 0.0151042 0.025
0 0.694401 0.644676 0.0190104 0.0476852
0 0.602865 0.452546 0.0520833 0.0689815
0 0.169401 0.410185 0.0148437 0.0398148
0 0.506901 0.616435 0.0174479 0.0162037
0 0.68112 0.391435 0.0450521 0.0856481
0 0.719271 0.64213 0.003125 0.0259259
0 0.494141 0.454398 0.0549479 0.0476852
0 0.576172 0.389815 0.0372396 0.0351852
0 0.694141 0.521759 0.0403646 0.0861111
0 0.0552083 0.396065 0.0395833 0.0837963
0 0.635417 0.570833 0.00416667 0.025
0 0.732292 0.391435 0.0265625 0.0319444
0 0.713021 0.628935 0.0401042 0.0958333
0 0.114844 0.402778 0.00989583 0.0564815
0 0.504687 0.572685 0.0552083 0.0851852
0 0.690495 0.519907 0.0221354 0.0268519
0 0.739974 0.395833 0.0148437 0.0462963
0 0.646745 0.372454 0.0263021 0.0328704
0 0.576042 0.491435 0.040625 0.0347222
0 0.616536 0.33912 0.0122396 0.0532407
0 0.540104 0.529861 0.00677083 0.0106481
0 0.141536 0.36088 0.0460938 0.0865741
0 0.615625 0.320602 0.0182292 0.0310185
0 0.786198 0.445139 0.0130208 0.0606481
0 0.121875 0.492593 0.0390625 0.0314815
0 0.785417 0.560185 0.0229167 0.0194444
0 0.694531 0.590972 0.00833333 0.0532407
0 0.0533854 0.640741 0.0161458 0.0416667
0 0.611068 0.490046 0.0184896 0.049537
0 0.510938 0.327083 0.0208333 0.0412037
0 0.697656 0.337731 0.009375 0.0162037
0 0.754036 0.625926 0.0226563 0.0592593
0 0.694531 0.320139 0.0223958 0.0162037
0 0.661328 0.434259 0.0294271 0.0268519
0 0.1125 0.394907 0.0385417 0.0833333
0 0.769792 0.528935 0.0213542 0.0189815
0 0.659766 0.378704 0.00859375 0.0435185
0 0.711458 0.630324 0.0151042 0.0199074
0 0.139453 0.415741 0.0226563 0.0759259
0 0.150651 0.482407 0.0184896 0.05
0 0.109766 0.403935 0.0346354 0.0384259
0 0.630729 0.531018 0.00729167 0.0157407
0 0.59349 0.506019 0.0317708 0.0194444
0 0.56276 0.560648 0.021875 0.0472222
0 0.520443 0.607407 0.0190104 0.0444444
0 0.513542 0.499074 0.0291667 0.0203704
0 0.628516 0.35787 0.0289063 0.0166667
0 0.539453 0.565972 0.0533854 0.0875
0 0.664583 0.579167 0.0192708 0.0240741
0 0.539323 0.564815 0.0151042 0.0185185
0 0.510677 0.615509 0.0161458 0.0458333
0 0.649349 0.615046 0.0216146 0.0263889
0 0.522266 0.433333 0.0283854 0.0231481
0 0.19401 0.453704 0.0161458 0.0333333
0 0.613932 0.313657 0.0132813 0.0199074
0 0.76875 0.499537 0.0197917 0.0324074
0 0.489714 0.403009 0.0184896 0.0282407
0 0.586849 0.448148 0.0195312 0.0185185
0 0.710938 0.477083 0.0229167 0.0217593
0 0.739062 0.580787 0.0166667 0.0523148
0 0.189453 0.45625 0.0632813 0.0699074
0 0.57487 0.486806 0.0434896 0.0800926
0 0.723307 0.558102 0.0226563 0.0282407
0 0.0265625 0.419676 0.0177083 0.0319444
0 0.0459635 0.434722 0.0111979 0.025
0 0.735677 0.504167 0.0223958 0.0351852
0 0.626042 0.431481 0.0484375 0.0787037
0 0.641146 0.571296 0.0395833 0.0981481
0 0.742969 0.581713 0.0317708 0.025463
0 0.661719 0.765278 0.0125 0.0388889
0 0.614062 0.573148 0.0473958 0.0935185
0 0.0411458 0.564815 0.0213542 0.0333333
0 0.602734 0.341204 0.0190104 0.0333333
0 0.703255 0.343287 0.0242187 0.0208333
0 0.736198 0.403009 0.0140625 0.0337963
0 0.188411 0.462963 0.0330729 0.0222222
0 0.707161 0.565509 0.0273438 0.0236111
0 0.664714 0.632639 0.0106771 0.0217593
0 0.619792 0.352315 0.0135417 0.0324074
0 0.648177 0.601852 0.009375 0.0333333
0 0.465104 0.514352 0.0203125 0.0203704
0 0.596875 0.456481 0.0177083 0.0472222
0 0.436589 0.441204 0.0184896 0.0398148
0 0.451823 0.396991 0.025 0.0486111
0 0.0492188 0.632407 0.0182292 0.0388889
0 0.545964 0.423611 0.0210938 0.0203704
0 0.660156 0.424769 0.0197917 0.0569444
0 0.784115 0.559028 0.0192708 0.0523148
0 0.522526 0.612269 0.0419271 0.102315
0 0.485286 0.34375 0.0221354 0.0384259
0 0.735156 0.396528 0.00625 0.0430556
0 0.518359 0.616435 0.00859375 0.0365741
0 0.74362 0.505556 0.0216146 0.0314815
0 0.188281 0.45787 0.0140625 0.0305556
0 0.742839 0.409259 0.0106771 0.0685185
0 0.665234 0.371991 0.0174479 0.025463
0 0.507161 0.433565 0.00911458 0.0236111
0 0.544401 0.491898 0.0164062 0.0458333
0 0.715495 0.380556 0.0143229 0.0314815
0 0.701953 0.337037 0.0148437 0.012037
0 0.785026 0.521296 0.0106771 0.0333333
0 0.759245 0.424306 0.0210938 0.0625
0 0.651302 0.564815 0.0192708 0.0425926
0 0.702604 0.623611 0.0208333 0.0231481
0 0.661068 0.585185 0.0153646 0.0212963
0 0.715625 0.623148 0.0119792 0.025
0 0.460156 0.374537 0.0125 0.0287037
0 0.609896 0.623148 0.021875 0.0425926
0 0.66263 0.781944 0.0179687 0.0240741
0 0.590365 0.496296 0.0229167 0.0240741
0 0.54388 0.528935 0.0236979 0.074537
0 0.736328 0.639352 0.0143229 0.0296296
0 0.744792 0.40625 0.025 0.0439815
0 0.660807 0.63125 0.00963542 0.0208333
0 0.144531 0.367593 0.0421875 0.037037
0 0.648177 0.609028 0.0140625 0.0208333
0 0.465365 0.381481 0.01875 0.0333333
0 0.639974 0.572685 0.00807292 0.025
0 0.764583 0.468519 0.0151042 0.0351852
0 0.66901 0.328704 0.0213542 0.0240741
0 0.666276 0.543056 0.0205729 0.0231481
0 0.740495 0.631713 0.00651042 0.0430556
0 0.653255 0.530093 0.0200521 0.025
0 0.685286 0.518981 0.0190104 0.0398148
0 0.615104 0.578935 0.0161458 0.0356481
0 0.69974 0.613657 0.0239583 0.0300926
0 0.60638 0.511806 0.0132813 0.0282407
0 0.501562 0.438889 0.0140625 0.037037
0 0.523698 0.618056 0.015625 0.0361111
0 0.694141 0.6 0.0127604 0.0287037
0 0.61849 0.497685 0.0208333 0.0453704
0 0.550781 0.367593 0.009375 0.0268519
0 0.621875 0.440741 0.0223958 0.0722222
0 0.0471354 0.46412 0.0145833 0.0513889
0 0.451562 0.447917 0.0244792 0.0532407
0 0.147917 0.44838 0.0203125 0.0282407
0 0.0484375 0.43287 0.01875 0.0342593
0 0.0773437 0.445833 0.0229167 0.0675926
0 0.678516 0.656018 0.0101562 0.0194444
0 0.549219 0.290278 0.0260417 0.0333333
0 0.71901 0.639583 0.025 0.0356481
0 0.610286 0.41875 0.0252604 0.0273148
0 0.613932 0.314583 0.0184896 0.0606481
0 0.165495 0.418287 0.0164062 0.0578704
0 0.11901 0.520602 0.0234375 0.0680556
0 0.622656 0.61875 0.00625 0.0319444
0 0.564453 0.328472 0.0226563 0.0430556
0 0.0523437 0.434028 0.0213542 0.0550926
0 0.665755 0.536806 0.0127604 0.0319444
0 0.714844 0.484028 0.021875 0.0291667
0 0.657552 0.775694 0.003125 0.0282407
0 0.744271 0.572222 0.0177083 0.0351852
0 0.0424479 0.655324 0.0229167 0.0560185
0 0.0898438 0.389583 0.0239583 0.0578704
0 0.677474 0.647685 0.00859375 0.0388889
0 0.0371094 0.677083 0.0210938 0.0597222
0 0.522917 0.433565 0.0234375 0.0708333
0 0.538672 0.566204 0.0236979 0.0694444
0 0.139714 0.359954 0.0132813 0.0310185
0 0.703385 0.388426 0.0109375 0.0388889
0 0.485547 0.401389 0.0169271 0.0416667
0 0.626953 0.35787 0.0216146 0.0537037
0 0.493099 0.455093 0.0111979 0.0472222
0 0.590495 0.447222 0.0210938 0.037963
0 0.539844 0.387963 0.0223958 0.05
0 0.725 0.644907 0.0197917 0.0296296
0 0.111979 0.453704 0.0161458 0.0564815
0 0.630469 0.529861 0.0177083 0.074537
0 0.724479 0.638657 0.009375 0.0319444
0 0.623438 0.625463 0.021875 0.0305556
0 0.548828 0.43287 0.0278646 0.0333333
0 0.464844 0.515278 0.0203125 0.0527778
0 0.735807 0.396065 0.0216146 0.0708333
0 0.510156 0.389352 0.0213542 0.0388889
0 0.577344 0.527778 0.0130208 0.0314815
0 0.677474 0.59375 0.0221354 0.0708333
0 0.661589 0.775463 0.00703125 0.037963
0 0.635938 0.355787 0.0192708 0.0486111
0 0.790365 0.522454 0.0229167 0.0671296
0 0.189323 0.456481 0.0223958 0.062037
0 0.657031 0.529398 0.0197917 0.0430556
0 0.0115885 0.593287 0.0164062 0.0532407
0 0.648568 0.370833 0.0184896 0.0601852
0 0.722135 0.55625 0.0234375 0.0893519
0 0.0105469 0.659954 0.0210938 0.0402778
0 0.64349 0.467593 0.0234375 0.0592593
0 0.5625 0.497685 0.021875 0.05
0 0.565495 0.410185 0.0210938 0.0592593
0 0.545833 0.490278 0.0276042 0.0731481
0 0.0785156 0.468287 0.0273438 0.0625
0 0.51862 0.327778 0.0231771 0.0472222
0 0.00820312 0.551157 0.0164062 0.0412037
0 0.0528646 0.395602 0.0239583 0.0550926
0 0.0977865 0.468287 0.0200521 0.0412037
0 0.611198 0.417361 0.025 0.0606481
0 0.111849 0.395602 0.0216146 0.0652778
0 0.713932 0.374074 0.0242187 0.0546296
0 0.764453 0.469907 0.0247396 0.0537037
0 0.157292 0.484491 0.0255208 0.0708333
0 0.472396 0.455556 0.0255208 0.062963
0 0.590234 0.365278 0.0221354 0.0537037
0 0.569141 0.327546 0.0216146 0.0671296
0 0.69388 0.528009 0.0247396 0.0541667
0 0.664844 0.379398 0.0244792 0.0319444
0 0.706641 0.564583 0.0226563 0.0671296
0 0.0941406 0.469213 0.0200521 0.024537
0 0.120182 0.48588 0.0236979 0.0550926
0 0.602734 0.45625 0.0236979 0.0634259
0 0.748307 0.504167 0.0200521 0.0490741
0 0.585156 0.290972 0.025 0.0449074
0 0.660547 0.58588 0.0242187 0.0587963
0 0.660807 0.630093 0.0263021 0.0731481
0 0.719661 0.483796 0.0226563 0.0518519
0 0.714844 0.621991 0.0213542 0.0763889
0 0.0196615 0.632639 0.0247396 0.0560185
0 0.702214 0.622685 0.0247396 0.0638889
0 0.577865 0.37963 0.0208333 0.0555556
0 0.49401 0.456713 0.0244792 0.0458333
0 0.514974 0.491435 0.0216146 0.050463
0 0.672266 0.336111 0.0257812 0.0509259
0 0.460938 0.381944 0.0223958 0.0537037
0 0.614453 0.580324 0.0263021 0.0625
0 0.0536458 0.46412 0.0229167 0.0597222
0 0.589453 0.497685 0.0247396 0.0666667
0 0.552734 0.375 0.0236979 0.0425926
0 0.552083 0.300694 0.0255208 0.0662037
0 0.785937 0.455324 0.0239583 0.0699074
0 0.739583 0.419907 0.0276042 0.0555556
0 0.523177 0.615741 0.0234375 0.0777778
0 0.50638 0.572454 0.0278646 0.0671296
0 0.68125 0.387963 0.0229167 0.0555556
0 0.603385 0.389583 0.025 0.0587963
0 0.686589 0.337269 0.0226563 0.0430556
0 0.74401 0.573611 0.0265625 0.075
0 0.486198 0.403704 0.0260417 0.0638889
0 0.548828 0.433102 0.0247396 0.0736111
0 0.622786 0.626852 0.0252604 0.075
0 0.639323 0.566204 0.0234375 0.062037
0 0.702474 0.388889 0.0268229 0.0453704
0 0.701042 0.335417 0.0244792 0.049537
0 0.577995 0.530093 0.0273438 0.0611111
0 0.693359 0.600926 0.0236979 0.062037
0 0.572917 0.485417 0.025 0.0578704
0 0.149219 0.441204 0.028125 0.0592593
0 0.606641 0.512963 0.0242187 0.0583333
0 0.739583 0.639815 0.0265625 0.0564815
0 0.614844 0.350694 0.0255208 0.0523148
0 0.664323 0.537269 0.0276042 0.0708333
0 0.507161 0.440741 0.0242187 0.0694444
0 0.144531 0.360648 0.0244792 0.0694444
0 0.764714 0.528241 0.0247396 0.0462963
0 0.647786 0.608333 0.0242187 0.0648148
0 0.723698 0.640509 0.0276042 0.0578704
0 0.677734 0.647917 0.0268229 0.0578704
0 0.626823 0.477778 0.0260417 0.0444444
0 0.660807 0.775 0.0263021 0.0611111
