0 0.522917 0.484722 0.0479167 0.0972222
0 0.696354 0.538426 0.0166667 0.0861111
0 0.576302 0.436111 0.00572917 0.0111111
0 0.45026 0.533796 0.00364583 0.00648148
0 0.634896 0.582407 0.009375 0.0407407
0 0.410417 0.516204 0.0166667 0.0342593
0 0.746354 0.526389 0.009375 0.128704
0 0.720052 0.549537 0.0244792 0.0361111
0 0.536719 0.447685 0.0265625 0.0509259
0 0.445573 0.520833 0.0234375 0.0416667
0 0.62474 0.410185 0.00260417 0.00740741
0 0.711979 0.940741 0.00833333 0.0240741
0 0.740885 0.472222 0.0234375 0.0518519
0 0.663021 0.409722 0.0135417 0.0212963
0 0.678385 0.503241 0.0151042 0.0342593
0 0.609896 0.178704 0.0104167 0.0203704
0 0.579167 0.446759 0.00208333 0.0101852
0 0.705729 0.587037 0.0177083 0.0222222
0 0.589583 0.56713 0.0197917 0.0398148
0 0.625 0.415278 0.00208333 0.00648148
0 0.714844 0.59537 0.0286458 0.0222222
0 0.138021 0.581019 0.0166667 0.0324074
0 0.471094 0.531944 0.0463542 0.102778
0 0.672135 0.577315 0.0192708 0.0212963
0 0.459115 0.539815 0.0140625 0.00555556
0 0.786979 0.571759 0.0208333 0.0194444
0 0.55625 0.422222 0.0229167 0.0444444
0 0.822396 0.576852 0.0572917 0.0685185
0 0.673177 0.606944 0.0140625 0.0398148
0 0.660677 0.540278 0.0213542 0.0342593
0 0.673958 0.546759 0.0375 0.0675926
0 0.732552 0.577778 0.0161458 0.0814815
0 0.542188 0.435648 0.00520833 0.00648148
0 0.503646 0.480556 0.0333333 0.0907407
0 0.605208 0.179167 0.00729167 0.0212963
0 0.71901 0.601852 0.0296875 0.0203704
0 0.744531 0.569907 0.0140625 0.0453704
0 0.715365 0.475463 0.0265625 0.0231481
0 0.407031 0.556481 0.0723958 0.114815
0 0.592188 0.542593 0.0510417 0.0777778
0 0.64375 0.398611 0.0208333 0.0212963
0 0.670313 0.458333 0.0541667 0.0481481
0 0.735937 0.544444 0.0135417 0.0425926
0 0.598698 0.559259 0.0161458 0.0222222
0 0.80625 0.566204 0.0208333 0.0416667
0 0.991927 0.387963 0.0161458 0.0111111
0 0.576302 0.424074 0.0453125 0.0722222
0 0.180208 0.547685 0.0135417 0.025
0 0.708333 0.476852 0.021875 0.0425926
0 0.735677 0.533333 0.0213542 0.0351852
0 0.569531 0.438889 0.0276042 0.0296296
0 0.448438 0.523611 0.0145833 0.0138889
0 0.526042 0.449537 0.0229167 0.0324074
0 0.526563 0.517593 0.0489583 0.0425926
0 0.994531 0.385185 0.0109375 0.0185185
0 0.65625 0.59213 0.0135417 0.025
0 0.692708 0.594444 0.0520833 0.0814815
0 0.627083 0.499074 0.00833333 0.0537037
0 0.542188 0.41713 0.0135417 0.0157407
0 0.54401 0.428704 0.0421875 0.0740741
0 0.551823 0.801852 0.00885417 0.0333333
0 0.589844 0.4875 0.00364583 0.0583333
0 0.633333 0.440278 0.0125 0.0527778
0 0.719271 0.596296 0.0166667 0.012963
0 0.640365 0.099537 0.0046875 0.025
0 0.709635 0.586574 0.0369792 0.0490741
0 0.735417 0.476852 0.00520833 0.0037037
0 0.710677 0.467593 0.0140625 0.0314815
0 0.627344 0.606944 0.0630208 0.0694444
0 0.557552 0.461574 0.0442708 0.0305556
0 0.545833 0.419444 0.0239583 0.0277778
0 0.396875 0.547222 0.0114583 0.0685185
0 0.758854 0.608796 0.05625 0.0694444
0 0.541146 0.496296 0.03125 0.12037
0 0.792188 0.581944 0.0541667 0.0675926
0 0.58724 0.426852 0.0234375 0.0296296
0 0.714323 0.460185 0.00572917 0.0481481
0 0.681771 0.493519 0.01875 0.0314815
0 0.710156 0.606944 0.0473958 0.0564815
0 0.671875 0.493981 0.01875 0.0416667
0 0.561198 0.430556 0.0401042 0.101852
0 0.638021 0.5125 0.0427083 0.087963
0 0.530469 0.437963 0.00677083 0.0685185
0 0.54349 0.444444 0.0213542 0.0240741
0 0.607292 0.566204 0.0229167 0.0546296
0 0.717708 0.600463 0.0177083 0.0435185
0 0.518229 0.443056 0.015625 0.0324074
0 0.645052 0.636574 0.0546875 0.0694444
0 0.73151 0.58287 0.0130208 0.0268519
0 0.45625 0.519907 0.0489583 0.0564815
0 0.657812 0.404167 0.034375 0.0953704
0 0.539323 0.506019 0.00677083 0.0564815
0 0.695312 0.466667 0.0145833 0.0574074
0 0.538542 0.439815 0.0166667 0.0333333
0 0.789323 0.551852 0.0338542 0.0351852
0 0.647135 0.610185 0.0234375 0.0259259
0 0.622135 0.432407 0.00364583 0.0462963
0 0.58125 0.568519 0.0197917 0.0203704
0 0.574219 0.546759 0.0380208 0.0546296
0 0.766406 0.593982 0.0151042 0.0435185
0 0.73151 0.478704 0.0119792 0.0111111
0 0.56901 0.475463 0.0234375 0.0157407
0 0.644792 0.421759 0.021875 0.0305556
0 0.690625 0.587037 0.0166667 0.0333333
0 0.694531 0.594444 0.0411458 0.0277778
0 0.496875 0.502315 0.00416667 0.0361111
0 0.514583 0.45463 0.0104167 0.0425926
0 0.567708 0.4375 0.0135417 0.0231481
0 0.624479 0.403704 0.0291667 0.0833333
0 0.641667 0.405093 0.0395833 0.100926
0 0.741406 0.516667 0.0328125 0.0962963
0 0.724479 0.607407 0.0427083 0.0388889
0 0.525521 0.437037 0.0427083 0.0851852
0 0.726302 0.573148 0.0317708 0.0518519
0 0.523958 0.499537 0.0260417 0.037963
0 0.707812 0.548148 0.0333333 0.0481481
0 0.589844 0.455556 0.0046875 0.0462963
0 0.676302 0.609259 0.0348958 0.0462963
0 0.5125 0.508796 0.0479167 0.0824074
0 0.540365 0.521296 0.0411458 0.0277778
0 0.630729 0.543519 0.0541667 0.0611111
0 0.434635 0.524537 0.0567708 0.0694444
0 0.480208 0.515741 0.015625 0.0259259
0 0.63724 0.536111 0.0223958 0.0203704
0 0.452604 0.528241 0.00625 0.0287037
0 0.736979 0.48287 0.00833333 0.00462963
0 0.448958 0.508333 0.009375 0.00925926
0 0.549479 0.431944 0.009375 0.0138889
0 0.614062 0.493981 0.028125 0.037963
0 0.667969 0.598611 0.0171875 0.0509259
0 0.56276 0.476852 0.0567708 0.0759259
0 0.739323 0.543981 0.0140625 0.0194444
0 0.721875 0.591204 0.015625 0.0694444
0 0.634635 0.499074 0.0161458 0.0277778
0 0.575781 0.555093 0.0244792 0.0361111
0 0.711198 0.576852 0.0192708 0.0351852
0 0.738802 0.475463 0.0567708 0.0638889
0 0.727865 0.550463 0.0119792 0.0416667
0 0.666406 0.463889 0.0171875 0.0314815
0 0.464323 0.516667 0.0161458 0.0425926
0 0.763281 0.534259 0.0526042 0.0851852
0 0.598698 0.456944 0.00885417 0.0194444
0 0.759635 0.587963 0.0151042 0.05
0 0.54974 0.440278 0.0151042 0.0175926
0 0.523438 0.515278 0.0135417 0.0305556
0 0.635677 0.46713 0.00572917 0.0472222
0 0.407813 0.524074 0.0260417 0.0648148
0 0.413281 0.523611 0.0265625 0.0361111
0 0.657812 0.562037 0.0354167 0.107407
0 0.727344 0.591667 0.0171875 0.0814815
0 0.732552 0.485185 0.0234375 0.0148148
0 0.742188 0.547222 0.03125 0.037037
0 0.635938 0.505556 0.0125 0.0148148
0 0.444271 0.502778 0.015625 0.0425926
0 0.653125 0.477778 0.0416667 0.087037
0 0.54349 0.423148 0.0119792 0.0185185
0 0.59974 0.464352 0.0161458 0.0138889
0 0.410937 0.524074 0.0416667 0.0944444
0 0.626302 0.580556 0.0078125 0.0333333
0 0.629427 0.487037 0.0557292 0.0888889
0 0.229687 0.571759 0.0125 0.037963
0 0.60026 0.434259 0.0265625 0.0351852
0 0.666146 0.410648 0.009375 0.0324074
0 0.745052 0.586574 0.0453125 0.0416667
0 0.533854 0.513889 0.00520833 0.0314815
0 0.747135 0.529167 0.0171875 0.0324074
0 0.485417 0.515278 0.0510417 0.0898148
0 0.601302 0.568056 0.0588542 0.087963
0 0.625521 0.427315 0.0427083 0.0953704
0 0.647917 0.475463 0.00833333 0.037963
0 0.514583 0.511574 0.0104167 0.0416667
0 0.630469 0.580556 0.00989583 0.0351852
0 0.711198 0.459722 0.0453125 0.0824074
0 0.591146 0.460185 0.0135417 0.0537037
0 0.760156 0.485648 0.00989583 0.0398148
0 0.6 0.426852 0.0145833 0.0185185
0 0.720312 0.594444 0.0541667 0.101852
0 0.676042 0.499537 0.0354167 0.10463
0 0.640625 0.477778 0.009375 0.0333333
0 0.573438 0.414352 0.0239583 0.0564815
0 0.497917 0.456019 0.009375 0.037963
0 0.580469 0.437037 0.00989583 0.0259259
0 0.63099 0.476852 0.0119792 0.0481481
0 0.433073 0.536111 0.0359375 0.0259259
0 0.647396 0.607407 0.021875 0.0685185
0 0.414323 0.538426 0.0307292 0.0305556
0 0.576042 0.565741 0.0583333 0.087037
0 0.808333 0.563426 0.040625 0.102778
0 0.445312 0.515741 0.009375 0.0296296
0 0.703125 0.537963 0.0458333 0.0814815
0 0.715365 0.468981 0.0161458 0.0231481
0 0.527083 0.4375 0.00416667 0.0509259
0 0.630729 0.499537 0.00625 0.025
0 0.610677 0.504167 0.0390625 0.100926
0 0.657812 0.459259 0.0114583 0.05
0 0.577344 0.416667 0.00885417 0.0407407
0 0.670573 0.594444 0.0390625 0.0981481
0 0.602083 0.566204 0.015625 0.0361111
0 0.760156 0.574537 0.0411458 0.110185
0 0.786979 0.564352 0.0208333 0.0453704
0 0.626042 0.432407 0.003125 0.0314815
0 0.765625 0.492593 0.0270833 0.0333333
0 0.588281 0.494444 0.0380208 0.114815
0 0.790365 0.545833 0.0359375 0.112037
0 0.738802 0.54213 0.0203125 0.0675926
0 0.501302 0.500463 0.0046875 0.0342593
0 0.58151 0.416667 0.0130208 0.0314815
0 0.738281 0.539815 0.0557292 0.0888889
0 0.642708 0.603704 0.0489583 0.111111
0 0.626823 0.574074 0.0484375 0.111111
0 0.732292 0.475926 0.0208333 0.0518519
0 0.623958 0.411574 0.00833333 0.0324074
0 0.757552 0.486111 0.0463542 0.0703704
0 0.702604 0.534722 0.0208333 0.0509259
0 0.640365 0.537037 0.00677083 0.0425926
0 0.688802 0.476389 0.0171875 0.0416667
0 0.583333 0.562037 0.0229167 0.0685185
0 0.5625 0.431481 0.015625 0.0333333
0 0.436198 0.52963 0.0171875 0.037037
0 0.449479 0.516204 0.0135417 0.025
0 0.448177 0.537963 0.0046875 0.0240741
0 0.727344 0.548611 0.0265625 0.0472222
0 0.611198 0.45463 0.00885417 0.0462963
0 0.540104 0.519907 0.015625 0.037963
0 0.572135 0.475926 0.00572917 0.0648148
0 0.523958 0.455093 0.0135417 0.0361111
0 0.694271 0.485648 0.0229167 0.0305556
0 0.454688 0.544907 0.0229167 0.0287037
0 0.575781 0.452315 0.0255208 0.025
0 0.485417 0.521296 0.0166667 0.0351852
0 0.608854 0.5 0.00520833 0.0518519
0 0.502344 0.505556 0.0161458 0.0314815
0 0.791146 0.549074 0.0166667 0.0722222
0 0.635417 0.544444 0.0145833 0.037037
0 0.583854 0.497222 0.00625 0.0351852
0 0.528385 0.44537 0.0109375 0.0333333
0 0.615625 0.455093 0.0125 0.0398148
0 0.578646 0.448611 0.00625 0.0212963
0 0.614583 0.506481 0.0135417 0.0444444
0 0.629948 0.57963 0.0223958 0.0740741
0 0.652865 0.476389 0.0161458 0.037963
0 0.627083 0.437963 0.0145833 0.0314815
0 0.497917 0.506019 0.009375 0.0287037
0 0.588802 0.497685 0.0078125 0.037963
0 0.590104 0.506481 0.0177083 0.0259259
0 0.502083 0.456481 0.0114583 0.0333333
0 0.55599 0.456481 0.00677083 0.0314815
0 0.600781 0.565741 0.0244792 0.0796296
0 0.560417 0.4625 0.0208333 0.0305556
0 0.514583 0.512963 0.0239583 0.0685185
0 0.453125 0.538426 0.0125 0.0268519
0 0.567708 0.483333 0.00729167 0.0444444
0 0.594792 0.457407 0.00625 0.0277778
0 0.752344 0.528241 0.0223958 0.0731481
0 0.544531 0.431481 0.0078125 0.0259259
0 0.469531 0.522685 0.0161458 0.0453704
0 0.695312 0.594444 0.0229167 0.0537037
0 0.485677 0.463889 0.0203125 0.0407407
0 0.74401 0.578704 0.0244792 0.0518519
0 0.51849 0.507407 0.0109375 0.0444444
0 0.595312 0.462963 0.015625 0.0222222
0 0.811979 0.566204 0.0208333 0.0675926
0 0.583333 0.447222 0.009375 0.0277778
0 0.628646 0.410648 0.00729167 0.0324074
0 0.629948 0.497685 0.0265625 0.0527778
0 0.559896 0.456019 0.00729167 0.0398148
0 0.715365 0.468519 0.0234375 0.0611111
0 0.414844 0.536574 0.0234375 0.087963
0 0.595573 0.425 0.0109375 0.037037
0 0.519271 0.45463 0.0125 0.0240741
0 0.635677 0.477315 0.0119792 0.0416667
0 0.579687 0.424074 0.0197917 0.0648148
0 0.672656 0.592593 0.0192708 0.0722222
0 0.530729 0.444444 0.021875 0.0740741
0 0.564844 0.422222 0.0255208 0.05
0 0.765625 0.5875 0.0229167 0.0731481
0 0.65625 0.550463 0.028125 0.0564815
0 0.626042 0.441204 0.0260417 0.062037
0 0.538021 0.513426 0.025 0.0657407
0 0.484896 0.514352 0.0229167 0.0694444
0 0.760938 0.49213 0.0239583 0.0694444
0 0.69401 0.476389 0.0244792 0.0787037
0 0.774219 0.536111 0.0234375 0.0666667
0 0.651302 0.476852 0.0255208 0.062963
0 0.46849 0.519907 0.0265625 0.0731481
0 0.431771 0.528241 0.025 0.0768519
0 0.588802 0.500463 0.0276042 0.0435185
0 0.609635 0.506481 0.0265625 0.0555556
0 0.482031 0.469444 0.0265625 0.0666667
0 0.676823 0.490278 0.0244792 0.062037
0 0.501823 0.456019 0.0276042 0.0638889
0 0.448177 0.512037 0.0255208 0.0777778
0 0.644271 0.410185 0.028125 0.062963
0 0.661458 0.462037 0.0239583 0.0611111
0 0.639323 0.544444 0.0244792 0.062963
0 0.666146 0.418519 0.0229167 0.0574074
0 0.571094 0.484722 0.0276042 0.0546296
0 0.517969 0.454167 0.0265625 0.0583333
0 0.51901 0.514352 0.0244792 0.0361111
0 0.616406 0.455556 0.0244792 0.0518519
0 0.59401 0.424074 0.0276042 0.0592593
0 0.497656 0.506944 0.0244792 0.0583333
0 0.581771 0.447222 0.0270833 0.0537037
0 0.543229 0.433333 0.025 0.0407407
0 0.55651 0.456481 0.0276042 0.0611111
0 0.452604 0.536111 0.025 0.0722222
0 0.634896 0.478241 0.0260417 0.0564815
0 0.627604 0.409722 0.025 0.0472222
0 0.594271 0.456944 0.0270833 0.0657407
