0 0.717839 0.703704 0.00338542 0.0222222
0 0.29349 0.423611 0.0109375 0.0361111
0 0.889453 0.265046 0.0289063 0.00509259
0 0.988672 0.0810185 0.00651042 0.0342593
0 0.427344 0.745833 0.0203125 0.00925926
0 0.377995 0.332176 0.0466146 0.160648
0 0.360677 0.388194 0.0630208 0.129167
0 0.914193 0.121065 0.0195312 0.0375
0 0.964453 0.0930556 0.0309896 0.0259259
0 0.342708 0.336111 0.0494792 0.15463
0 0.257161 0.104167 0.0153646 0.0148148
0 0.348307 0.228704 0.00911458 0.075
0 0.265755 0.436574 0.0252604 0.0416667
0 0.390104 0.498611 0.0182292 0.0648148
0 0.444271 0.729861 0.0541667 0.1125
0 0.551693 0.218519 0.0252604 0.0185185
0 0.322135 0.253472 0.0145833 0.00972222
0 0.327865 0.188426 0.0489583 0.0898148
0 0.476432 0.214352 0.0450521 0.0935185
0 0.405339 0.526389 0.0132813 0.0194444
0 0.986198 0.222685 0.01875 0.0287037
0 0.329427 0.358565 0.01875 0.0171296
0 0.961719 0.233796 0.021875 0.0342593
0 0.600521 0.0759259 0.00677083 0.037963
0 0.347266 0.171065 0.0148437 0.0226852
0 0.378125 0.23912 0.0302083 0.024537
0 0.533464 0.182407 0.0278646 0.0259259
0 0.49375 0.173611 0.0192708 0.012963
0 0.402734 0.165278 0.0132813 0.0175926
0 0.340625 0.216667 0.0130208 0.0185185
0 0.488021 0.312963 0.0182292 0.037963
0 0.990755 0.138657 0.0111979 0.0319444
0 0.923698 0.215278 0.0197917 0.0601852
0 0.511068 0.274306 0.0127604 0.0226852
0 0.268359 0.451389 0.00755208 0.0296296
0 0.522396 0.15625 0.0135417 0.0199074
0 0.98112 0.148611 0.0132813 0.105556
0 0.885417 0.259028 0.0177083 0.0180556
0 0.00703125 0.62338 0.0140625 0.0171296
0 0.535026 0.25162 0.0106771 0.0467593
0 0.885938 0.143519 0.0177083 0.025
0 0.720833 0.799769 0.00572917 0.0152778
0 0.989453 0.0715278 0.0210938 0.0282407
0 0.898177 0.124306 0.0130208 0.0310185
0 0.465104 0.328704 0.0109375 0.012037
0 0.667318 0.725231 0.00546875 0.0115741
0 0.902474 0.152083 0.0216146 0.0171296
0 0.375911 0.196759 0.00807292 0.012963
0 0.557292 0.209491 0.0161458 0.0375
0 0.473698 0.31088 0.01875 0.0365741
0 0.384896 0.467361 0.0239583 0.0810185
0 0.613281 0.75463 0.015625 0.0425926
0 0.69987 0.940509 0.0127604 0.0236111
0 0.688281 0.754398 0.0078125 0.0291667
0 0.518099 0.150231 0.00963542 0.0189815
0 0.921484 0.156713 0.0164062 0.00509259
0 0.958854 0.266898 0.0791667 0.116204
0 0.323438 0.447454 0.0145833 0.00972222
0 0.692448 0.789583 0.00729167 0.0236111
0 0.344531 0.286574 0.0197917 0.0351852
0 0.704687 0.784491 0.00729167 0.0125
0 0.369792 0.221759 0.0229167 0.0509259
0 0.390104 0.363194 0.0213542 0.0699074
0 0.263021 0.463194 0.00572917 0.0467593
0 0.46862 0.321528 0.0361979 0.0199074
0 0.357031 0.189815 0.0458333 0.0657407
0 0.621224 0.815046 0.0111979 0.0263889
0 0.324089 0.200694 0.0101562 0.0412037
0 0.326693 0.343056 0.0164062 0.0388889
0 0.477995 0.274537 0.0153646 0.037037
0 0.392839 0.478009 0.0231771 0.0560185
0 0.935547 0.233102 0.0127604 0.00324074
0 0.99375 0.184722 0.0114583 0.00462963
0 0.876693 0.350694 0.0190104 0.00601852
0 0.260286 0.0407407 0.0216146 0.0148148
0 0.242969 0.474074 0.0109375 0.0537037
0 0.316667 0.884954 0.0166667 0.00787037
0 0.9625 0.315046 0.0125 0.00509259
0 0.335807 0.399769 0.0179687 0.0458333
0 0.670703 0.800926 0.00546875 0.00833333
0 0.364453 0.142593 0.0195312 0.012037
0 0.421875 0.149537 0.040625 0.0490741
0 0.361719 0.351852 0.0135417 0.0157407
0 0.339974 0.174306 0.0190104 0.0226852
0 0.537891 0.19213 0.00963542 0.0222222
0 0.992448 0.229167 0.0151042 0.0351852
0 0.380078 0.19537 0.0127604 0.012963
0 0.250521 0.484954 0.0140625 0.0310185
0 0.911849 0.210648 0.0205729 0.0194444
0 0.634766 0.457639 0.0179687 0.0106481
0 0.34388 0.475463 0.00807292 0.0453704
0 0.917969 0.157176 0.0130208 0.00972222
0 0.965885 0.0886574 0.0171875 0.0300926
0 0.00481771 0.209491 0.00963542 0.0199074
0 0.426953 0.135648 0.0263021 0.0398148
0 0.671224 0.688426 0.00598958 0.0314815
0 0.263542 0.455324 0.00208333 0.0458333
0 0.519141 0.216204 0.0158854 0.0296296
0 0.978516 0.140046 0.0143229 0.0291667
0 0.399089 0.217593 0.0138021 0.0194444
0 0.341667 0.490509 0.00729167 0.0449074
0 0.564974 0.207176 0.0127604 0.050463
0 0.525391 0.801157 0.0132813 0.0152778
0 0.46862 0.0956018 0.0169271 0.0560185
0 0.406641 0.269444 0.0117188 0.0138889
0 0.909766 0.153009 0.00963542 0.0273148
0 0.373047 0.197222 0.00807292 0.0185185
0 0.997266 0.192361 0.00546875 0.0152778
0 0.538411 0.258565 0.0106771 0.0458333
0 0.951693 0.09375 0.0174479 0.0087963
0 0.290625 0.425231 0.00885417 0.0263889
0 0.338932 0.466435 0.0190104 0.0708333
0 0.355729 0.246296 0.0526042 0.103704
0 0.948307 0.0914352 0.0205729 0.0458333
0 0.413411 0.216667 0.0184896 0.037963
0 0.386719 0.423148 0.0166667 0.0324074
0 0.323828 0.403935 0.0231771 0.0125
0 0.91888 0.128009 0.0330729 0.0375
0 0.709245 0.793981 0.00651042 0.0194444
0 0.910417 0.159491 0.0203125 0.0282407
0 0.391406 0.216435 0.0552083 0.1375
0 0.31875 0.878704 0.0265625 0.0314815
0 0.378776 0.483102 0.0231771 0.0300926
0 0.340104 0.201389 0.0177083 0.0407407
0 0.910547 0.110185 0.0497396 0.0611111
0 0.29349 0.474306 0.0484375 0.145833
0 0.957292 0.162963 0.01875 0.0490741
0 0.534245 0.191898 0.0132813 0.0467593
0 0.329557 0.0162037 0.0132813 0.0324074
0 0.958724 0.0805556 0.0700521 0.0509259
0 0.510417 0.252546 0.015625 0.0226852
0 0.26263 0.41713 0.0575521 0.0944444
0 0.911198 0.202546 0.0286458 0.0143519
0 0.373698 0.232639 0.0223958 0.0236111
0 0.325521 0.446296 0.0416667 0.146296
0 0.38737 0.514583 0.0294271 0.0375
0 0.460026 0.0115741 0.00911458 0.0231481
0 0.276302 0.509491 0.0421875 0.0680556
0 0.663021 0.721991 0.00677083 0.0125
0 0.959115 0.0935185 0.0223958 0.00833333
0 0.964193 0.226157 0.0226563 0.0171296
0 0.992188 0.373611 0.015625 0.00925926
0 0.975911 0.185185 0.0481771 0.114815
0 0.491146 0.387269 0.0390625 0.108796
0 0.376823 0.225231 0.0135417 0.0125
0 0.71263 0.806481 0.00546875 0.0185185
0 0.997396 0.200694 0.00520833 0.0347222
0 0.372786 0.197454 0.0174479 0.0347222
0 0.944922 0.204398 0.0205729 0.0115741
0 0.901693 0.11713 0.0106771 0.0148148
0 0.952083 0.169907 0.0130208 0.0277778
0 0.334245 0.232407 0.0174479 0.0398148
0 0.510026 0.270139 0.0309896 0.0162037
0 0.335938 0.171759 0.0203125 0.0657407
0 0.965495 0.161806 0.0216146 0.074537
0 0.986719 0.196991 0.0265625 0.0671296
0 0.384635 0.500232 0.0130208 0.0189815
0 0.56888 0.255324 0.0122396 0.0356481
0 0.414583 0.132176 0.0223958 0.0421296
0 0.71224 0.798843 0.00625 0.0143519
0 0.237891 0.459954 0.0674479 0.0875
0 0.381771 0.196759 0.0161458 0.0277778
0 0.341536 0.271528 0.0539063 0.0810185
0 0.342448 0.402083 0.0140625 0.0402778
0 0.481771 0.251157 0.0145833 0.0421296
0 0.30599 0.473148 0.0213542 0.0287037
0 0.342708 0.408565 0.0239583 0.0356481
0 0.907812 0.149537 0.0197917 0.0638889
0 0.48099 0.0847222 0.0375 0.0740741
0 0.454427 0.225694 0.0166667 0.0523148
0 0.979167 0.159954 0.0416667 0.0597222
0 0.485026 0.108333 0.0346354 0.0240741
0 0.912891 0.152778 0.00807292 0.025
0 0.513151 0.271759 0.0476562 0.0990741
0 0.330859 0.452546 0.0174479 0.0384259
0 0.324219 0.243519 0.0697917 0.0731481
0 0.409635 0.189583 0.0307292 0.154167
0 0.996224 0.207639 0.00755208 0.0273148
0 0.426693 0.740972 0.0153646 0.0486111
0 0.264453 0.449537 0.00494792 0.0333333
0 0.490495 0.248148 0.0429688 0.137963
0 0.521875 0.148611 0.0104167 0.025
0 0.372005 0.144444 0.00859375 0.0361111
0 0.514583 0.21713 0.0177083 0.0194444
0 0.402083 0.158333 0.0192708 0.0157407
0 0.338021 0.402778 0.00729167 0.05
0 0.944531 0.0909722 0.0578125 0.0467593
0 0.438281 0.233333 0.0135417 0.0240741
0 0.342839 0.482639 0.00390625 0.0384259
0 0.380859 0.150694 0.0351562 0.0412037
0 0.365625 0.35 0.0151042 0.0231481
0 0.314193 0.396528 0.0434896 0.0763889
0 0.382161 0.418287 0.00911458 0.00972222
0 0.538672 0.164815 0.0747396 0.087963
0 0.94362 0.241435 0.0455729 0.0726852
0 0.689062 0.800463 0.00729167 0.0222222
0 0.459896 0.0171296 0.0140625 0.0212963
0 0.439193 0.734722 0.0148437 0.0157407
0 0.483203 0.321065 0.0132813 0.0365741
0 0.97474 0.139583 0.0505208 0.0532407
0 0.634766 0.452546 0.0138021 0.0300926
0 0.957552 0.157639 0.0364583 0.126389
0 0.458984 0.217824 0.0299479 0.0523148
0 0.540104 0.246065 0.0515625 0.175463
0 0.354688 0.444676 0.00729167 0.049537
0 0.485417 0.100926 0.0192708 0.0305556
0 0.344792 0.173843 0.0208333 0.0412037
0 0.283984 0.0240741 0.0127604 0.025
0 0.958854 0.315972 0.0140625 0.00787037
0 0.277214 0.19537 0.0127604 0.0324074
0 0.264714 0.443519 0.0117188 0.0333333
0 0.572526 0.256713 0.0320312 0.0115741
0 0.34388 0.230787 0.0111979 0.0662037
0 0.296354 0.516435 0.0203125 0.0726852
0 0.503125 0.217361 0.0151042 0.0189815
0 0.454948 0.152315 0.025 0.0333333
0 0.438672 0.240509 0.0195312 0.0347222
0 0.30638 0.459491 0.0122396 0.0328704
0 0.517708 0.267593 0.0145833 0.0564815
0 0.552995 0.208565 0.0138021 0.0282407
0 0.766927 0.275 0.0208333 0.0314815
0 0.978776 0.155093 0.0216146 0.0564815
0 0.376953 0.231944 0.0164062 0.012037
0 0.382292 0.425463 0.0130208 0.012963
0 0.289453 0.45162 0.0210938 0.0782407
0 0.567969 0.0238426 0.0166667 0.0439815
0 0.392839 0.366204 0.0450521 0.117593
0 0.0164062 0.0627315 0.0161458 0.0532407
0 0.338542 0.223148 0.0697917 0.0694444
0 0.343099 0.450463 0.0320312 0.17037
0 0.964193 0.233796 0.0190104 0.012963
0 0.783333 0.853241 0.0130208 0.0268519
0 0.980599 0.160648 0.0127604 0.0416667
0 0.443229 0.159259 0.0484375 0.0666667
0 0.923828 0.157407 0.0679687 0.0638889
0 0.571354 0.249769 0.0265625 0.0125
0 0.46849 0.259259 0.0182292 0.037963
0 0.292708 0.523148 0.025 0.0175926
0 0.691536 0.95463 0.0111979 0.0361111
0 0.906771 0.21713 0.0208333 0.037963
0 0.530729 0.256481 0.01875 0.0666667
0 0.914453 0.159028 0.0158854 0.0180556
0 0.269401 0.457407 0.0106771 0.0814815
0 0.50651 0.158565 0.0442708 0.138426
0 0.663672 0.728935 0.00911458 0.0106481
0 0.814323 0.736343 0.01875 0.0263889
0 0.244141 0.481019 0.0455729 0.0768519
0 0.482031 0.113194 0.0161458 0.0337963
0 0.99375 0.202778 0.0125 0.0287037
0 0.221224 0.47338 0.0106771 0.0597222
0 0.401823 0.455787 0.0166667 0.025463
0 0.289193 0.515741 0.0169271 0.0185185
0 0.406901 0.435648 0.0638021 0.101852
0 0.00716146 0.207639 0.0106771 0.0263889
0 0.708854 0.807407 0.00677083 0.0212963
0 0.389193 0.521991 0.0179687 0.0384259
0 0.935026 0.226389 0.0226563 0.0648148
0 0.417188 0.253472 0.028125 0.0587963
0 0.264323 0.471759 0.0234375 0.062963
0 0.981771 0.0752315 0.0364583 0.0828704
0 0.498437 0.172222 0.015625 0.0731481
0 0.469141 0.327315 0.0132813 0.0305556
0 0.898698 0.150463 0.0239583 0.0388889
0 0.923828 0.159028 0.0242187 0.0689815
0 0.960026 0.315972 0.0200521 0.0458333
0 0.448698 0.696991 0.0411458 0.0986111
0 0.960417 0.245602 0.0354167 0.0726852
0 0.293359 0.425 0.0231771 0.122222
0 0.325781 0.349769 0.00729167 0.0310185
0 0.991016 0.246065 0.0164062 0.0263889
0 0.953776 0.0928241 0.0195312 0.025463
0 0.259115 0.453472 0.0359375 0.0763889
0 0.319271 0.32662 0.0161458 0.0152778
0 0.364062 0.439815 0.0296875 0.0435185
0 0.260547 0.0333333 0.0221354 0.0231481
0 0.380729 0.367361 0.0255208 0.0291667
0 0.944792 0.312037 0.0208333 0.037963
0 0.445052 0.190741 0.0135417 0.0175926
0 0.39388 0.478935 0.0335938 0.0912037
0 0.311198 0.459259 0.01875 0.0481481
0 0.402734 0.208102 0.0205729 0.0300926
0 0.961849 0.0902778 0.0210938 0.0462963
0 0.525781 0.180787 0.0208333 0.0421296
0 0.926562 0.224537 0.0682292 0.0972222
0 0.458073 0.159954 0.0453125 0.0523148
0 0.940625 0.203472 0.0177083 0.025463
0 0.491146 0.372917 0.0520833 0.0550926
0 0.442448 0.245602 0.0427083 0.0930556
0 0.451302 0.708102 0.0125 0.0773148
0 0.80013 0.30463 0.0143229 0.0277778
0 0.260807 0.454861 0.0528646 0.116204
0 0.330599 0.350926 0.00755208 0.0277778
0 0.525911 0.262731 0.0200521 0.0263889
0 0.983984 0.144444 0.00859375 0.0333333
0 0.964193 0.162963 0.0611979 0.0787037
0 0.326302 0.446528 0.0151042 0.0208333
0 0.510807 0.212037 0.0518229 0.0861111
0 0.226432 0.466898 0.00755208 0.0430556
0 0.982943 0.243981 0.0341146 0.0935185
0 0.392708 0.459722 0.0723958 0.0925926
0 0.938151 0.728009 0.0143229 0.0449074
0 0.329297 0.338426 0.0440104 0.107407
0 0.992578 0.177546 0.0148437 0.00787037
0 0.375521 0.193287 0.0614583 0.0578704
0 0.914844 0.15787 0.0213542 0.0611111
0 0.342969 0.481944 0.0369792 0.0666667
0 0.972266 0.17338 0.0263021 0.0226852
0 0.226302 0.487963 0.0364583 0.0462963
0 0.308333 0.460185 0.0536458 0.0925926
0 0.888151 0.257639 0.0210938 0.0347222
0 0.221875 0.466898 0.00572917 0.0402778
0 0.338542 0.224537 0.0197917 0.0324074
0 0.995182 0.175463 0.00963542 0.0157407
0 0.48138 0.263194 0.0283854 0.0356481
0 0.410286 0.142824 0.0231771 0.0282407
0 0.991667 0.172454 0.0166667 0.0152778
0 0.292969 0.433796 0.0567708 0.0814815
0 0.959375 0.219907 0.0286458 0.087037
0 0.992578 0.0747685 0.0106771 0.0291667
0 0.901953 0.113426 0.0200521 0.012963
0 0.938281 0.135648 0.0619792 0.0546296
0 0.992708 0.209954 0.0109375 0.049537
0 0.421224 0.143981 0.0169271 0.0407407
0 0.91849 0.122222 0.028125 0.0194444
0 0.365104 0.127546 0.015625 0.0263889
0 0.389453 0.506481 0.0502604 0.109259
0 0.911979 0.209259 0.021875 0.0435185
0 0.562891 0.226389 0.0273438 0.0398148
0 0.342969 0.483102 0.0578125 0.118056
0 0.902995 0.124074 0.00963542 0.0203704
0 0.342578 0.397917 0.0445312 0.118056
0 0.376302 0.366435 0.0703125 0.0828704
0 0.340104 0.169213 0.0578125 0.0615741
0 0.447786 0.708333 0.0153646 0.0435185
0 0.289714 0.423148 0.0210938 0.0481481
0 0.326172 0.502546 0.0341146 0.113426
0 0.422786 0.247685 0.0544271 0.0981481
0 0.247135 0.482407 0.00885417 0.0462963
0 0.328125 0.342824 0.0119792 0.0736111
0 0.964323 0.225463 0.0161458 0.0657407
0 0.316406 0.878704 0.0171875 0.0194444
0 0.377604 0.222917 0.0567708 0.0958333
0 0.402474 0.448148 0.0195312 0.0638889
0 0.412109 0.212731 0.0200521 0.0773148
0 0.488672 0.311343 0.0596354 0.121759
0 0.994922 0.359954 0.0101562 0.0263889
0 0.290885 0.513194 0.0354167 0.0402778
0 0.490104 0.166204 0.0567708 0.0888889
0 0.459245 0.221991 0.0408854 0.106944
0 0.992057 0.363426 0.0158854 0.0166667
0 0.225781 0.472917 0.0119792 0.0671296
0 0.96224 0.223148 0.0682292 0.1
0 0.319922 0.408565 0.0273438 0.0217593
0 0.411849 0.216435 0.0533854 0.101389
0 0.417448 0.248843 0.0104167 0.0421296
0 0.529818 0.187037 0.0497396 0.100926
0 0.359896 0.446528 0.0109375 0.0291667
0 0.959896 0.314583 0.0739583 0.0643518
0 0.363932 0.136111 0.0205729 0.0305556
0 0.526693 0.255093 0.0486979 0.119444
0 0.476953 0.256481 0.0549479 0.0907407
0 0.376693 0.145833 0.0200521 0.0296296
0 0.380729 0.490509 0.0234375 0.0782407
0 0.310677 0.467593 0.0114583 0.0305556
0 0.305599 0.467824 0.00859375 0.024537
0 0.45599 0.15463 0.0421875 0.112037
0 0.423958 0.134028 0.0510417 0.0884259
0 0.377083 0.137731 0.0526042 0.0847222
0 0.994401 0.203935 0.0111979 0.025463
0 0.377344 0.231713 0.01875 0.0625
0 0.990234 0.0664352 0.0184896 0.049537
0 0.477344 0.105093 0.0203125 0.0425926
0 0.560547 0.220833 0.0518229 0.107407
0 0.361849 0.450926 0.0424479 0.124074
0 0.46849 0.319213 0.0203125 0.0337963
0 0.572135 0.246991 0.0171875 0.0486111
0 0.225521 0.47662 0.0385417 0.134722
0 0.322656 0.496759 0.0114583 0.0212963
0 0.552604 0.215046 0.0177083 0.0578704
0 0.945443 0.209028 0.0210938 0.0365741
0 0.480859 0.102315 0.0596354 0.0731481
0 0.486589 0.312269 0.0138021 0.0847222
0 0.381771 0.366204 0.0208333 0.0657407
0 0.290625 0.513657 0.0598958 0.0902778
0 0.255599 0.417824 0.0190104 0.0300926
0 0.991536 0.151852 0.0111979 0.037963
0 0.986458 0.151389 0.0171875 0.0324074
0 0.940625 0.0895833 0.0229167 0.0560185
0 0.986068 0.074537 0.0153646 0.037037
0 0.394271 0.512269 0.0213542 0.0578704
0 0.339974 0.400926 0.0158854 0.0703704
0 0.423698 0.141898 0.0192708 0.0773148
0 0.510547 0.267593 0.0169271 0.0509259
0 0.264323 0.446065 0.0166667 0.0791667
0 0.327604 0.497454 0.0125 0.0199074
0 0.993359 0.193056 0.0132813 0.0296296
0 0.344141 0.48125 0.0179687 0.0912037
0 0.934375 0.137963 0.0203125 0.025
0 0.344922 0.400926 0.0148437 0.0842593
0 0.461198 0.222917 0.0171875 0.0819444
0 0.288151 0.513889 0.0226563 0.0694444
0 0.935156 0.144907 0.0291667 0.0259259
0 0.973958 0.172685 0.0192708 0.0712963
0 0.924349 0.119676 0.0221354 0.0365741
0 0.906901 0.120833 0.0231771 0.0472222
0 0.990885 0.204167 0.00625 0.0351852
0 0.451823 0.149306 0.0208333 0.0689815
0 0.902865 0.121065 0.0260417 0.0236111
0 0.332943 0.348843 0.0148437 0.0736111
0 0.228646 0.468056 0.021875 0.0898148
0 0.477214 0.268287 0.0221354 0.0643518
0 0.444271 0.186806 0.0192708 0.0337963
0 0.513802 0.210185 0.0234375 0.0574074
0 0.565755 0.222917 0.0174479 0.0763889
0 0.249219 0.474074 0.021875 0.0805556
0 0.424089 0.245602 0.0205729 0.0847222
0 0.986328 0.233796 0.0247396 0.0537037
0 0.306901 0.466667 0.0190104 0.0731481
0 0.319661 0.403009 0.0216146 0.050463
0 0.986849 0.148843 0.0221354 0.0726852
0 0.376563 0.143287 0.0213542 0.075463
0 0.444271 0.238889 0.0223958 0.0490741
0 0.523958 0.266667 0.0255208 0.0777778
0 0.53125 0.178241 0.0208333 0.0675926
0 0.361198 0.440509 0.0197917 0.0791667
0 0.936068 0.136111 0.0231771 0.0592593
0 0.326953 0.498148 0.0226563 0.0564815
0 0.482422 0.100231 0.0216146 0.0708333
0 0.989714 0.202315 0.0205729 0.0435185
