0 0.510864 0.712037 0.0256348 0.0259259
0 0.513672 0.512269 0.00878906 0.0106481
0 0.471069 0.686343 0.010498 0.0087963
0 0.528687 0.687732 0.0314941 0.0282407
0 0.511475 0.734954 0.0136719 0.0291667
0 0.558838 0.616204 0.00537109 0.00740741
0 0.553589 0.582407 0.0427246 0.0277778
0 0.500854 0.395139 0.00854492 0.00787037
0 0.504639 0.6125 0.00927734 0.00833333
0 0.456787 0.481944 0.0351562 0.037963
0 0.587036 0.575926 0.0334473 0.087037
0 0.570801 0.672454 0.0610352 0.0430556
0 0.469849 0.718518 0.00708008 0.0194444
0 0.47998 0.399537 0.00585938 0.00740741
0 0.489868 0.381019 0.013916 0.0212963
0 0.56604 0.481713 0.0373535 0.0430556
0 0.542603 0.518981 0.0119629 0.00648148
0 0.586304 0.616204 0.0109863 0.0305556
0 0.484741 0.432176 0.00610352 0.00787037
0 0.55481 0.505093 0.00463867 0.00740741
0 0.4375 0.630787 0.00488281 0.00694444
0 0.546631 0.559722 0.0112305 0.0175926
0 0.305542 0.117824 0.0168457 0.049537
0 0.530396 0.469213 0.0090332 0.00509259
0 0.457031 0.679861 0.0112305 0.0171296
0 0.542114 0.561111 0.0090332 0.00648148
0 0.521729 0.536111 0.00537109 0.012037
0 0.617065 0.455093 0.00268555 0.0148148
0 0.549438 0.560417 0.0334473 0.0180556
0 0.457397 0.727315 0.020752 0.0231481
0 0.467285 0.556481 0.0131836 0.0194444
0 0.500977 0.461343 0.0078125 0.00416667
0 0.334961 0.127315 0.0327148 0.00925926
0 0.547607 0.601157 0.00830078 0.0189815
0 0.518799 0.662037 0.00634766 0.00833333
0 0.488647 0.485648 0.0065918 0.00925926
0 0.53186 0.525 0.0202637 0.0212963
0 0.491333 0.436343 0.0300293 0.0189815
0 0.559204 0.458333 0.00708008 0.00555556
0 0.600464 0.541435 0.017334 0.0236111
0 0.492798 0.446296 0.0192871 0.012963
0 0.51355 0.407639 0.0090332 0.00324074
0 0.538086 0.58912 0.00390625 0.00324074
0 0.395264 0.70162 0.0512695 0.0634259
0 0.42749 0.512731 0.0263672 0.0337963
0 0.450928 0.46713 0.00732422 0.0101852
0 0.566528 0.346528 0.00610352 0.0180556
0 0.467163 0.487269 0.00805664 0.0087963
0 0.517456 0.512963 0.00708008 0.0175926
0 0.454346 0.644676 0.00683594 0.00509259
0 0.500488 0.559954 0.00537109 0.00972222
0 0.534302 0.469444 0.00561523 0.0148148
0 0.546265 0.490741 0.0310059 0.0296296
0 0.550781 0.583333 0.0131836 0.012963
0 0.517212 0.422454 0.00708008 0.00694444
0 0.530396 0.507639 0.00805664 0.00694444
0 0.49231 0.652083 0.00708008 0.00972222
0 0.445312 0.657176 0.0263672 0.0263889
0 0.479614 0.505787 0.00561523 0.00972222
0 0.521362 0.439815 0.048584 0.0435185
0 0.459473 0.645602 0.0102539 0.0143519
0 0.471436 0.556944 0.00537109 0.00740741
0 0.562744 0.480093 0.00976562 0.0175926
0 0.526001 0.422454 0.00708008 0.00509259
0 0.494385 0.487269 0.0117188 0.0402778
0 0.517212 0.453472 0.00463867 0.00694444
0 0.565063 0.506713 0.010498 0.0152778
0 0.584595 0.52037 0.00561523 0.0138889
0 0.874512 0.28588 0.0258789 0.099537
0 0.455078 0.682407 0.00830078 0.00740741
0 0.511108 0.512037 0.0158691 0.0361111
0 0.475342 0.511343 0.00634766 0.0087963
0 0.483887 0.597917 0.00927734 0.00972222
0 0.520752 0.541204 0.00585938 0.0111111
0 0.533325 0.593518 0.0134277 0.0185185
0 0.58374 0.526157 0.00683594 0.0199074
0 0.409424 0.731019 0.043457 0.0935185
0 0.565308 0.398148 0.010498 0.00833333
0 0.56665 0.470139 0.00634766 0.00509259
0 0.563477 0.509722 0.0078125 0.00833333
0 0.624146 0.468981 0.0441895 0.0240741
0 0.480347 0.634722 0.0100098 0.012963
0 0.508301 0.439352 0.00488281 0.0037037
0 0.625488 0.447454 0.00341797 0.0115741
0 0.48938 0.63125 0.00854492 0.0162037
0 0.493164 0.452315 0.00537109 0.0037037
0 0.550537 0.533796 0.00927734 0.012963
0 0.271729 0.404167 0.0107422 0.00740741
0 0.505127 0.430093 0.00830078 0.00555556
0 0.496216 0.411111 0.00805664 0.00462963
0 0.525757 0.588889 0.00708008 0.012963
0 0.449951 0.658333 0.00488281 0.00462963
0 0.54187 0.583102 0.00854492 0.00416667
0 0.414062 0.610417 0.0131836 0.0476852
0 0.0255127 0.100926 0.0129395 0.0259259
0 0.558838 0.635648 0.0375977 0.0907407
0 0.504028 0.508796 0.0090332 0.00555556
0 0.574585 0.511111 0.00512695 0.00277778
0 0.583374 0.47963 0.0065918 0.0111111
0 0.542236 0.566435 0.00732422 0.0115741
0 0.502197 0.62037 0.0117188 0.0203704
0 0.518311 0.33287 0.00292969 0.0268519
0 0.498779 0.722917 0.00537109 0.0236111
0 0.517578 0.403241 0.00292969 0.0111111
0 0.488892 0.408102 0.00805664 0.00601852
0 0.572388 0.403009 0.00415039 0.0143519
0 0.498901 0.591898 0.0163574 0.0226852
0 0.474121 0.698611 0.0302734 0.0259259
0 0.436646 0.538426 0.0109863 0.0472222
0 0.459106 0.481019 0.0100098 0.0194444
0 0.490479 0.725 0.0195312 0.0314815
0 0.488159 0.507639 0.00854492 0.0106481
0 0.576904 0.389583 0.00732422 0.0125
0 0.559082 0.593056 0.0249023 0.0333333
0 0.467651 0.684028 0.00952148 0.0087963
0 0.492188 0.646991 0.0102539 0.0115741
0 0.530396 0.598843 0.00561523 0.0162037
0 0.550659 0.464815 0.00415039 0.0185185
0 0.480713 0.586343 0.0209961 0.0263889
0 0.721313 0.750926 0.0124512 0.0175926
0 0.632446 0.461574 0.0437012 0.0259259
0 0.430176 0.710417 0.00830078 0.00694444
0 0.483521 0.580787 0.00512695 0.00787037
0 0.538452 0.605556 0.010498 0.0166667
0 0.486694 0.601389 0.0310059 0.0222222
0 0.528076 0.582639 0.00830078 0.025463
0 0.430054 0.605093 0.00952148 0.0361111
0 0.467651 0.658796 0.0148926 0.0462963
0 0.542114 0.58912 0.00854492 0.00509259
0 0.49231 0.446296 0.00805664 0.00833333
0 0.516846 0.520139 0.00634766 0.00972222
0 0.456909 0.710417 0.010498 0.024537
0 0.53833 0.410648 0.00585938 0.012963
0 0.585571 0.318519 0.0192871 0.025
0 0.509399 0.662963 0.00756836 0.012037
0 0.476074 0.765046 0.0078125 0.0087963
0 0.57019 0.630787 0.0129395 0.0189815
0 0.941772 0.325694 0.0227051 0.0273148
0 0.45874 0.605787 0.00830078 0.0087963
0 0.429077 0.594213 0.0148926 0.0263889
0 0.55957 0.450926 0.0107422 0.0111111
0 0.588257 0.454398 0.00805664 0.0125
0 0.538452 0.524537 0.010498 0.00925926
0 0.492554 0.501852 0.0065918 0.0111111
0 0.424805 0.667593 0.0454102 0.0842593
0 0.449707 0.567361 0.0131836 0.0291667
0 0.540527 0.402778 0.0249023 0.0351852
0 0.477295 0.609491 0.0195312 0.0143519
0 0.539795 0.575231 0.0175781 0.10787
0 0.510742 0.405093 0.0229492 0.0342593
0 0.546265 0.402083 0.00366211 0.0217593
0 0.444336 0.686574 0.00634766 0.0148148
0 0.484009 0.518056 0.00756836 0.012963
0 0.532837 0.571065 0.0114746 0.024537
0 0.442383 0.661806 0.0107422 0.0162037
0 0.496704 0.678472 0.00610352 0.0162037
0 0.496216 0.605556 0.00854492 0.00925926
0 0.608887 0.463889 0.0078125 0.00925926
0 0.547363 0.593056 0.00732422 0.012037
0 0.560669 0.609722 0.0065918 0.0185185
0 0.542969 0.596065 0.0078125 0.00787037
0 0.517212 0.623148 0.00317383 0.0111111
0 0.484497 0.627083 0.00854492 0.0115741
0 0.508301 0.614815 0.00732422 0.0111111
0 0.571045 0.545602 0.00537109 0.0106481
0 0.511719 0.727546 0.0244141 0.0152778
0 0.553467 0.584259 0.0146484 0.0268519
0 0.523193 0.672917 0.0258789 0.0226852
0 0.546265 0.661574 0.00854492 0.0111111
0 0.531128 0.449769 0.013916 0.0356481
0 0.419922 0.729398 0.0209961 0.0356481
0 0.442627 0.699769 0.00732422 0.00509259
0 0.537964 0.614352 0.010498 0.00833333
0 0.47583 0.690741 0.00732422 0.00740741
0 0.566772 0.496528 0.00805664 0.00972222
0 0.475464 0.684722 0.00756836 0.0101852
0 0.533936 0.40787 0.00732422 0.00648148
0 0.569946 0.463657 0.0100098 0.0162037
0 0.446289 0.464352 0.00878906 0.00648148
0 0.578979 0.524537 0.00610352 0.00462963
0 0.494385 0.534722 0.0146484 0.0398148
0 0.348511 0.569907 0.00756836 0.0296296
0 0.613037 0.472685 0.00537109 0.0111111
0 0.447266 0.487963 0.0385742 0.0638889
0 0.572021 0.500694 0.00830078 0.00416667
0 0.45459 0.434028 0.00341797 0.0199074
0 0.45813 0.619907 0.0158691 0.0342593
0 0.546997 0.567361 0.00756836 0.0115741
0 0.207642 0.0587963 0.0065918 0.0212963
0 0.5177 0.652546 0.00952148 0.0125
0 0.509155 0.581713 0.0100098 0.0152778
0 0.433472 0.734028 0.00463867 0.0125
0 0.471069 0.550694 0.0090332 0.0125
0 0.462402 0.648843 0.027832 0.0162037
0 0.446533 0.471759 0.00537109 0.00462963
0 0.504272 0.503472 0.0065918 0.00972222
0 0.454468 0.578472 0.0119629 0.0412037
0 0.423706 0.664583 0.00512695 0.0449074
0 0.49939 0.59838 0.00952148 0.025463
0 0.938477 0.321065 0.0146484 0.0865741
0 0.474487 0.546065 0.00610352 0.0134259
0 0.559204 0.504167 0.0090332 0.0138889
0 0.485107 0.543056 0.0112305 0.0148148
0 0.492188 0.466435 0.00634766 0.0087963
0 0.600098 0.471296 0.00341797 0.00740741
0 0.487793 0.536574 0.0107422 0.0148148
0 0.454834 0.428472 0.00488281 0.0152778
0 0.550415 0.683796 0.0134277 0.0203704
0 0.512695 0.400463 0.00195312 0.012037
0 0.462769 0.526852 0.010498 0.012037
0 0.506104 0.670602 0.0214844 0.0319444
0 0.495972 0.6125 0.00756836 0.00648148
0 0.457642 0.569444 0.0158691 0.127778
0 0.450195 0.625463 0.0112305 0.0490741
0 0.466553 0.430787 0.00292969 0.0125
0 0.445923 0.725694 0.00561523 0.0143519
0 0.580078 0.382639 0.00585938 0.0263889
0 0.503784 0.395833 0.00952148 0.0166667
0 0.49231 0.509954 0.00512695 0.00972222
0 0.562988 0.486111 0.00537109 0.0111111
0 0.507935 0.427315 0.00756836 0.0157407
0 0.40979 0.640046 0.041748 0.0680556
0 0.526001 0.548611 0.010498 0.00277778
0 0.47522 0.403009 0.00415039 0.0115741
0 0.522705 0.71412 0.0107422 0.0189815
0 0.550049 0.668519 0.0561523 0.0731481
0 0.600708 0.500694 0.0114746 0.0162037
0 0.598999 0.56875 0.0158691 0.0365741
0 0.457642 0.602546 0.00952148 0.0375
0 0.592163 0.315741 0.00366211 0.0203704
0 0.522583 0.333333 0.0529785 0.0351852
0 0.553223 0.553935 0.00927734 0.0421296
0 0.435425 0.671759 0.013916 0.0314815
0 0.495117 0.543056 0.0341797 0.0564815
0 0.442017 0.692361 0.00756836 0.00601852
0 0.567627 0.406019 0.00488281 0.00740741
0 0.480225 0.541667 0.0136719 0.0101852
0 0.579468 0.463889 0.00415039 0.0148148
0 0.452026 0.481481 0.00854492 0.0175926
0 0.467285 0.731944 0.00732422 0.0101852
0 0.482788 0.408565 0.00610352 0.00787037
0 0.47937 0.692824 0.00610352 0.0115741
0 0.537109 0.507176 0.00976562 0.0143519
0 0.5 0.716667 0.00341797 0.0175926
0 0.479736 0.549537 0.0107422 0.0138889
0 0.516968 0.58125 0.00610352 0.0125
0 0.510864 0.657639 0.0119629 0.0199074
0 0.529419 0.66713 0.00512695 0.0148148
0 0.542236 0.478935 0.00634766 0.0152778
0 0.476318 0.759028 0.00732422 0.0115741
0 0.479492 0.733333 0.00341797 0.0138889
0 0.523071 0.721991 0.0163574 0.0208333
0 0.547974 0.615972 0.0129395 0.0310185
0 0.484009 0.605556 0.00952148 0.012037
0 0.411865 0.665741 0.0419922 0.0388889
0 0.495239 0.668287 0.00366211 0.0236111
0 0.551758 0.434722 0.0136719 0.0555556
0 0.491455 0.403472 0.00634766 0.0134259
0 0.532837 0.560417 0.0236816 0.0291667
0 0.503906 0.589352 0.00683594 0.00740741
0 0.516724 0.41088 0.00610352 0.0143519
0 0.517334 0.47338 0.00341797 0.00972222
0 0.487061 0.624074 0.0297852 0.0296296
0 0.438599 0.528704 0.00952148 0.0212963
0 0.483521 0.574769 0.00756836 0.0180556
0 0.525391 0.595833 0.00634766 0.00833333
0 0.537964 0.575231 0.0163574 0.0208333
0 0.727417 0.957639 0.0124512 0.0087963
0 0.528931 0.43125 0.00366211 0.00787037
0 0.409424 0.614815 0.0541992 0.0574074
0 0.554199 0.55 0.00732422 0.00925926
0 0.492432 0.521991 0.0161133 0.024537
0 0.563599 0.516435 0.0100098 0.00509259
0 0.534058 0.630324 0.010498 0.00972222
0 0.518311 0.322685 0.00927734 0.0333333
0 0.486572 0.609954 0.0366211 0.0208333
0 0.50061 0.409028 0.00708008 0.0087963
0 0.545776 0.53912 0.0217285 0.0180556
0 0.573242 0.515972 0.0214844 0.0087963
0 0.479126 0.678704 0.0065918 0.0111111
0 0.579468 0.515046 0.0368652 0.0319444
0 0.449829 0.593518 0.0197754 0.0175926
0 0.569092 0.505787 0.0107422 0.0384259
0 0.538452 0.671296 0.00317383 0.0509259
0 0.553833 0.537037 0.0310059 0.0231481
0 0.479126 0.684259 0.0065918 0.00833333
0 0.546753 0.623148 0.0090332 0.0194444
0 0.490479 0.544907 0.0136719 0.0277778
0 0.45813 0.626852 0.0266113 0.0490741
0 0.587524 0.314352 0.00415039 0.012037
0 0.479614 0.556019 0.0090332 0.0203704
0 0.47522 0.477315 0.0090332 0.00833333
0 0.549927 0.503009 0.00463867 0.0106481
0 0.117065 0.570833 0.0217285 0.0240741
0 0.540771 0.419676 0.0419922 0.0319444
0 0.477051 0.602315 0.0209961 0.0175926
0 0.520386 0.65787 0.026123 0.0101852
0 0.439819 0.655556 0.0109863 0.0407407
0 0.450562 0.43125 0.00317383 0.00787037
0 0.516724 0.447685 0.0065918 0.012037
0 0.451172 0.583333 0.00927734 0.0564815
0 0.529297 0.4875 0.00830078 0.012037
0 0.470215 0.676157 0.00634766 0.0282407
0 0.579834 0.516898 0.0078125 0.0143519
0 0.554443 0.509491 0.00634766 0.0125
0 0.525146 0.504167 0.00634766 0.012037
0 0.513062 0.579861 0.00952148 0.00324074
0 0.483154 0.402315 0.00439453 0.0148148
0 0.558838 0.463426 0.00878906 0.00833333
0 0.477539 0.471296 0.00439453 0.025
0 0.525269 0.498148 0.00805664 0.00462963
0 0.588013 0.460648 0.0065918 0.00648148
0 0.446167 0.734491 0.00512695 0.0087963
0 0.56665 0.541667 0.00537109 0.00833333
0 0.529663 0.542593 0.00854492 0.012963
0 0.527466 0.561574 0.0241699 0.012037
0 0.513916 0.633565 0.0205078 0.0578704
0 0.599243 0.609722 0.0246582 0.0324074
0 0.492065 0.471759 0.00317383 0.00555556
0 0.508545 0.721991 0.0170898 0.0217593
0 0.533081 0.478472 0.00610352 0.00509259
0 0.454224 0.666435 0.0275879 0.0217593
0 0.587891 0.490046 0.00634766 0.00787037
0 0.566284 0.353935 0.00463867 0.0217593
0 0.487549 0.569213 0.00976562 0.0291667
0 0.521606 0.50162 0.00952148 0.00509259
0 0.467896 0.725463 0.0065918 0.0138889
0 0.521362 0.494213 0.00756836 0.00787037
0 0.43103 0.70625 0.00952148 0.0134259
0 0.56189 0.48287 0.0202637 0.0324074
0 0.497803 0.577546 0.0239258 0.0263889
0 0.532715 0.51713 0.00390625 0.00740741
0 0.450195 0.65162 0.00585938 0.0106481
0 0.562744 0.464352 0.0102539 0.0101852
0 0.422119 0.588657 0.0126953 0.0263889
0 0.12439 0.499074 0.0158691 0.0212963
0 0.620605 0.464815 0.00878906 0.0740741
0 0.491089 0.537963 0.0266113 0.012037
0 0.569214 0.394907 0.0217285 0.0175926
0 0.564331 0.674537 0.00805664 0.0305556
0 0.555664 0.449537 0.0161133 0.0212963
0 0.410522 0.745602 0.013916 0.0282407
0 0.587524 0.543287 0.0109863 0.0226852
0 0.484375 0.634722 0.00537109 0.0157407
0 0.5 0.582639 0.00830078 0.0106481
0 0.562256 0.453935 0.0444336 0.0375
0 0.450562 0.401157 0.010498 0.0439815
0 0.462402 0.60787 0.0258789 0.0166667
0 0.569702 0.679167 0.0124512 0.0212963
0 0.591919 0.494213 0.0065918 0.0162037
0 0.494995 0.562037 0.00463867 0.0453704
0 0.492065 0.634954 0.0222168 0.0087963
0 0.519897 0.425231 0.0114746 0.0171296
0 0.608398 0.471991 0.00537109 0.00601852
0 0.474731 0.50463 0.00854492 0.00925926
0 0.566162 0.547222 0.0209961 0.0333333
0 0.506104 0.487963 0.0141602 0.025
0 0.563354 0.578935 0.0163574 0.0208333
0 0.482788 0.646991 0.0183105 0.0291667
0 0.532959 0.510417 0.00585938 0.0143519
0 0.46936 0.616898 0.0197754 0.0291667
0 0.451538 0.744907 0.0134277 0.0287037
0 0.576904 0.608333 0.0258789 0.0324074
0 0.505127 0.501389 0.015625 0.0166667
0 0.593384 0.304167 0.0358887 0.0490741
0 0.5177 0.430787 0.0090332 0.0087963
0 0.985596 0.380556 0.0288086 0.0342593
0 0.458252 0.59838 0.00927734 0.0152778
0 0.537231 0.581944 0.00854492 0.00833333
0 0.583984 0.47338 0.0219727 0.0273148
0 0.478394 0.727778 0.0144043 0.0101852
0 0.486084 0.536806 0.0185547 0.0282407
0 0.599609 0.463426 0.00537109 0.0175926
0 0.489136 0.0918982 0.0100098 0.00972222
0 0.50415 0.58125 0.00927734 0.0106481
0 0.466797 0.424769 0.00292969 0.0152778
0 0.496338 0.580556 0.00976562 0.00925926
0 0.533081 0.471759 0.00512695 0.00925926
0 0.574829 0.406944 0.013916 0.0148148
0 0.549438 0.509028 0.0065918 0.0384259
0 0.550049 0.603009 0.0253906 0.0171296
0 0.433838 0.483333 0.015625 0.0537037
0 0.542725 0.621528 0.00976562 0.0125
0 0.53772 0.587269 0.0158691 0.0328704
0 0.499756 0.431944 0.0078125 0.0148148
0 0.445435 0.665278 0.0236816 0.0148148
0 0.454956 0.478472 0.00805664 0.0152778
0 0.50061 0.401157 0.0065918 0.0134259
0 0.511475 0.424769 0.00683594 0.0236111
0 0.454712 0.692824 0.00854492 0.00972222
0 0.558105 0.511574 0.00830078 0.012037
0 0.475098 0.439815 0.00292969 0.0101852
0 0.470947 0.525694 0.00537109 0.00694444
0 0.56958 0.456713 0.00878906 0.0115741
0 0.589722 0.61088 0.0187988 0.0300926
0 0.562866 0.496065 0.00610352 0.0115741
0 0.627808 0.440046 0.010498 0.0458333
0 0.519775 0.540046 0.00292969 0.0337963
0 0.577148 0.47662 0.0239258 0.0319444
0 0.776733 0.263194 0.0212402 0.0328704
0 0.490479 0.508565 0.00244141 0.0171296
0 0.554321 0.408796 0.00610352 0.012037
0 0.558594 0.470139 0.00537109 0.0134259
0 0.50415 0.453935 0.00585938 0.0087963
0 0.519897 0.427546 0.0339355 0.025463
0 0.562988 0.471296 0.00634766 0.0268519
0 0.568359 0.664583 0.0112305 0.0513889
0 0.483154 0.443981 0.00732422 0.0351852
0 0.577881 0.429398 0.00488281 0.0134259
0 0.484985 0.39375 0.0090332 0.0337963
0 0.336304 0.126157 0.0212402 0.0208333
0 0.453613 0.647454 0.00878906 0.0208333
0 0.420776 0.705324 0.0397949 0.0875
0 0.519165 0.442824 0.0158691 0.0189815
0 0.491455 0.409722 0.00585938 0.0111111
0 0.540039 0.599769 0.0136719 0.0384259
0 0.592896 0.310648 0.0148926 0.0166667
0 0.421997 0.611111 0.0114746 0.0203704
0 0.456909 0.670833 0.0148926 0.0333333
0 0.566528 0.463426 0.00756836 0.012037
0 0.508545 0.593518 0.0366211 0.0259259
0 0.528809 0.424769 0.00488281 0.0152778
0 0.337158 0.134491 0.0224609 0.0199074
0 0.52478 0.488194 0.00854492 0.00972222
0 0.452026 0.734722 0.010498 0.0333333
0 0.46167 0.571528 0.00585938 0.0199074
0 0.58313 0.488194 0.0065918 0.0125
0 0.566772 0.51088 0.00610352 0.0162037
0 0.470459 0.518981 0.0078125 0.0111111
0 0.210205 0.0585648 0.0146484 0.0300926
0 0.504028 0.4625 0.00610352 0.0111111
0 0.541504 0.641667 0.0292969 0.0296296
0 0.574585 0.50162 0.00561523 0.0115741
0 0.521118 0.457639 0.0432129 0.0328704
0 0.432007 0.742593 0.0256348 0.0222222
0 0.529175 0.551852 0.00561523 0.0148148
0 0.496094 0.45463 0.00634766 0.0111111
0 0.56665 0.400694 0.00585938 0.0152778
0 0.475098 0.409954 0.00292969 0.0106481
0 0.520142 0.433102 0.00854492 0.0199074
0 0.44458 0.578241 0.0136719 0.0314815
0 0.566895 0.518287 0.00585938 0.0125
0 0.477783 0.489352 0.0258789 0.0240741
0 0.453979 0.696065 0.0378418 0.0356481
0 0.496216 0.447222 0.00756836 0.0185185
0 0.409058 0.660648 0.0158691 0.0472222
0 0.408081 0.721296 0.0388184 0.0222222
0 0.588135 0.563426 0.0209961 0.037037
0 0.625 0.45463 0.0483398 0.0481481
0 0.44104 0.66412 0.0256348 0.024537
0 0.414307 0.744213 0.0117188 0.0106481
0 0.603271 0.456713 0.00732422 0.0273148
0 0.474731 0.43287 0.00366211 0.0138889
0 0.626099 0.461806 0.0090332 0.0393519
0 0.515503 0.578241 0.0124512 0.0175926
0 0.579346 0.497917 0.0102539 0.0171296
0 0.520386 0.588194 0.0187988 0.0236111
0 0.446289 0.415046 0.00341797 0.0236111
0 0.545654 0.553241 0.0249023 0.0157407
0 0.486084 0.71412 0.0107422 0.0236111
0 0.414307 0.73588 0.00585938 0.0273148
0 0.57373 0.428009 0.0117188 0.0263889
0 0.549927 0.59537 0.0178223 0.0222222
0 0.987915 0.375694 0.0197754 0.0449074
0 0.491333 0.562963 0.00708008 0.0212963
0 0.620728 0.447454 0.0148926 0.0532407
0 0.548706 0.671065 0.013916 0.0356481
0 0.633667 0.45463 0.00463867 0.00925926
0 0.535645 0.402778 0.00634766 0.0314815
0 0.586914 0.531482 0.0415039 0.0351852
0 0.537231 0.672454 0.00463867 0.0152778
0 0.543823 0.631019 0.0153809 0.0268519
0 0.587402 0.522685 0.0117188 0.0203704
0 0.569458 0.350926 0.00561523 0.0111111
0 0.402344 0.659259 0.0141602 0.037037
0 0.569702 0.536343 0.00415039 0.0347222
0 0.482666 0.633796 0.0126953 0.0398148
0 0.420166 0.648843 0.0224609 0.0236111
0 0.523926 0.43588 0.0273438 0.0263889
0 0.439453 0.752083 0.0205078 0.0328704
0 0.478516 0.665278 0.0219727 0.0361111
0 0.515259 0.615741 0.0231934 0.0435185
0 0.508667 0.513194 0.0383301 0.0393519
0 0.478149 0.679398 0.0119629 0.0402778
0 0.548828 0.394907 0.0146484 0.0259259
0 0.582764 0.458102 0.00244141 0.0134259
0 0.518677 0.721296 0.0114746 0.037037
0 0.541748 0.671296 0.0239258 0.012037
0 0.542358 0.413657 0.0148926 0.0393519
0 0.494995 0.649769 0.0168457 0.0208333
0 0.427002 0.706481 0.00683594 0.0157407
0 0.458374 0.505093 0.0241699 0.0314815
0 0.487061 0.513657 0.0195312 0.0347222
0 0.499878 0.440278 0.00854492 0.0194444
0 0.509277 0.624537 0.0175781 0.037037
0 0.573364 0.587037 0.00561523 0.0231481
0 0.475098 0.413657 0.00488281 0.0291667
0 0.504761 0.727546 0.0134277 0.0300926
0 0.503174 0.713426 0.00537109 0.025
0 0.48584 0.676157 0.012207 0.0449074
0 0.496948 0.688889 0.0124512 0.0416667
0 0.559814 0.447917 0.0141602 0.0300926
0 0.520508 0.40625 0.0205078 0.024537
0 0.453613 0.658333 0.0166016 0.0175926
0 0.616821 0.477083 0.017334 0.0319444
0 0.562256 0.555093 0.00585938 0.0175926
0 0.453369 0.469213 0.0078125 0.0171296
0 0.508545 0.46713 0.0273438 0.0166667
0 0.566406 0.498843 0.0341797 0.0189815
0 0.528687 0.507407 0.0192871 0.0166667
0 0.503174 0.553009 0.012207 0.0773148
0 0.414795 0.752778 0.0209961 0.0333333
0 0.458496 0.647454 0.027832 0.0375
0 0.57019 0.358565 0.0114746 0.0152778
0 0.449219 0.524074 0.0195312 0.0185185
0 0.475464 0.529861 0.0280762 0.024537
0 0.50769 0.459954 0.0197754 0.0152778
0 0.503052 0.547685 0.0197754 0.0212963
0 0.545654 0.575694 0.0288086 0.0282407
0 0.483887 0.744213 0.0117188 0.0300926
0 0.595703 0.490046 0.00927734 0.0550926
0 0.55188 0.534954 0.0163574 0.0347222
0 0.46875 0.483796 0.0112305 0.0240741
0 0.497192 0.553935 0.00561523 0.0402778
0 0.44104 0.603704 0.0144043 0.0194444
0 0.490723 0.713889 0.00683594 0.0166667
0 0.460205 0.489583 0.0102539 0.0430556
0 0.545776 0.522685 0.0100098 0.0277778
0 0.57666 0.603935 0.0117188 0.0476852
0 0.545288 0.625 0.029541 0.0222222
0 0.461548 0.5 0.00805664 0.0185185
0 0.491577 0.569676 0.00561523 0.024537
0 0.545288 0.475 0.0129395 0.0277778
0 0.561768 0.656944 0.0141602 0.0435185
0 0.536255 0.622917 0.0129395 0.0236111
0 0.42981 0.507639 0.0090332 0.0236111
0 0.422729 0.585417 0.0227051 0.0615741
0 0.451538 0.473148 0.0114746 0.0490741
0 0.483521 0.405324 0.0158691 0.0300926
0 0.473877 0.40463 0.012207 0.0185185
0 0.482422 0.522917 0.00585938 0.0273148
0 0.456787 0.690972 0.0131836 0.0180556
0 0.48291 0.470139 0.00292969 0.0236111
0 0.58667 0.602315 0.0180664 0.0314815
0 0.479614 0.44375 0.0256348 0.0236111
0 0.519653 0.413889 0.0402832 0.0388889
0 0.573975 0.673611 0.0146484 0.0277778
0 0.579468 0.64213 0.0251465 0.0259259
0 0.553711 0.496991 0.0078125 0.0319444
0 0.519653 0.394907 0.0144043 0.0277778
0 0.533447 0.434722 0.0229492 0.0305556
0 0.536987 0.562037 0.0065918 0.0231481
0 0.457642 0.727083 0.0100098 0.0393519
0 0.54126 0.554861 0.0107422 0.0162037
0 0.473633 0.696065 0.0141602 0.0300926
0 0.615845 0.458796 0.00512695 0.0472222
0 0.473267 0.599306 0.0212402 0.0337963
0 0.408447 0.665278 0.0253906 0.0287037
0 0.503784 0.413426 0.029541 0.0305556
0 0.537231 0.466435 0.010498 0.0513889
0 0.429688 0.712037 0.0136719 0.0259259
0 0.594849 0.531018 0.0158691 0.0203704
0 0.432373 0.513426 0.00927734 0.0361111
0 0.48645 0.601852 0.0144043 0.0305556
0 0.556396 0.405556 0.00390625 0.012963
0 0.420166 0.615972 0.0175781 0.0384259
0 0.46167 0.601157 0.0214844 0.0087963
0 0.586182 0.484259 0.0102539 0.0175926
0 0.430664 0.655324 0.012207 0.0282407
0 0.445557 0.540741 0.0141602 0.0138889
0 0.459106 0.54838 0.0212402 0.0208333
0 0.470703 0.737269 0.0263672 0.0236111
0 0.577881 0.468287 0.00195312 0.0087963
0 0.624634 0.450231 0.00366211 0.0384259
0 0.499634 0.587269 0.0270996 0.0143519
0 0.436768 0.490509 0.0263672 0.0347222
0 0.511719 0.610417 0.00634766 0.0273148
0 0.490723 0.690278 0.0170898 0.0240741
0 0.507812 0.586343 0.0249023 0.0199074
0 0.562012 0.609259 0.0131836 0.037037
0 0.461914 0.579398 0.0268555 0.0208333
0 0.456787 0.736806 0.0224609 0.0189815
0 0.562866 0.437963 0.0183105 0.0259259
0 0.495483 0.451157 0.0354004 0.0189815
0 0.407349 0.713889 0.0153809 0.012037
0 0.48999 0.468519 0.00439453 0.0296296
0 0.532593 0.476389 0.0144043 0.0148148
0 0.524658 0.642593 0.0141602 0.0268519
0 0.431396 0.489352 0.0112305 0.0342593
0 0.442993 0.516435 0.013916 0.0217593
0 0.505981 0.39375 0.0187988 0.0365741
0 0.524048 0.689352 0.0114746 0.0240741
0 0.50647 0.53912 0.00415039 0.0300926
0 0.532837 0.515741 0.0129395 0.0157407
0 0.509033 0.608565 0.00830078 0.0421296
0 0.436035 0.63588 0.00683594 0.0291667
0 0.528809 0.427778 0.0117188 0.0240741
0 0.501831 0.538194 0.00366211 0.0375
0 0.398315 0.681944 0.00854492 0.0175926
0 0.579468 0.461806 0.0114746 0.0263889
0 0.393433 0.697685 0.0187988 0.0185185
0 0.482056 0.581019 0.00366211 0.0185185
0 0.519531 0.522685 0.015625 0.0277778
0 0.47168 0.761806 0.00390625 0.0273148
0 0.482178 0.727083 0.00341797 0.0282407
0 0.528687 0.543981 0.0109863 0.037037
0 0.570679 0.513426 0.0231934 0.0222222
0 0.570435 0.466204 0.0202637 0.0175926
0 0.583618 0.530093 0.0197754 0.0277778
0 0.575073 0.437731 0.00708008 0.0171296
0 0.474609 0.562963 0.0107422 0.0203704
0 0.533203 0.484491 0.0224609 0.025463
0 0.548706 0.566204 0.0187988 0.0537037
0 0.50354 0.461806 0.0153809 0.0273148
0 0.485229 0.438657 0.0090332 0.025463
0 0.571655 0.551852 0.0148926 0.037963
0 0.449341 0.699537 0.0119629 0.0157407
0 0.578613 0.587963 0.00634766 0.0194444
0 0.472656 0.769213 0.0146484 0.0532407
0 0.449097 0.577083 0.0134277 0.0236111
0 0.429443 0.549537 0.00976562 0.0212963
0 0.572632 0.635417 0.0168457 0.0384259
0 0.540771 0.530093 0.0136719 0.0185185
0 0.575073 0.507176 0.0124512 0.0162037
0 0.566895 0.522454 0.0209961 0.024537
0 0.518921 0.655556 0.0148926 0.0314815
0 0.399292 0.705787 0.0334473 0.0217593
0 0.498779 0.578472 0.012207 0.0430556
0 0.561646 0.458565 0.0119629 0.0365741
0 0.579834 0.396065 0.0078125 0.0310185
0 0.466309 0.52963 0.0209961 0.037037
0 0.45813 0.743287 0.029541 0.0236111
0 0.478027 0.737269 0.00244141 0.025463
0 0.587402 0.490278 0.0288086 0.0305556
0 0.495605 0.619676 0.0180664 0.0273148
0 0.516235 0.522917 0.00854492 0.0226852
0 0.457886 0.697454 0.0227051 0.0125
0 0.500366 0.450926 0.0158691 0.0185185
0 0.484497 0.0918982 0.00756836 0.0087963
0 0.529053 0.602083 0.0214844 0.0217593
0 0.55249 0.46088 0.00537109 0.0199074
0 0.40271 0.71412 0.00952148 0.0171296
0 0.456299 0.475231 0.012207 0.0319444
0 0.549316 0.411574 0.0200195 0.0240741
0 0.540649 0.4125 0.0100098 0.0175926
0 0.408325 0.680324 0.013916 0.0291667
0 0.432495 0.55463 0.0129395 0.0462963
0 0.540649 0.58588 0.0241699 0.0162037
0 0.508057 0.436806 0.00439453 0.0282407
0 0.598877 0.467824 0.00439453 0.0393519
0 0.574707 0.547685 0.00683594 0.0212963
0 0.412109 0.628241 0.0112305 0.0314815
0 0.50061 0.688889 0.0134277 0.0277778
0 0.402466 0.682407 0.010498 0.0231481
0 0.595947 0.506481 0.0175781 0.0277778
0 0.483032 0.67963 0.026123 0.0166667
0 0.507324 0.498148 0.0161133 0.037037
0 0.520386 0.451852 0.0217285 0.0185185
0 0.457031 0.491898 0.00488281 0.0365741
0 0.478149 0.435648 0.020752 0.0212963
0 0.42395 0.714352 0.00952148 0.0240741
0 0.524048 0.681481 0.0192871 0.0203704
0 0.520264 0.618056 0.0078125 0.0351852
0 0.470093 0.729861 0.0168457 0.0226852
0 0.495605 0.571065 0.015625 0.0226852
0 0.427612 0.587731 0.0251465 0.0337963
0 0.53772 0.521065 0.0183105 0.0263889
0 0.594849 0.31875 0.0090332 0.0143519
0 0.58252 0.385185 0.00732422 0.0138889
0 0.434937 0.505556 0.0148926 0.0333333
0 0.519653 0.514352 0.00463867 0.0240741
0 0.571289 0.412731 0.0209961 0.0291667
0 0.507324 0.505093 0.0268555 0.0268519
0 0.514893 0.335648 0.00390625 0.0222222
0 0.417603 0.740046 0.0168457 0.0782407
0 0.514648 0.450926 0.0180664 0.0407407
0 0.558594 0.545602 0.0146484 0.0587963
0 0.494751 0.402315 0.0109863 0.0287037
0 0.487915 0.528472 0.0241699 0.0282407
0 0.544922 0.404861 0.00439453 0.0236111
0 0.498779 0.550231 0.0151367 0.0421296
0 0.565186 0.359954 0.019043 0.0189815
0 0.470337 0.689352 0.0119629 0.0212963
0 0.578613 0.387963 0.0078125 0.0203704
0 0.487549 0.0979167 0.0180664 0.0208333
0 0.487915 0.585417 0.0183105 0.0291667
0 0.566284 0.406944 0.0153809 0.0444444
0 0.445435 0.744213 0.0236816 0.0337963
0 0.415771 0.633796 0.0126953 0.0444444
0 0.425171 0.659491 0.00854492 0.0217593
0 0.487915 0.722222 0.00561523 0.025
0 0.473145 0.555556 0.00537109 0.0157407
0 0.579346 0.436574 0.0166016 0.0138889
0 0.435181 0.604398 0.0153809 0.0217593
0 0.465454 0.430324 0.00512695 0.0217593
0 0.494507 0.561343 0.0222168 0.0449074
0 0.577393 0.58912 0.0180664 0.0310185
0 0.483398 0.688426 0.0209961 0.0296296
0 0.458252 0.554167 0.00341797 0.0453704
0 0.545166 0.675463 0.00390625 0.0324074
0 0.417847 0.611343 0.010498 0.0217593
0 0.528931 0.555556 0.00366211 0.0166667
0 0.479004 0.696759 0.0136719 0.0277778
0 0.50415 0.441667 0.0234375 0.0277778
0 0.49231 0.473843 0.00415039 0.0328704
0 0.494629 0.509259 0.00488281 0.0203704
0 0.474976 0.521296 0.020752 0.0185185
0 0.464844 0.632639 0.0175781 0.0337963
0 0.478516 0.505787 0.0258789 0.0143519
0 0.611938 0.465278 0.0134277 0.0287037
0 0.449219 0.583796 0.0175781 0.0212963
0 0.578613 0.514352 0.0205078 0.025
0 0.533936 0.67963 0.0185547 0.0324074
0 0.537109 0.474306 0.015625 0.0291667
0 0.524048 0.546065 0.0236816 0.0291667
0 0.414307 0.646991 0.0239258 0.0328704
0 0.491943 0.722222 0.0136719 0.0194444
0 0.447144 0.619907 0.0109863 0.0333333
0 0.400391 0.688426 0.0170898 0.037037
0 0.503296 0.547222 0.00952148 0.0333333
0 0.411011 0.677546 0.0251465 0.0486111
0 0.569702 0.394676 0.00756836 0.0476852
0 0.427246 0.666204 0.0117188 0.0296296
0 0.49939 0.610417 0.0158691 0.0300926
0 0.479004 0.475231 0.0102539 0.0550926
0 0.630371 0.459491 0.012207 0.0430556
0 0.565796 0.579167 0.00170898 0.0287037
0 0.486572 0.625463 0.0180664 0.0537037
0 0.528687 0.593287 0.0109863 0.0226852
0 0.558594 0.559028 0.0117188 0.025463
0 0.47229 0.435648 0.0168457 0.037963
0 0.515259 0.627315 0.00317383 0.0212963
0 0.457397 0.437963 0.0241699 0.0277778
0 0.432983 0.738426 0.00756836 0.0324074
0 0.536743 0.633796 0.020752 0.0194444
0 0.598755 0.583565 0.0217285 0.0476852
0 0.482544 0.544676 0.0217285 0.0347222
0 0.511963 0.424769 0.0136719 0.0550926
0 0.486816 0.521991 0.0102539 0.0282407
0 0.433472 0.727083 0.0158691 0.0393519
0 0.519409 0.334491 0.00561523 0.0199074
0 0.452148 0.414352 0.0126953 0.0388889
0 0.485718 0.410185 0.0197754 0.0583333
0 0.594849 0.458565 0.00756836 0.0263889
0 0.491821 0.51412 0.00317383 0.0337963
0 0.440674 0.635417 0.0107422 0.0291667
0 0.583374 0.394907 0.0183105 0.0222222
0 0.561768 0.623843 0.0234375 0.0384259
0 0.499634 0.722222 0.0129395 0.037037
0 0.604858 0.476157 0.0197754 0.0328704
0 0.59082 0.459028 0.00585938 0.0180556
0 0.58728 0.626852 0.026123 0.0259259
0 0.449951 0.474537 0.0209961 0.0333333
0 0.5177 0.476389 0.00610352 0.025
0 0.445312 0.523611 0.0166016 0.0296296
0 0.586304 0.556713 0.0109863 0.0328704
0 0.469971 0.638889 0.0214844 0.0435185
0 0.582397 0.467593 0.00854492 0.0212963
0 0.545532 0.594444 0.0109863 0.0388889
0 0.448853 0.468056 0.010498 0.0185185
0 0.449463 0.728704 0.0200195 0.0287037
0 0.469116 0.606944 0.0148926 0.0240741
0 0.511841 0.655787 0.0168457 0.0393519
0 0.561768 0.61875 0.00927734 0.024537
0 0.532715 0.544676 0.00732422 0.0162037
0 0.431519 0.572222 0.0148926 0.0324074
0 0.436279 0.727315 0.00537109 0.0305556
0 0.461304 0.548148 0.00219727 0.0305556
0 0.557251 0.437963 0.0266113 0.0351852
0 0.594971 0.497917 0.012207 0.0282407
0 0.557373 0.4125 0.0112305 0.0185185
0 0.456909 0.641204 0.013916 0.0518519
0 0.52356 0.538657 0.00708008 0.0300926
0 0.58313 0.521528 0.010498 0.0208333
0 0.544922 0.582639 0.0161133 0.0356481
0 0.561279 0.46713 0.0185547 0.0203704
0 0.499023 0.683333 0.00683594 0.0166667
0 0.457642 0.49838 0.0134277 0.0310185
0 0.585938 0.529167 0.0117188 0.0740741
0 0.479004 0.481019 0.00341797 0.0175926
0 0.532837 0.42662 0.0109863 0.0319444
0 0.441406 0.540278 0.0141602 0.0287037
0 0.469604 0.55625 0.0168457 0.0365741
0 0.540283 0.680093 0.00585938 0.0444444
0 0.529297 0.497222 0.0263672 0.0305556
0 0.476929 0.76088 0.00756836 0.0328704
0 0.549072 0.459954 0.00390625 0.0273148
0 0.490112 0.695833 0.0202637 0.0481481
0 0.548828 0.404398 0.00683594 0.0356481
0 0.592041 0.465278 0.0126953 0.0296296
0 0.519409 0.469907 0.00610352 0.0268519
0 0.557983 0.618981 0.00756836 0.0203704
0 0.487793 0.640046 0.0209961 0.0319444
0 0.491821 0.506481 0.0178223 0.037037
0 0.443359 0.661111 0.0195312 0.0611111
0 0.446411 0.704861 0.0153809 0.0300926
0 0.407104 0.659028 0.0129395 0.025463
0 0.569702 0.404861 0.0202637 0.0189815
0 0.568359 0.673611 0.019043 0.0342593
0 0.553833 0.507176 0.0134277 0.0393519
0 0.54126 0.484259 0.0151367 0.0361111
0 0.457031 0.42963 0.00830078 0.0194444
0 0.536499 0.513426 0.00756836 0.0212963
0 0.518921 0.410185 0.0183105 0.0527778
0 0.419189 0.7125 0.0102539 0.0342593
0 0.510498 0.718056 0.015625 0.0564815
0 0.603638 0.458333 0.0153809 0.0509259
0 0.511475 0.619213 0.00878906 0.0226852
0 0.458496 0.576157 0.0107422 0.0300926
0 0.485962 0.711111 0.013916 0.0453704
0 0.486572 0.579398 0.00537109 0.025463
0 0.528442 0.638426 0.0246582 0.0435185
0 0.393555 0.696065 0.0244141 0.0476852
0 0.495117 0.45787 0.0209961 0.0259259
0 0.495972 0.475231 0.0153809 0.0328704
0 0.451904 0.429861 0.00488281 0.0300926
0 0.503418 0.72037 0.00878906 0.025
0 0.561401 0.587269 0.00317383 0.0226852
0 0.495605 0.515509 0.012207 0.0282407
0 0.582153 0.556019 0.00610352 0.0222222
0 0.550171 0.466667 0.0090332 0.025
0 0.522827 0.712269 0.0158691 0.0652778
0 0.49939 0.563889 0.00561523 0.0277778
0 0.516357 0.403472 0.0102539 0.0486111
0 0.511841 0.436111 0.010498 0.0314815
0 0.507202 0.61875 0.00561523 0.0162037
0 0.532959 0.553704 0.0112305 0.0212963
0 0.413452 0.627315 0.0241699 0.0648148
0 0.50354 0.656713 0.0197754 0.0310185
0 0.434937 0.506481 0.0251465 0.0740741
0 0.445435 0.697917 0.0100098 0.0199074
0 0.536377 0.411574 0.00830078 0.0231481
0 0.478394 0.403009 0.00561523 0.0356481
0 0.591187 0.5 0.0187988 0.0425926
0 0.516113 0.395602 0.00341797 0.0384259
0 0.523682 0.499306 0.0136719 0.0217593
0 0.559814 0.431944 0.0234375 0.0787037
0 0.520142 0.626157 0.0187988 0.0356481
0 0.483398 0.480324 0.00585938 0.0273148
0 0.59021 0.309722 0.0148926 0.0425926
0 0.469604 0.426157 0.0109863 0.0319444
0 0.621582 0.466204 0.0146484 0.037037
0 0.5448 0.62338 0.0217285 0.0449074
0 0.431763 0.547222 0.0231934 0.0527778
0 0.457764 0.568287 0.00585938 0.0337963
0 0.539917 0.60787 0.0231934 0.0407407
0 0.494873 0.468056 0.00537109 0.0324074
0 0.494629 0.682176 0.00439453 0.0189815
0 0.570557 0.546065 0.00585938 0.0300926
0 0.436768 0.735417 0.0117188 0.0263889
0 0.487427 0.443056 0.0148926 0.0324074
0 0.581177 0.602778 0.0100098 0.0324074
0 0.590332 0.317593 0.00488281 0.0277778
0 0.565796 0.492824 0.0202637 0.0587963
0 0.473022 0.658333 0.0227051 0.0592593
0 0.50354 0.5625 0.00708008 0.025
0 0.461914 0.553935 0.00683594 0.0365741
0 0.521606 0.475926 0.0114746 0.0222222
0 0.494873 0.647917 0.0175781 0.0439815
0 0.507202 0.547454 0.00952148 0.0365741
0 0.565552 0.656018 0.026123 0.0685185
0 0.477661 0.600463 0.017334 0.062037
0 0.565674 0.586574 0.00585938 0.0222222
0 0.557251 0.55162 0.00610352 0.0263889
0 0.594116 0.609259 0.0222168 0.0546296
0 0.593994 0.52963 0.0205078 0.0462963
0 0.603271 0.46713 0.00683594 0.0268519
0 0.484741 0.0861111 0.0251465 0.062037
0 0.515381 0.467593 0.0185547 0.0296296
0 0.447144 0.617824 0.0251465 0.0458333
0 0.544678 0.681944 0.0136719 0.0361111
0 0.562134 0.513426 0.0197754 0.0453704
0 0.422974 0.687268 0.0251465 0.0356481
0 0.482422 0.736806 0.00732422 0.0328704
0 0.629272 0.453009 0.00317383 0.0319444
0 0.452026 0.616204 0.0217285 0.0740741
0 0.547241 0.663426 0.0217285 0.0407407
0 0.533203 0.670602 0.0102539 0.0337963
0 0.432129 0.709722 0.0253906 0.0453704
0 0.436523 0.603472 0.0244141 0.0486111
0 0.45752 0.693519 0.0219727 0.0574074
0 0.620483 0.458565 0.00610352 0.0375
0 0.444824 0.520602 0.0258789 0.0680556
0 0.415039 0.738194 0.0205078 0.0402778
0 0.499268 0.585185 0.0219727 0.0666667
0 0.460571 0.600694 0.0217285 0.0532407
0 0.419067 0.610648 0.0270996 0.0564815
0 0.489258 0.48287 0.0253906 0.0398148
0 0.5448 0.48287 0.0178223 0.0611111
0 0.577881 0.431019 0.0244141 0.0527778
0 0.58667 0.625232 0.0244141 0.0634259
0 0.520508 0.435185 0.0239258 0.0574074
0 0.468262 0.483565 0.0229492 0.0393519
0 0.50769 0.586343 0.020752 0.0615741
0 0.541016 0.561343 0.0209961 0.049537
0 0.506836 0.459954 0.0175781 0.0578704
0 0.454224 0.436111 0.00854492 0.0351852
0 0.427124 0.659259 0.0251465 0.0490741
0 0.478149 0.505093 0.0251465 0.0453704
0 0.569214 0.674537 0.0241699 0.0657407
0 0.577759 0.584491 0.0222168 0.0708333
0 0.482178 0.679167 0.0234375 0.0685185
0 0.586914 0.488426 0.0214844 0.0583333
0 0.598755 0.468519 0.0236816 0.037963
0 0.452881 0.655787 0.0200195 0.0587963
0 0.477295 0.687268 0.0195312 0.0439815
0 0.570312 0.521065 0.0234375 0.0643518
0 0.545288 0.529861 0.0236816 0.0597222
0 0.516357 0.58588 0.0224609 0.0560185
0 0.431274 0.570833 0.0251465 0.0787037
0 0.506226 0.664352 0.0236816 0.0638889
0 0.570068 0.46713 0.0214844 0.05
0 0.493896 0.41088 0.0234375 0.050463
0 0.50293 0.440741 0.0234375 0.0638889
0 0.568359 0.357176 0.0214844 0.0486111
0 0.574585 0.639352 0.0270996 0.062037
0 0.439819 0.536806 0.0266113 0.0532407
0 0.473999 0.520602 0.0241699 0.0597222
0 0.544434 0.59375 0.0239258 0.0458333
0 0.456543 0.735417 0.0205078 0.0587963
0 0.535889 0.631713 0.0253906 0.0476852
0 0.402954 0.687037 0.0285645 0.0518519
0 0.529541 0.429167 0.019043 0.0648148
0 0.447632 0.728009 0.0241699 0.0634259
0 0.402222 0.718518 0.0270996 0.05
0 0.452026 0.412963 0.0231934 0.0787037
0 0.440063 0.631481 0.0270996 0.0638889
0 0.523926 0.679861 0.0249023 0.0541667
0 0.575073 0.508333 0.020752 0.0537037
0 0.490479 0.716898 0.0229492 0.0671296
0 0.477173 0.433796 0.0241699 0.0592593
0 0.581909 0.393287 0.0217285 0.0680556
0 0.50769 0.500926 0.0236816 0.0592593
0 0.486206 0.640046 0.0256348 0.0708333
0 0.469971 0.688889 0.0229492 0.0527778
0 0.405762 0.657176 0.0268555 0.0671296
0 0.518311 0.33287 0.0258789 0.0416667
0 0.447876 0.578704 0.0217285 0.0564815
0 0.469482 0.727083 0.0195312 0.0625
0 0.611694 0.474074 0.0227051 0.0657407
0 0.557007 0.616435 0.0256348 0.0708333
0 0.582031 0.603704 0.0273438 0.062037
0 0.502686 0.403935 0.0239258 0.0625
0 0.528809 0.594213 0.0244141 0.0763889
0 0.486938 0.522454 0.0246582 0.0643518
0 0.516235 0.524074 0.0231934 0.0611111
0 0.419067 0.712963 0.0270996 0.0462963
0 0.561401 0.468287 0.0246582 0.0597222
0 0.473267 0.555093 0.0227051 0.0601852
0 0.48645 0.440046 0.0270996 0.0625
0 0.469849 0.609259 0.0251465 0.062963
0 0.456665 0.499306 0.0266113 0.0689815
0 0.519409 0.472685 0.0280762 0.0564815
0 0.569458 0.403241 0.0227051 0.0703704
0 0.495117 0.512963 0.0273438 0.0638889
0 0.476929 0.403935 0.0256348 0.0643518
0 0.508179 0.547917 0.0256348 0.0606481
0 0.554199 0.506481 0.0258789 0.0694444
0 0.59082 0.459954 0.0219727 0.0800926
0 0.448975 0.468519 0.0263672 0.062963
0 0.494629 0.465741 0.0258789 0.0601852
0 0.536987 0.475231 0.0236816 0.0662037
0 0.595093 0.498843 0.0227051 0.0763889
0 0.582886 0.521991 0.0222168 0.0773148
0 0.523804 0.500463 0.0256348 0.0518519
0 0.556519 0.411343 0.0227051 0.0587963
0 0.44519 0.695139 0.0256348 0.0523148
0 0.524536 0.53912 0.0246582 0.0662037
0 0.515259 0.39537 0.0256348 0.0675926
0 0.478027 0.760648 0.0185547 0.0509259
0 0.54834 0.460648 0.0263672 0.0796296
0 0.493774 0.679398 0.0266113 0.0717593
0 0.462158 0.548148 0.027832 0.0648148
0 0.532227 0.553009 0.0263672 0.0736111
0 0.506958 0.617593 0.0251465 0.0722222
0 0.503418 0.5625 0.0268555 0.0555556
0 0.544067 0.682639 0.0275879 0.0699074
0 0.589844 0.318519 0.0244141 0.0509259
0 0.582397 0.555324 0.0256348 0.0615741
0 0.52063 0.625232 0.026123 0.075463
0 0.581543 0.467824 0.0244141 0.0606481
0 0.547729 0.404398 0.0251465 0.0523148
0 0.502441 0.720833 0.0214844 0.0777778
0 0.436157 0.736806 0.0270996 0.0587963
0 0.457886 0.570602 0.026123 0.0625
0 0.5354 0.413426 0.0249023 0.0583333
0 0.536499 0.515741 0.0256348 0.062963
0 0.56543 0.5875 0.027832 0.0648148
0 0.56958 0.546065 0.0253906 0.0717593
0 0.486816 0.576852 0.0249023 0.0787037
0 0.468994 0.428472 0.0263672 0.0606481
0 0.511597 0.434954 0.026123 0.0689815
0 0.481445 0.48125 0.0263672 0.0662037
0 0.618652 0.458796 0.0268555 0.0777778
0 0.452026 0.435648 0.0285645 0.0601852
0 0.532227 0.672454 0.0258789 0.0773148
0 0.602661 0.465972 0.0256348 0.0699074
0 0.557251 0.556019 0.0270996 0.0546296
0 0.481323 0.735417 0.0270996 0.0671296
0 0.627319 0.450926 0.026123 0.0740741
