0 0.416875 0.374833 0.00275 0.00833333
0 0.525375 0.2625 0.01625 0.00766667
0 0.508 0.574167 0.037 0.0536667
0 0.57725 0.3355 0.008 0.0163333
0 0.524875 0.474 0.02325 0.0133333
0 0.632 0.454333 0.0235 0.0153333
0 0.64125 0.459167 0.008 0.0163333
0 0.52125 0.291667 0.0045 0.01
0 0.49675 0.342667 0.0045 0.0146667
0 0.8175 0.458833 0.0175 0.013
0 0.522625 0.4645 0.00775 0.035
0 0.6365 0.485667 0.0085 0.038
0 0.424 0.419167 0.014 0.0416667
0 0.723375 0.310167 0.01225 0.0163333
0 0.6965 0.320167 0.055 0.043
0 0.616625 0.292333 0.00625 0.0126667
0 0.62525 0.298833 0.0315 0.0163333
0 0.68675 0.452167 0.0035 0.0136667
0 0.729875 0.461833 0.01925 0.0163333
0 0.57875 0.568167 0.006 0.0476667
0 0.72275 0.465333 0.024 0.0233333
0 0.488125 0.350833 0.00525 0.0116667
0 0.449 0.476833 0.0305 0.0143333
0 0.631625 0.468667 0.02275 0.0226667
0 0.518 0.480833 0.008 0.041
0 0.744 0.4685 0.013 0.027
0 0.475375 0.576667 0.00975 0.016
0 0.357875 0.383167 0.01175 0.035
0 0.393625 0.504 0.00775 0.0486667
0 0.471125 0.4785 0.03975 0.0596667
0 0.61625 0.293 0.017 0.0246667
0 0.482625 0.353833 0.04175 0.0176667
0 0.654125 0.592167 0.04925 0.065
0 0.720375 0.604 0.02125 0.022
0 0.671625 0.319833 0.05825 0.045
0 0.5745 0.340333 0.0035 0.0146667
0 0.658 0.438333 0.0075 0.0166667
0 0.42375 0.369167 0.0195 0.029
0 0.528375 0.479833 0.01625 0.0256667
0 0.622125 0.559667 0.01775 0.0106667
0 0.57875 0.458333 0.0615 0.0413333
0 0.43525 0.5805 0.005 0.0276667
0 0.602625 0.487 0.03025 0.014
0 0.493 0.3195 0.016 0.0243333
0 0.662 0.496833 0.0345 0.0196667
0 0.444 0.5835 0.017 0.015
0 0.501125 0.326167 0.00625 0.0123333
0 0.69425 0.320667 0.022 0.0146667
0 0.42275 0.367667 0.0265 0.0153333
0 0.466125 0.277167 0.01025 0.0336667
0 0.4715 0.574 0.0475 0.0613333
0 0.5305 0.367667 0.051 0.046
0 0.656625 0.31 0.02175 0.012
0 0.76375 0.474167 0.05 0.049
0 0.37125 0.423 0.0125 0.0273333
0 0.511875 0.392 0.03525 0.0706667
0 0.457 0.589333 0.0175 0.0173333
0 0.727875 0.332833 0.00725 0.023
0 0.496 0.478333 0.008 0.0153333
0 0.59675 0.293833 0.017 0.00633333
0 0.72075 0.505667 0.0115 0.0273333
0 0.644625 0.337333 0.01075 0.0306667
0 0.5875 0.479667 0.0445 0.062
0 0.761625 0.4565 0.00375 0.033
0 0.656625 0.555833 0.03675 0.0716667
0 0.492375 0.340833 0.00775 0.011
0 0.515875 0.257167 0.01325 0.019
0 0.779375 0.440667 0.03675 0.08
0 0.58525 0.313 0.0115 0.0366667
0 0.46675 0.308333 0.005 0.0106667
0 0.620875 0.347167 0.00575 0.00433333
0 0.41975 0.595333 0.0415 0.0133333
0 0.563125 0.285333 0.00425 0.0133333
0 0.643875 0.503667 0.00325 0.02
0 0.561125 0.288833 0.01975 0.0263333
0 0.6415 0.568833 0.047 0.0516667
0 0.458625 0.2985 0.01325 0.0123333
0 0.425 0.358833 0.0045 0.009
0 0.5245 0.430833 0.006 0.0396667
0 0.5775 0.564333 0.0045 0.0226667
0 0.605125 0.351667 0.00975 0.0406667
0 0.51525 0.580333 0.0265 0.0173333
0 0.5095 0.3755 0.011 0.047
0 0.516 0.2705 0.015 0.0156667
0 0.658875 0.353667 0.01475 0.0386667
0 0.618875 0.448 0.02075 0.0193333
0 0.490625 0.426 0.03475 0.0733333
0 0.509 0.274333 0.005 0.0126667
0 0.5505 0.2865 0.005 0.013
0 0.499 0.334667 0.02 0.0173333
0 0.68625 0.367667 0.0535 0.04
0 0.39325 0.581833 0.0095 0.0416667
0 0.62475 0.583167 0.021 0.0196667
0 0.7735 0.488333 0.0265 0.0233333
0 0.52 0.587667 0.0575 0.0573333
0 0.56475 0.478 0.026 0.012
0 0.649625 0.456333 0.00925 0.0353333
0 0.68625 0.581 0.0225 0.012
0 0.46225 0.492 0.0225 0.02
0 0.48825 0.345667 0.0065 0.0146667
0 0.37375 0.500667 0.016 0.018
0 0.447625 0.316833 0.01225 0.037
0 0.73525 0.497167 0.0635 0.0436667
0 0.582125 0.514333 0.02375 0.01
0 0.395125 0.4975 0.03875 0.0496667
0 0.459625 0.370167 0.04075 0.087
0 0.387375 0.695167 0.03225 0.0176667
0 0.804125 0.440833 0.05225 0.0696667
0 0.565 0.315667 0.011 0.0346667
0 0.51875 0.364667 0.0185 0.0173333
0 0.702875 0.4575 0.01225 0.007
0 0.59575 0.368333 0.0465 0.0446667
0 0.48 0.3145 0.0065 0.015
0 0.52175 0.4735 0.013 0.053
0 0.641 0.493 0.011 0.00733333
0 0.518875 0.4895 0.02125 0.0116667
0 0.331 0.590667 0.0095 0.012
0 0.49475 0.4145 0.0115 0.0156667
0 0.553375 0.453667 0.00975 0.044
0 0.858 0.466167 0.018 0.023
0 0.683375 0.371 0.01425 0.00466667
0 0.390125 0.300667 0.00425 0.0193333
0 0.454125 0.586833 0.04175 0.065
0 0.577125 0.520833 0.01925 0.019
0 0.8405 0.481833 0.014 0.0223333
0 0.521875 0.370167 0.01725 0.015
0 0.389875 0.4705 0.01775 0.00966667
0 0.695875 0.631333 0.04975 0.0686667
0 0.55775 0.249333 0.015 0.0126667
0 0.437375 0.507667 0.04625 0.0746667
0 0.532375 0.4665 0.01325 0.0136667
0 0.5795 0.308667 0.0065 0.012
0 0.716875 0.337333 0.02425 0.018
0 0.444375 0.461833 0.02875 0.0736667
0 0.64025 0.451833 0.008 0.023
0 0.586375 0.597667 0.01225 0.024
0 0.69825 0.4575 0.0605 0.0456667
0 0.783 0.494167 0.016 0.021
0 0.57075 0.351333 0.007 0.0426667
0 0.4815 0.5035 0.0405 0.0196667
0 0.65025 0.476833 0.028 0.025
0 0.44475 0.32 0.05 0.05
0 0.851375 0.460167 0.00725 0.0123333
0 0.53175 0.292667 0.0115 0.02
0 0.952 0.1125 0.015 0.0383333
0 0.45275 0.286333 0.0175 0.012
0 0.508875 0.69 0.02975 0.018
0 0.563 0.364 0.0535 0.038
0 0.84925 0.466667 0.0125 0.0173333
0 0.56025 0.445333 0.03 0.024
0 0.815625 0.493833 0.06475 0.0436667
0 0.4875 0.302167 0.005 0.0103333
0 0.48225 0.498 0.014 0.014
0 0.7195 0.482333 0.0195 0.0133333
0 0.5335 0.276167 0.0035 0.0156667
0 0.498 0.564333 0.0105 0.0173333
0 0.534875 0.598667 0.02075 0.0226667
0 0.678375 0.587333 0.05975 0.056
0 0.61475 0.475833 0.022 0.029
0 0.573375 0.277167 0.00825 0.017
0 0.392625 0.4795 0.04525 0.0463333
0 0.48925 0.564167 0.011 0.035
0 0.639625 0.573167 0.00975 0.00833333
0 0.551625 0.291667 0.01925 0.0166667
0 0.64825 0.603167 0.021 0.0156667
0 0.378625 0.680833 0.05425 0.0376667
0 0.5425 0.304667 0.015 0.0206667
0 0.396375 0.323167 0.05425 0.0543333
0 0.4895 0.3255 0.0125 0.0223333
0 0.747125 0.434167 0.04975 0.0543333
0 0.789875 0.464 0.01275 0.0413333
0 0.412125 0.431167 0.04625 0.0496667
0 0.7055 0.469167 0.0085 0.0263333
0 0.51425 0.261833 0.0185 0.0123333
0 0.680625 0.372333 0.02075 0.008
0 0.512875 0.590167 0.01225 0.0216667
0 0.822875 0.448 0.00575 0.0473333
0 0.513 0.297 0.018 0.0133333
0 0.775375 0.4605 0.02425 0.0203333
0 0.7215 0.325 0.05 0.044
0 0.423375 0.573333 0.00925 0.0213333
0 0.498125 0.419 0.00625 0.0386667
0 0.680875 0.314833 0.01225 0.0196667
0 0.53525 0.483667 0.007 0.044
0 0.5405 0.335667 0.006 0.052
0 0.670125 0.565833 0.01775 0.0216667
0 0.702875 0.487333 0.01875 0.024
0 0.492375 0.2815 0.01075 0.017
0 0.625375 0.294 0.01175 0.00866667
0 0.365375 0.4135 0.00875 0.041
0 0.5255 0.460833 0.036 0.0856667
0 0.41525 0.4325 0.0055 0.0216667
0 0.5705 0.496667 0.051 0.0593333
0 0.466625 0.315 0.00625 0.0126667
0 0.723125 0.598167 0.04175 0.0836667
0 0.75225 0.432167 0.0245 0.0216667
0 0.500375 0.287167 0.00825 0.041
0 0.506875 0.422167 0.01075 0.013
0 0.5985 0.492667 0.018 0.0166667
0 0.698 0.326333 0.014 0.0326667
0 0.637 0.541833 0.049 0.033
0 0.539625 0.5755 0.00975 0.027
0 0.669 0.6045 0.047 0.073
0 0.702125 0.469333 0.00775 0.0173333
0 0.634 0.538167 0.006 0.0103333
0 0.570375 0.279667 0.00525 0.012
0 0.57825 0.5205 0.0435 0.065
0 0.58225 0.529833 0.0375 0.0343333
0 0.54175 0.5725 0.035 0.071
0 0.662125 0.4425 0.02275 0.0103333
0 0.685625 0.375833 0.01725 0.011
0 0.512875 0.322 0.01775 0.014
0 0.455875 0.502833 0.04075 0.0583333
0 0.3645 0.493167 0.0475 0.0636667
0 0.545875 0.342167 0.01425 0.0123333
0 0.5645 0.493167 0.029 0.0203333
0 0.853625 0.4615 0.05575 0.0396667
0 0.516 0.278333 0.015 0.00933333
0 0.436875 0.386833 0.00625 0.037
0 0.8415 0.489 0.015 0.012
0 0.640875 0.544167 0.01625 0.0143333
0 0.647875 0.498 0.00425 0.0286667
0 0.4865 0.304833 0.0205 0.027
0 0.58625 0.568667 0.0085 0.022
0 0.592625 0.287833 0.01225 0.015
0 0.674625 0.5685 0.01625 0.0156667
0 0.72325 0.614 0.034 0.024
0 0.419875 0.430667 0.01525 0.0246667
0 0.626375 0.34 0.01925 0.018
0 0.512125 0.334333 0.01525 0.012
0 0.4485 0.3495 0.0095 0.0223333
0 0.678625 0.565 0.00975 0.01
0 0.604125 0.566167 0.03925 0.0616667
0 0.61275 0.354333 0.017 0.0233333
0 0.477375 0.489 0.01425 0.0366667
0 0.3615 0.376167 0.006 0.031
0 0.495875 0.305833 0.00725 0.00633333
0 0.65475 0.561333 0.0255 0.00933333
0 0.773 0.489833 0.008 0.0276667
0 0.661 0.486833 0.0065 0.023
0 0.62325 0.583833 0.0025 0.0263333
0 0.519875 0.402 0.02725 0.028
0 0.736875 0.499 0.01025 0.024
0 0.501375 0.316167 0.01025 0.0323333
0 0.7145 0.498333 0.008 0.0306667
0 0.8225 0.447333 0.026 0.0173333
0 0.32225 0.589333 0.007 0.0253333
0 0.80825 0.475667 0.05 0.0606667
0 0.818375 0.447833 0.00325 0.0476667
0 0.444 0.5725 0.027 0.0376667
0 0.444875 0.388167 0.01375 0.019
0 0.852625 0.4655 0.01125 0.0103333
0 0.425125 0.5705 0.03775 0.0703333
0 0.694125 0.31 0.00375 0.0106667
0 0.626125 0.5845 0.03525 0.0683333
0 0.6515 0.446833 0.0155 0.0203333
0 0.7175 0.331833 0.006 0.015
0 0.585375 0.493333 0.01625 0.0166667
0 0.47825 0.678833 0.014 0.017
0 0.728625 0.611667 0.01025 0.0326667
0 0.721375 0.318833 0.02075 0.0236667
0 0.610625 0.511167 0.01875 0.0116667
0 0.55675 0.491833 0.0245 0.0123333
0 0.428875 0.582 0.02075 0.0206667
0 0.6125 0.449167 0.0235 0.0143333
0 0.719125 0.31 0.00425 0.018
0 0.6195 0.335833 0.012 0.0296667
0 0.72325 0.476333 0.0125 0.0206667
0 0.781 0.447833 0.028 0.019
0 0.35275 0.5815 0.0115 0.0363333
0 0.5805 0.486167 0.003 0.013
0 0.815 0.4815 0.014 0.037
0 0.57875 0.598333 0.006 0.0293333
0 0.625375 0.315667 0.01225 0.0126667
0 0.54325 0.464833 0.002 0.033
0 0.70225 0.482 0.028 0.0113333
0 0.70025 0.472 0.0225 0.0106667
0 0.423 0.4665 0.0105 0.041
0 0.787 0.595167 0.0445 0.0356667
0 0.651 0.347333 0.0185 0.028
0 0.52425 0.602667 0.022 0.018
0 0.576875 0.567167 0.05425 0.049
0 0.699 0.309833 0.0095 0.0116667
0 0.744 0.473167 0.0085 0.015
0 0.512375 0.4105 0.04875 0.0636667
0 0.651625 0.5995 0.01025 0.0143333
0 0.502375 0.361667 0.02275 0.022
0 0.463375 0.391833 0.01225 0.0296667
0 0.429 0.351833 0.005 0.0123333
0 0.653375 0.590333 0.01875 0.03
0 0.492375 0.308333 0.00975 0.0426667
0 0.662375 0.568333 0.01225 0.0153333
0 0.59075 0.767 0.058 0.0573333
0 0.4535 0.404833 0.0085 0.025
0 0.61075 0.550833 0.004 0.0276667
0 0.699875 0.6275 0.01275 0.0143333
0 0.470875 0.372333 0.01675 0.0206667
0 0.418875 0.508667 0.00675 0.0106667
0 0.5395 0.493667 0.0105 0.0166667
0 0.540875 0.4255 0.00425 0.031
0 0.569125 0.369833 0.01125 0.0223333
0 0.731125 0.4915 0.00375 0.041
0 0.52 0.286667 0.0045 0.0186667
0 0.691 0.489 0.025 0.0193333
0 0.47025 0.678667 0.0185 0.0146667
0 0.5115 0.299 0.026 0.022
0 0.611 0.480833 0.0465 0.0543333
0 0.4165 0.3765 0.004 0.0343333
0 0.46225 0.292667 0.005 0.0213333
0 0.56175 0.4555 0.008 0.0136667
0 0.422 0.381 0.0145 0.0413333
0 0.449 0.470167 0.008 0.015
0 0.701625 0.6335 0.01525 0.0163333
0 0.52725 0.458333 0.0075 0.0406667
0 0.579 0.283167 0.0115 0.0156667
0 0.615625 0.551167 0.00475 0.0263333
0 0.411625 0.282167 0.00775 0.0196667
0 0.4315 0.289167 0.012 0.0183333
0 0.757125 0.4655 0.01575 0.0163333
0 0.568875 0.4675 0.00675 0.0103333
0 0.486125 0.4745 0.00475 0.0283333
0 0.575875 0.2855 0.02075 0.0256667
0 0.75275 0.440833 0.019 0.0243333
0 0.355625 0.581833 0.03725 0.0616667
0 0.59925 0.381667 0.01 0.0393333
0 0.445 0.275833 0.011 0.0223333
0 0.568125 0.291 0.01025 0.0306667
0 0.58075 0.565 0.005 0.0133333
0 0.56125 0.363833 0.0235 0.00833333
0 0.386875 0.6815 0.01225 0.0336667
0 0.723125 0.308667 0.02125 0.0266667
0 0.5485 0.2825 0.0155 0.023
0 0.524125 0.325333 0.00875 0.0293333
0 0.64775 0.5975 0.0075 0.013
0 0.619125 0.596167 0.03125 0.0136667
0 0.6975 0.4765 0.009 0.0123333
0 0.541875 0.327833 0.00875 0.0136667
0 0.528625 0.352833 0.02325 0.00966667
0 0.513125 0.585167 0.00375 0.0203333
0 0.440875 0.382 0.00275 0.0373333
0 0.612875 0.510333 0.02125 0.0426667
0 0.67425 0.493167 0.0105 0.013
0 0.822125 0.454 0.04425 0.0626667
0 0.649875 0.305167 0.01625 0.011
0 0.46425 0.583333 0.0205 0.018
0 0.706625 0.320333 0.01425 0.0373333
0 0.57775 0.565667 0.024 0.0233333
0 0.45575 0.513833 0.01 0.0283333
0 0.506125 0.277667 0.01925 0.0146667
0 0.781625 0.4855 0.00875 0.0356667
0 0.474125 0.279 0.00625 0.006
0 0.460125 0.379667 0.01525 0.0413333
0 0.53025 0.584833 0.0115 0.031
0 0.470125 0.309167 0.01175 0.013
0 0.752875 0.498833 0.01175 0.0183333
0 0.5585 0.2555 0.016 0.0203333
0 0.741375 0.449333 0.01325 0.018
0 0.356875 0.449333 0.01475 0.0233333
0 0.61175 0.454167 0.013 0.029
0 0.527 0.5975 0.01 0.0196667
0 0.324875 0.5855 0.03475 0.0703333
0 0.584875 0.487667 0.00975 0.0146667
0 0.659 0.475 0.014 0.0293333
0 0.683625 0.371833 0.02125 0.0376667
0 0.71775 0.610333 0.006 0.0273333
0 0.521 0.291167 0.007 0.0236667
0 0.58125 0.532667 0.027 0.0206667
0 0.522125 0.592667 0.00525 0.0393333
0 0.649625 0.308333 0.00475 0.028
0 0.4885 0.291833 0.023 0.021
0 0.655625 0.491833 0.00375 0.0103333
0 0.671125 0.3265 0.02775 0.0203333
0 0.35675 0.577333 0.0065 0.0333333
0 0.502875 0.2975 0.02075 0.025
0 0.445125 0.305 0.00525 0.016
0 0.41025 0.289 0.017 0.0246667
0 0.53225 0.2755 0.0075 0.011
0 0.457625 0.316333 0.01275 0.0213333
0 0.452625 0.287667 0.02025 0.03
0 0.4605 0.2875 0.019 0.0296667
0 0.42775 0.3025 0.02 0.0283333
0 0.402875 0.481167 0.00675 0.037
0 0.72775 0.476 0.0095 0.0186667
0 0.5025 0.683167 0.0145 0.017
0 0.449125 0.2765 0.02575 0.0176667
0 0.752375 0.506167 0.01175 0.017
0 0.663625 0.6 0.01225 0.0366667
0 0.602625 0.347833 0.00625 0.0283333
0 0.53925 0.470333 0.004 0.026
0 0.449 0.3985 0.016 0.0136667
0 0.615 0.595333 0.0135 0.0146667
0 0.673375 0.4785 0.00575 0.0276667
0 0.65675 0.464167 0.002 0.029
0 0.4375 0.295 0.0155 0.0133333
0 0.562875 0.343167 0.00575 0.0223333
0 0.583 0.286833 0.0055 0.0236667
0 0.479 0.308667 0.0125 0.026
0 0.535375 0.592167 0.01225 0.0156667
0 0.73625 0.441 0.0025 0.0393333
0 0.509625 0.588667 0.00325 0.0253333
0 0.386 0.477167 0.0035 0.0196667
0 0.475125 0.281833 0.02425 0.023
0 0.678125 0.3225 0.00475 0.0163333
0 0.697375 0.631333 0.00775 0.0133333
0 0.36575 0.416667 0.0205 0.02
0 0.735625 0.470833 0.01025 0.0256667
0 0.63525 0.544 0.0115 0.0113333
0 0.434875 0.5085 0.00725 0.029
0 0.566375 0.279 0.00325 0.0193333
0 0.57325 0.4985 0.0255 0.019
0 0.451375 0.594333 0.01275 0.0226667
0 0.785125 0.5945 0.01425 0.0176667
0 0.50875 0.583667 0.0025 0.0206667
0 0.395 0.293333 0.0045 0.0286667
0 0.616625 0.487 0.01825 0.0166667
0 0.3665 0.3835 0.0125 0.0196667
0 0.52 0.483833 0.026 0.0136667
0 0.68775 0.4625 0.0135 0.023
0 0.489875 0.467833 0.00425 0.0323333
0 0.552375 0.306167 0.02225 0.0176667
0 0.509875 0.475333 0.02475 0.0226667
0 0.777 0.447 0.0065 0.0366667
0 0.850125 0.465667 0.02175 0.0333333
0 0.72225 0.605 0.0135 0.0406667
0 0.8575 0.489167 0.018 0.025
0 0.541875 0.347333 0.02625 0.016
0 0.4485 0.392167 0.011 0.027
0 0.528125 0.3475 0.01125 0.013
0 0.4515 0.3255 0.0095 0.0296667
0 0.489125 0.370667 0.00675 0.0226667
0 0.541125 0.446167 0.01675 0.023
0 0.36125 0.413167 0.0455 0.0763333
0 0.492 0.308333 0.014 0.0166667
0 0.640125 0.310167 0.01325 0.0163333
0 0.648625 0.5075 0.01375 0.015
0 0.6975 0.637833 0.019 0.0103333
0 0.505375 0.326167 0.01525 0.0156667
0 0.564625 0.464667 0.00525 0.02
0 0.569125 0.4715 0.01125 0.015
0 0.6275 0.349333 0.005 0.0273333
0 0.660875 0.491667 0.01125 0.014
0 0.488875 0.586833 0.01325 0.0263333
0 0.698875 0.316333 0.00825 0.014
0 0.644875 0.292 0.02525 0.0206667
0 0.703375 0.322167 0.01225 0.0243333
0 0.67425 0.452333 0.009 0.0146667
0 0.581375 0.526 0.02125 0.0186667
0 0.537 0.341333 0.0045 0.036
0 0.65825 0.452167 0.0125 0.0236667
0 0.40275 0.505167 0.01 0.023
0 0.515125 0.2685 0.02175 0.0336667
0 0.608375 0.292167 0.02475 0.0223333
0 0.859875 0.4835 0.01025 0.019
0 0.581125 0.568333 0.00775 0.0313333
0 0.768125 0.468 0.00425 0.0386667
0 0.581125 0.707333 0.02375 0.0126667
0 0.62075 0.347167 0.013 0.0316667
0 0.59525 0.342333 0.0035 0.018
0 0.41925 0.471 0.0105 0.028
0 0.592125 0.3455 0.01775 0.0103333
0 0.394625 0.585833 0.04075 0.0696667
0 0.810125 0.482333 0.01225 0.036
0 0.424875 0.378333 0.01075 0.01
0 0.61925 0.590167 0.012 0.017
0 0.51075 0.31 0.0125 0.0286667
0 0.58125 0.597833 0.012 0.0223333
0 0.61525 0.450333 0.011 0.00866667
0 0.554125 0.33 0.00875 0.0366667
0 0.362375 0.3875 0.01625 0.0176667
0 0.531125 0.4245 0.01375 0.047
0 0.78125 0.454 0.009 0.0273333
0 0.55375 0.437667 0.014 0.0153333
0 0.539125 0.304 0.01325 0.038
0 0.7635 0.474667 0.004 0.0226667
0 0.519 0.410667 0.006 0.026
0 0.747875 0.435667 0.00975 0.0286667
0 0.695 0.4975 0.022 0.0223333
0 0.42675 0.4155 0.0075 0.0323333
0 0.6935 0.4935 0.0095 0.0143333
0 0.682 0.4595 0.0035 0.013
0 0.70325 0.454833 0.015 0.0176667
0 0.582375 0.309833 0.02075 0.0163333
0 0.433 0.273 0.0145 0.012
0 0.482875 0.347667 0.01525 0.0186667
0 0.57925 0.3555 0.0185 0.021
0 0.55375 0.249833 0.0135 0.019
0 0.72425 0.316667 0.011 0.0146667
0 0.498375 0.689833 0.01475 0.0256667
0 0.698875 0.4555 0.00875 0.025
0 0.727 0.499333 0.0035 0.026
0 0.3525 0.450333 0.007 0.0186667
0 0.41575 0.431667 0.014 0.0366667
0 0.553875 0.280833 0.01075 0.019
0 0.645375 0.451833 0.00675 0.0163333
0 0.361625 0.583833 0.00925 0.0203333
0 0.53975 0.577 0.003 0.0286667
0 0.6485 0.3365 0.0185 0.0196667
0 0.477125 0.502167 0.01725 0.019
0 0.54525 0.392833 0.013 0.0263333
0 0.64825 0.353 0.0075 0.0186667
0 0.515375 0.3485 0.01725 0.015
0 0.451625 0.514167 0.00925 0.029
0 0.44925 0.299667 0.005 0.00933333
0 0.5695 0.492667 0.01 0.024
0 0.62075 0.297 0.016 0.0166667
0 0.49975 0.343167 0.0165 0.0203333
0 0.423375 0.507667 0.01625 0.014
0 0.571125 0.287833 0.00625 0.013
0 0.6355 0.570833 0.012 0.019
0 0.673875 0.445667 0.00675 0.0226667
0 0.491875 0.352833 0.01825 0.019
0 0.530625 0.589667 0.00725 0.0226667
0 0.60775 0.289 0.007 0.0126667
0 0.702875 0.626833 0.01875 0.0216667
0 0.506375 0.469333 0.01875 0.02
0 0.557875 0.302833 0.02025 0.029
0 0.520875 0.261667 0.01475 0.0153333
0 0.724 0.335 0.014 0.0266667
0 0.46425 0.479167 0.007 0.0203333
0 0.457125 0.464667 0.00625 0.0233333
0 0.719375 0.4575 0.00475 0.029
0 0.423875 0.309333 0.01175 0.0166667
0 0.760125 0.4635 0.01225 0.0283333
0 0.38575 0.6905 0.017 0.0156667
0 0.669125 0.315333 0.02075 0.03
0 0.51525 0.310667 0.0255 0.0186667
0 0.4195 0.587833 0.006 0.013
0 0.669625 0.445667 0.00425 0.0273333
0 0.777125 0.452667 0.01225 0.0273333
0 0.487 0.346167 0.009 0.023
0 0.556875 0.4985 0.01425 0.0236667
0 0.523625 0.3455 0.01075 0.019
0 0.818375 0.453833 0.01125 0.0236667
0 0.68875 0.493167 0.0055 0.0136667
0 0.535125 0.309333 0.01725 0.022
0 0.6735 0.557833 0.0115 0.0236667
0 0.5805 0.6005 0.029 0.031
0 0.683125 0.326833 0.01825 0.0196667
0 0.461625 0.332 0.00825 0.0313333
0 0.575375 0.315167 0.00825 0.0163333
0 0.53775 0.281 0.018 0.02
0 0.803375 0.443833 0.00225 0.0336667
0 0.326 0.589333 0.011 0.0233333
0 0.447125 0.326167 0.00725 0.023
0 0.573375 0.492167 0.00925 0.029
0 0.677 0.4815 0.0195 0.023
0 0.483125 0.314167 0.01625 0.0216667
0 0.36075 0.420833 0.0095 0.0283333
0 0.580875 0.567333 0.02475 0.0433333
0 0.3525 0.4945 0.01 0.0276667
0 0.603875 0.287667 0.00625 0.018
0 0.597125 0.4795 0.01225 0.0243333
0 0.60725 0.564667 0.029 0.022
0 0.486375 0.397667 0.01875 0.02
0 0.538875 0.368833 0.01075 0.0423333
0 0.620625 0.3415 0.00625 0.0263333
0 0.737875 0.476833 0.01075 0.0243333
0 0.691125 0.594167 0.03025 0.0223333
0 0.522625 0.325333 0.02575 0.034
0 0.477 0.495667 0.0125 0.0173333
0 0.647875 0.502667 0.00925 0.0113333
0 0.54325 0.388833 0.0065 0.0176667
0 0.722 0.331667 0.0085 0.0173333
0 0.4785 0.347167 0.005 0.0196667
0 0.6405 0.4555 0.016 0.015
0 0.709875 0.5055 0.00475 0.025
0 0.503375 0.330333 0.00825 0.0286667
0 0.78975 0.594833 0.0165 0.0136667
0 0.416375 0.287 0.01825 0.0233333
0 0.54375 0.579667 0.0065 0.0206667
0 0.607125 0.570667 0.01225 0.022
0 0.60825 0.317167 0.0245 0.0156667
0 0.6525 0.309833 0.0235 0.0203333
0 0.632125 0.443333 0.00225 0.0206667
0 0.460375 0.303833 0.01975 0.0296667
0 0.53375 0.298667 0.0085 0.0253333
0 0.548 0.302333 0.026 0.0426667
0 0.525 0.292 0.0145 0.0186667
0 0.6145 0.589333 0.0075 0.0246667
0 0.391125 0.381667 0.00775 0.0213333
0 0.395125 0.378 0.00675 0.0186667
0 0.425125 0.359333 0.00625 0.02
0 0.394875 0.299167 0.01475 0.0203333
0 0.436875 0.360167 0.00275 0.0183333
0 0.477125 0.454 0.02725 0.016
0 0.465 0.358667 0.0105 0.0266667
0 0.592625 0.761667 0.02575 0.0353333
0 0.74775 0.468333 0.0115 0.0193333
0 0.69475 0.3155 0.0065 0.0123333
0 0.6355 0.491 0.0115 0.018
0 0.6525 0.564833 0.009 0.0296667
0 0.60775 0.383167 0.006 0.0256667
0 0.412625 0.305833 0.01525 0.0216667
0 0.535375 0.371333 0.00675 0.024
0 0.706875 0.472833 0.02325 0.0143333
0 0.549 0.430833 0.002 0.025
0 0.457375 0.4005 0.00625 0.0243333
0 0.823125 0.4535 0.00925 0.0283333
0 0.429625 0.276333 0.01625 0.0286667
0 0.642625 0.294167 0.02725 0.0423333
0 0.634625 0.320167 0.02375 0.0203333
0 0.536 0.277 0.008 0.014
0 0.6535 0.457 0.016 0.0253333
0 0.473875 0.335333 0.01225 0.0373333
0 0.58025 0.583 0.0265 0.0346667
0 0.642 0.3155 0.0225 0.0296667
0 0.66575 0.319333 0.005 0.0153333
0 0.43525 0.513667 0.015 0.0266667
0 0.491375 0.347833 0.00975 0.0176667
0 0.608375 0.3195 0.00725 0.0243333
0 0.720125 0.3155 0.00825 0.0163333
0 0.686375 0.458 0.00575 0.0213333
0 0.748 0.473167 0.0195 0.0163333
0 0.465375 0.3265 0.00625 0.023
0 0.539375 0.4505 0.02575 0.0336667
0 0.44125 0.364833 0.0125 0.0176667
0 0.468625 0.480333 0.01475 0.0246667
0 0.519875 0.256833 0.00975 0.0136667
0 0.46625 0.2935 0.02 0.023
0 0.670125 0.451 0.00825 0.0193333
0 0.452375 0.317 0.01575 0.0206667
0 0.626625 0.586333 0.01125 0.0206667
0 0.55725 0.481167 0.0115 0.025
0 0.66975 0.320833 0.014 0.019
0 0.4495 0.303833 0.013 0.0163333
0 0.347375 0.501167 0.01325 0.0216667
0 0.446625 0.348667 0.02225 0.032
0 0.5535 0.303 0.0115 0.0226667
0 0.401625 0.327167 0.00825 0.025
0 0.6155 0.482833 0.0075 0.023
0 0.395375 0.382833 0.01575 0.0156667
0 0.560875 0.490833 0.01425 0.0396667
0 0.560375 0.359333 0.02425 0.0273333
0 0.4715 0.28 0.009 0.0233333
0 0.703375 0.328 0.02475 0.018
0 0.6075 0.3485 0.0095 0.0143333
0 0.591125 0.346667 0.00675 0.0206667
0 0.538 0.332 0.019 0.0233333
0 0.5525 0.479667 0.006 0.026
0 0.85525 0.4835 0.0055 0.0156667
0 0.481375 0.393333 0.00525 0.0266667
0 0.5745 0.280667 0.014 0.0153333
0 0.636 0.310333 0.0085 0.0186667
0 0.604375 0.330167 0.01375 0.0276667
0 0.393625 0.587 0.01325 0.0226667
0 0.594625 0.368833 0.01475 0.0336667
0 0.550125 0.335333 0.01075 0.0286667
0 0.357375 0.4475 0.02325 0.0356667
0 0.468375 0.338667 0.00625 0.0313333
0 0.49025 0.2885 0.007 0.025
0 0.44925 0.3305 0.009 0.025
0 0.477375 0.449333 0.01075 0.0246667
0 0.399625 0.509667 0.01425 0.0253333
0 0.508 0.358167 0.019 0.019
0 0.514875 0.4035 0.00425 0.039
0 0.511625 0.2705 0.00625 0.021
0 0.419625 0.370833 0.00325 0.0156667
0 0.595375 0.302833 0.01125 0.0283333
0 0.652 0.472667 0.004 0.0213333
0 0.735375 0.469 0.02425 0.0273333
0 0.653375 0.3095 0.02775 0.0403333
0 0.427 0.402833 0.0055 0.0263333
0 0.66975 0.484167 0.0085 0.029
0 0.807375 0.472333 0.01575 0.0313333
0 0.48475 0.356167 0.0245 0.0316667
0 0.65725 0.560833 0.005 0.0223333
0 0.63725 0.4475 0.01 0.0176667
0 0.6105 0.482667 0.0045 0.024
0 0.524375 0.287167 0.00625 0.017
0 0.485375 0.393333 0.01075 0.0313333
0 0.468875 0.5745 0.01175 0.0203333
0 0.397125 0.332833 0.01275 0.0163333
0 0.565625 0.467833 0.01075 0.023
0 0.502 0.418833 0.015 0.027
0 0.494875 0.342 0.01175 0.0246667
0 0.669625 0.491667 0.01325 0.0193333
0 0.60175 0.564167 0.004 0.0256667
0 0.69025 0.5875 0.0135 0.0263333
0 0.61125 0.557333 0.0085 0.0166667
0 0.50875 0.318833 0.0135 0.0256667
0 0.441375 0.388333 0.01725 0.028
0 0.57125 0.319333 0.0135 0.0206667
0 0.818875 0.492833 0.01075 0.033
0 0.66025 0.443 0.018 0.03
0 0.682125 0.322333 0.00775 0.0193333
0 0.458125 0.403833 0.01475 0.021
0 0.587 0.287333 0.008 0.02
0 0.5995 0.3265 0.004 0.0196667
0 0.445125 0.397333 0.01175 0.0193333
0 0.6035 0.3255 0.008 0.019
0 0.5415 0.340833 0.0145 0.029
0 0.51375 0.310167 0.0255 0.0416667
0 0.61175 0.3165 0.003 0.023
0 0.522875 0.596667 0.01375 0.0253333
0 0.454125 0.315167 0.02575 0.0423333
0 0.416875 0.5915 0.01275 0.0243333
0 0.615875 0.557333 0.01125 0.0206667
0 0.512 0.276167 0.0135 0.0176667
0 0.809 0.488833 0.026 0.0423333
0 0.590625 0.4595 0.01425 0.0223333
0 0.71025 0.468833 0.013 0.0196667
0 0.50775 0.331667 0.0145 0.02
0 0.5365 0.292333 0.0045 0.0186667
0 0.507625 0.353333 0.00675 0.0206667
0 0.7945 0.463 0.012 0.03
0 0.506875 0.3155 0.00625 0.015
0 0.468875 0.473833 0.00725 0.033
0 0.46125 0.463 0.011 0.0273333
0 0.79925 0.448333 0.008 0.03
0 0.63475 0.5445 0.024 0.0416667
0 0.588625 0.311833 0.02425 0.0236667
0 0.5365 0.3285 0.0085 0.0163333
0 0.595125 0.346667 0.01275 0.02
0 0.7235 0.455333 0.004 0.026
0 0.448375 0.276333 0.02325 0.044
0 0.723875 0.459 0.01225 0.024
0 0.47025 0.277667 0.006 0.0133333
0 0.755 0.471833 0.024 0.0176667
0 0.42825 0.420333 0.0145 0.024
0 0.5415 0.4275 0.026 0.027
0 0.490625 0.377 0.01775 0.0233333
0 0.73625 0.447667 0.015 0.0253333
0 0.493875 0.564667 0.00625 0.016
0 0.64725 0.338 0.0245 0.0433333
0 0.43975 0.579833 0.013 0.0243333
0 0.461 0.457667 0.0035 0.032
0 0.369125 0.499167 0.01575 0.0263333
0 0.583375 0.342333 0.00775 0.022
0 0.56375 0.3705 0.024 0.035
0 0.619875 0.2915 0.00625 0.0176667
0 0.432125 0.404 0.00725 0.02
0 0.7315 0.471333 0.013 0.022
0 0.574 0.346833 0.0045 0.0376667
0 0.4195 0.438333 0.0125 0.0146667
0 0.549875 0.4365 0.00925 0.0216667
0 0.506125 0.298833 0.02225 0.0423333
0 0.472875 0.447833 0.00675 0.0336667
0 0.624125 0.347167 0.00975 0.023
0 0.620875 0.313 0.01125 0.026
0 0.527125 0.4265 0.00575 0.0243333
0 0.836125 0.4815 0.00925 0.0343333
0 0.453375 0.515667 0.02775 0.0426667
0 0.39075 0.4765 0.008 0.0263333
0 0.485875 0.376667 0.00625 0.0186667
0 0.36125 0.381333 0.0125 0.0213333
0 0.534875 0.491 0.01575 0.0293333
0 0.415625 0.2815 0.00825 0.0196667
0 0.4405 0.36 0.006 0.0206667
0 0.566625 0.284833 0.00575 0.0176667
0 0.429125 0.359 0.01475 0.0226667
0 0.749 0.5045 0.0145 0.0256667
0 0.490625 0.4195 0.01625 0.023
0 0.491375 0.303333 0.00475 0.02
0 0.615125 0.4555 0.01725 0.017
0 0.40325 0.4865 0.014 0.0283333
0 0.4285 0.272167 0.008 0.0136667
0 0.397875 0.504 0.00575 0.0226667
0 0.55775 0.314333 0.0155 0.0333333
0 0.7215 0.333667 0.023 0.0426667
0 0.51525 0.408167 0.0115 0.0296667
0 0.624375 0.340667 0.00575 0.0226667
0 0.357125 0.5815 0.01625 0.0283333
0 0.511 0.381667 0.006 0.024
0 0.493375 0.271 0.02425 0.0293333
0 0.579 0.3415 0.007 0.0236667
0 0.777375 0.4865 0.00925 0.0356667
0 0.5535 0.430667 0.004 0.0233333
0 0.685 0.587 0.0045 0.0253333
0 0.653875 0.451833 0.00675 0.0256667
0 0.723 0.481167 0.027 0.023
0 0.544875 0.425833 0.00575 0.027
0 0.407375 0.299833 0.00175 0.0203333
0 0.60225 0.568667 0.013 0.0253333
0 0.614625 0.342333 0.02475 0.036
0 0.494375 0.288333 0.01475 0.026
0 0.86 0.484 0.0255 0.0533333
0 0.473 0.336833 0.0265 0.0523333
0 0.453125 0.406667 0.02175 0.0326667
0 0.632625 0.475333 0.00875 0.0286667
0 0.632625 0.347667 0.00575 0.028
0 0.76825 0.473333 0.0135 0.0326667
0 0.557125 0.452 0.00675 0.0286667
0 0.4565 0.495667 0.007 0.038
0 0.5435 0.468667 0.011 0.0246667
0 0.470375 0.342 0.01225 0.0306667
0 0.612125 0.321 0.01075 0.0233333
0 0.823 0.492167 0.0105 0.037
0 0.439875 0.383167 0.02475 0.0443333
0 0.80375 0.447833 0.012 0.035
0 0.49 0.473 0.0115 0.024
0 0.411625 0.300167 0.00625 0.0176667
0 0.57475 0.351333 0.014 0.028
0 0.58575 0.458833 0.0115 0.0223333
0 0.535875 0.376333 0.01325 0.0273333
0 0.657375 0.471833 0.00775 0.0223333
0 0.415375 0.438167 0.00925 0.0203333
0 0.4655 0.370667 0.0145 0.028
0 0.657125 0.5655 0.01175 0.023
0 0.353125 0.4555 0.01425 0.0176667
0 0.444 0.468833 0.007 0.0323333
0 0.5805 0.521 0.025 0.0386667
0 0.748125 0.4965 0.01125 0.0276667
0 0.495 0.569167 0.0155 0.027
0 0.577375 0.709833 0.02525 0.0356667
0 0.46125 0.497 0.01 0.032
0 0.633125 0.446667 0.00625 0.0246667
0 0.506875 0.3815 0.00825 0.0236667
0 0.464625 0.292333 0.02475 0.048
0 0.57675 0.326833 0.0265 0.0336667
0 0.514375 0.354333 0.02375 0.0246667
0 0.73175 0.499333 0.011 0.034
0 0.557625 0.342667 0.00875 0.028
0 0.415875 0.584667 0.00625 0.026
0 0.633125 0.352667 0.01425 0.0333333
0 0.593125 0.371 0.02625 0.022
0 0.5025 0.685833 0.0265 0.0303333
0 0.651375 0.355833 0.02625 0.0336667
0 0.4665 0.332167 0.0195 0.0263333
0 0.447375 0.332833 0.02725 0.035
0 0.57025 0.314667 0.007 0.02
0 0.54275 0.389 0.026 0.0433333
0 0.50975 0.588333 0.0275 0.0386667
0 0.602875 0.3825 0.01075 0.0236667
0 0.468125 0.314833 0.02525 0.031
0 0.628 0.475 0.011 0.0306667
0 0.649125 0.596833 0.02025 0.0516667
0 0.580375 0.310333 0.02325 0.0366667
0 0.4205 0.376833 0.008 0.0243333
0 0.550625 0.253667 0.02525 0.038
0 0.5275 0.430833 0.0135 0.031
0 0.747125 0.439167 0.02775 0.041
0 0.539 0.432667 0.0275 0.0513333
0 0.535125 0.5925 0.02725 0.039
0 0.669375 0.598833 0.02425 0.047
0 0.572625 0.493167 0.02925 0.037
0 0.55125 0.287167 0.0225 0.041
0 0.436125 0.5155 0.02725 0.0503333
0 0.6975 0.6335 0.0215 0.029
0 0.42275 0.472167 0.024 0.0416667
0 0.855625 0.483333 0.02725 0.028
0 0.506625 0.471167 0.02475 0.043
0 0.639875 0.461333 0.02575 0.03
0 0.7795 0.4555 0.0285 0.0416667
0 0.698375 0.456167 0.02775 0.0336667
0 0.394 0.588333 0.027 0.044
0 0.58475 0.4875 0.024 0.039
0 0.63525 0.3105 0.0235 0.0303333
0 0.821875 0.455167 0.02625 0.0376667
0 0.42825 0.571 0.023 0.0326667
0 0.505875 0.316167 0.02625 0.041
0 0.506 0.3325 0.026 0.0396667
0 0.598 0.483333 0.0255 0.028
0 0.489625 0.354667 0.02525 0.05
0 0.75825 0.467167 0.0295 0.035
0 0.4275 0.422 0.028 0.0426667
0 0.481 0.315167 0.0255 0.037
0 0.493375 0.589667 0.02825 0.0413333
0 0.489125 0.377833 0.02575 0.0496667
0 0.39275 0.299833 0.0255 0.0283333
0 0.80575 0.472167 0.027 0.047
0 0.55625 0.315833 0.027 0.0436667
0 0.4645 0.3705 0.026 0.0396667
0 0.543375 0.582 0.02625 0.0313333
0 0.701875 0.476667 0.02625 0.0286667
0 0.4315 0.293833 0.024 0.0343333
0 0.460625 0.387333 0.02725 0.0486667
0 0.673375 0.564167 0.02475 0.0423333
0 0.523375 0.350667 0.02525 0.0313333
0 0.572375 0.282333 0.02325 0.0453333
0 0.534625 0.3265 0.02625 0.0443333
0 0.486 0.395333 0.0275 0.0573333
0 0.701 0.3275 0.0265 0.0483333
0 0.6145 0.455667 0.0285 0.038
0 0.647625 0.504333 0.02425 0.042
0 0.326375 0.588333 0.02425 0.0353333
0 0.60625 0.3545 0.028 0.0343333
0 0.635 0.5705 0.0255 0.0416667
0 0.676625 0.482167 0.02725 0.0396667
0 0.47725 0.498667 0.0245 0.0366667
0 0.52675 0.466 0.0285 0.044
0 0.659625 0.492833 0.02475 0.0376667
0 0.535125 0.378 0.02825 0.0373333
0 0.423125 0.311167 0.02325 0.047
0 0.422625 0.509333 0.02375 0.036
0 0.451375 0.5875 0.02375 0.0356667
0 0.688375 0.494667 0.02675 0.044
0 0.477875 0.35 0.02325 0.0486667
0 0.448 0.304667 0.025 0.036
0 0.586 0.4605 0.026 0.043
0 0.494375 0.571833 0.02675 0.0396667
0 0.7305 0.477 0.027 0.0433333
0 0.593 0.305333 0.0255 0.042
0 0.43225 0.406167 0.0265 0.0443333
0 0.7225 0.610667 0.0265 0.0493333
0 0.535375 0.298167 0.02525 0.0303333
0 0.4935 0.288833 0.0265 0.043
0 0.60525 0.288167 0.0255 0.0423333
0 0.785875 0.599667 0.02575 0.0266667
0 0.627375 0.587333 0.02725 0.0366667
0 0.538875 0.343833 0.02825 0.0376667
0 0.3865 0.688 0.0225 0.0546667
0 0.61825 0.3155 0.025 0.0403333
0 0.4735 0.6785 0.0275 0.031
0 0.523125 0.287833 0.02625 0.0403333
0 0.55175 0.3385 0.0275 0.047
0 0.556 0.4835 0.0295 0.0283333
0 0.564375 0.473 0.02875 0.0313333
0 0.6685 0.456 0.0275 0.04
0 0.493875 0.342833 0.02525 0.041
0 0.615 0.5955 0.0275 0.033
0 0.664 0.3215 0.0235 0.0443333
0 0.397875 0.505833 0.02475 0.037
0 0.35125 0.499333 0.024 0.028
0 0.747875 0.477333 0.02825 0.026
0 0.581625 0.343167 0.02725 0.0456667
0 0.79275 0.467167 0.028 0.031
0 0.634875 0.493833 0.02525 0.0356667
0 0.55975 0.5005 0.0275 0.041
0 0.501875 0.4215 0.02825 0.0356667
0 0.748875 0.499833 0.02825 0.0376667
0 0.3935 0.383 0.0245 0.0433333
0 0.584625 0.288333 0.02475 0.0433333
0 0.4265 0.271667 0.0265 0.0386667
0 0.522875 0.483333 0.02875 0.0273333
0 0.71825 0.315833 0.023 0.0423333
0 0.598125 0.3275 0.02675 0.0496667
0 0.4695 0.477667 0.029 0.0353333
0 0.693375 0.316 0.02425 0.0386667
0 0.68525 0.588833 0.027 0.0376667
0 0.40125 0.487833 0.029 0.0316667
0 0.522 0.6 0.0275 0.0366667
0 0.622875 0.344167 0.02625 0.043
0 0.443125 0.3995 0.02675 0.0436667
0 0.609125 0.483667 0.02875 0.038
0 0.5565 0.349833 0.0295 0.037
0 0.684625 0.461333 0.02775 0.0373333
0 0.46025 0.461833 0.03 0.0383333
0 0.714 0.505667 0.027 0.0453333
0 0.617625 0.2945 0.02625 0.037
0 0.439 0.581667 0.0255 0.0293333
0 0.51075 0.2775 0.025 0.037
0 0.456875 0.405 0.02625 0.0566667
0 0.5355 0.2765 0.023 0.043
0 0.824 0.4935 0.0285 0.0443333
0 0.464125 0.333333 0.02825 0.042
0 0.47325 0.450333 0.028 0.044
0 0.59325 0.35 0.027 0.0353333
0 0.777125 0.49 0.02825 0.0473333
0 0.50625 0.384167 0.026 0.0383333
0 0.468375 0.577833 0.02675 0.0323333
0 0.564 0.287667 0.024 0.0473333
0 0.518375 0.253667 0.02525 0.0526667
0 0.367375 0.498833 0.02725 0.037
0 0.6525 0.454833 0.027 0.039
0 0.572375 0.355333 0.02825 0.0386667
0 0.734375 0.450333 0.02925 0.038
0 0.70975 0.472833 0.029 0.033
0 0.402375 0.3335 0.02575 0.0503333
0 0.630625 0.356 0.02875 0.034
0 0.51425 0.4105 0.0275 0.0396667
0 0.364625 0.422833 0.02675 0.035
0 0.4895 0.416667 0.027 0.0386667
0 0.527375 0.433667 0.02975 0.0466667
0 0.46875 0.275833 0.028 0.049
0 0.8015 0.450167 0.0285 0.031
0 0.669125 0.494667 0.02675 0.046
0 0.73125 0.500833 0.0285 0.053
0 0.42725 0.360167 0.0265 0.0416667
0 0.388875 0.477833 0.02775 0.0276667
0 0.72225 0.456667 0.029 0.0446667
0 0.5065 0.3555 0.026 0.0456667
0 0.767375 0.478167 0.02975 0.0256667
0 0.535375 0.495 0.02925 0.0433333
0 0.61475 0.561167 0.027 0.0316667
0 0.438875 0.361167 0.02875 0.041
0 0.41475 0.282833 0.0245 0.0416667
0 0.609375 0.321833 0.02825 0.0423333
0 0.359875 0.383 0.02575 0.0313333
0 0.680375 0.322 0.02575 0.042
0 0.489625 0.304833 0.02625 0.0516667
0 0.4615 0.5 0.0295 0.0353333
0 0.835875 0.484667 0.02875 0.0266667
0 0.60125 0.572167 0.029 0.035
0 0.356 0.582667 0.0255 0.04
0 0.6565 0.567333 0.0285 0.038
0 0.414625 0.438833 0.02525 0.0416667
0 0.656125 0.473167 0.02925 0.0443333
0 0.48925 0.477833 0.0285 0.031
0 0.443625 0.473167 0.02975 0.0296667
0 0.352 0.455667 0.027 0.0353333
0 0.555375 0.455667 0.02975 0.0366667
0 0.56875 0.315833 0.0275 0.0503333
0 0.627625 0.4785 0.02875 0.0456667
0 0.55275 0.433667 0.0285 0.044
0 0.542625 0.473333 0.02975 0.0326667
0 0.630625 0.45 0.02825 0.0446667
0 0.602125 0.384 0.02575 0.036
0 0.41025 0.2995 0.027 0.043
0 0.415375 0.5895 0.02625 0.0403333
0 0.418625 0.377167 0.02825 0.0296667
