0 0.574875 0.4845 0.00425 0.009
0 0.6125 0.695833 0.004 0.00833333
0 0.704 0.501 0.0035 0.0126667
0 0.800375 0.4965 0.00425 0.0116667
0 0.595 0.664333 0.038 0.0486667
0 0.44175 0.5675 0.0045 0.00366667
0 0.904375 0.512833 0.00325 0.00433333
0 0.60075 0.7095 0.0105 0.013
0 0.504 0.484833 0.03 0.0296667
0 0.59025 0.709333 0.0185 0.022
0 0.61975 0.567667 0.0205 0.0246667
0 0.492375 0.4855 0.00875 0.0136667
0 0.81375 0.506167 0.0045 0.007
0 0.37975 0.564833 0.027 0.0196667
0 0.771 0.488333 0.005 0.0106667
0 0.700375 0.525 0.00275 0.0133333
0 0.62925 0.572833 0.0035 0.009
0 0.64175 0.490167 0.006 0.011
0 0.64225 0.582333 0.0045 0.0113333
0 0.505875 0.125 0.01175 0.0206667
0 0.429875 0.556667 0.00275 0.0106667
0 0.84175 0.503333 0.003 0.0186667
0 0.40875 0.561833 0.004 0.005
0 0.696125 0.520667 0.04275 0.0206667
0 0.61275 0.489333 0.0045 0.01
0 0.647375 0.5605 0.01925 0.0176667
0 0.79625 0.546167 0.0035 0.0196667
0 0.62075 0.487667 0.006 0.00933333
0 0.650125 0.553167 0.00575 0.007
0 0.734375 0.502333 0.00275 0.0113333
0 0.58975 0.7275 0.014 0.0136667
0 0.64525 0.418333 0.0185 0.0146667
0 0.5515 0.709667 0.007 0.0153333
0 0.625125 0.698167 0.00275 0.0116667
0 0.478875 0.562 0.00475 0.0126667
0 0.8255 0.514833 0.006 0.013
0 0.6925 0.576 0.0035 0.01
0 0.69625 0.529 0.003 0.00666667
0 0.450125 0.483667 0.01025 0.00933333
0 0.396 0.556833 0.0025 0.009
0 0.458375 0.5625 0.00425 0.00366667
0 0.462125 0.4335 0.02475 0.0256667
0 0.624625 0.495 0.00225 0.00866667
0 0.779375 0.501 0.00325 0.008
0 0.961125 0.522167 0.02175 0.0196667
0 0.680375 0.518 0.00575 0.0473333
0 0.4085 0.556667 0.0065 0.00733333
0 0.388625 0.474 0.01975 0.0113333
0 0.575 0.690333 0.0055 0.0133333
0 0.655625 0.542833 0.00675 0.0123333
0 0.771375 0.5015 0.00375 0.00566667
0 0.63325 0.611833 0.0045 0.0116667
0 0.79225 0.516833 0.0145 0.009
0 0.647125 0.489167 0.00575 0.00633333
0 0.457875 0.428333 0.01975 0.0133333
0 0.64 0.708 0.0185 0.0273333
0 0.470375 0.495333 0.00675 0.00733333
0 0.94125 0.523167 0.0015 0.00833333
0 0.497125 0.632 0.06425 0.0313333
0 0.721375 0.503167 0.00525 0.0116667
0 0.413875 0.500667 0.01325 0.0233333
0 0.828875 0.504167 0.00575 0.0156667
0 0.633625 0.650667 0.00225 0.0133333
0 0.6245 0.612667 0.0045 0.016
0 0.533875 0.477167 0.01675 0.0323333
0 0.600125 0.7015 0.00625 0.011
0 0.36425 0.547833 0.0185 0.015
0 0.654375 0.676667 0.00275 0.016
0 0.493625 0.625833 0.01425 0.00833333
0 0.26425 0.990333 0.012 0.00866667
0 0.617625 0.572 0.00775 0.00933333
0 0.737125 0.495333 0.01425 0.0173333
0 0.385375 0.479833 0.01475 0.019
0 0.666375 0.562833 0.00475 0.015
0 0.4255 0.556667 0.005 0.00666667
0 0.60825 0.538 0.0035 0.006
0 0.608625 0.712333 0.00475 0.0133333
0 0.441 0.474 0.0045 0.0113333
0 0.63775 0.568 0.0045 0.00666667
0 0.244375 0.972833 0.01325 0.015
0 0.7265 0.506167 0.022 0.013
0 0.312375 0.547333 0.00275 0.0126667
0 0.729375 0.502 0.00275 0.00533333
0 0.553875 0.557333 0.00375 0.00866667
0 0.6925 0.550333 0.007 0.006
0 0.675125 0.568667 0.00525 0.0113333
0 0.73775 0.525 0.0035 0.0133333
0 0.440875 0.566167 0.04675 0.0336667
0 0.704125 0.484167 0.00425 0.0103333
0 0.57025 0.552333 0.014 0.0326667
0 0.9825 0.504667 0.0025 0.01
0 0.679125 0.568 0.00475 0.0133333
0 0.529 0.484833 0.007 0.00766667
0 0.678875 0.540667 0.00375 0.008
0 0.445 0.557167 0.0245 0.007
0 0.3875 0.470333 0.0045 0.0406667
0 0.941375 0.517833 0.00475 0.011
0 0.39525 0.484833 0.0055 0.011
0 0.7165 0.546 0.004 0.0126667
0 0.453875 0.479333 0.00375 0.01
0 0.6795 0.544833 0.0025 0.00366667
0 0.970875 0.523667 0.00275 0.014
0 0.60525 0.7185 0.011 0.0123333
0 0.416 0.495833 0.0035 0.0103333
0 0.432875 0.546833 0.03925 0.0156667
0 0.75075 0.5095 0.0185 0.0183333
0 0.9455 0.512 0.003 0.00666667
0 0.6715 0.696167 0.0065 0.0143333
0 0.62125 0.718333 0.003 0.014
0 0.582625 0.562667 0.00575 0.0126667
0 0.416625 0.5565 0.00325 0.00833333
0 0.638 0.485 0.0065 0.00866667
0 0.5915 0.567833 0.0045 0.007
0 0.453625 0.561167 0.00875 0.0143333
0 0.437625 0.5575 0.00575 0.0136667
0 0.545125 0.551667 0.00525 0.00933333
0 0.796125 0.506833 0.00425 0.0123333
0 0.519375 0.5555 0.00275 0.0316667
0 0.383125 0.538667 0.00375 0.022
0 0.5585 0.495333 0.0065 0.018
0 0.681625 0.5375 0.00875 0.023
0 0.782375 0.556 0.00475 0.0246667
0 0.678875 0.495 0.00525 0.0126667
0 0.783375 0.556667 0.00225 0.00533333
0 0.690625 0.513667 0.01075 0.0106667
0 0.588125 0.489667 0.00725 0.006
0 0.6125 0.671667 0.0135 0.0206667
0 0.558375 0.501 0.00425 0.0133333
0 0.666375 0.568167 0.00425 0.013
0 0.634 0.682667 0.011 0.00866667
0 0.62025 0.568333 0.0055 0.0166667
0 0.4705 0.562 0.0035 0.008
0 0.543 0.472833 0.016 0.025
0 0.483125 0.4895 0.00275 0.00766667
0 0.500125 0.496667 0.00325 0.00933333
0 0.424625 0.495667 0.00475 0.00866667
0 0.935625 0.5055 0.00725 0.017
0 0.533 0.479833 0.005 0.007
0 0.91225 0.505333 0.0085 0.014
0 0.667 0.496333 0.0055 0.014
0 0.684125 0.501667 0.00675 0.0526667
0 0.600375 0.567667 0.00825 0.0113333
0 0.24325 0.9675 0.016 0.0356667
0 0.202125 0.888667 0.01425 0.0393333
0 0.8585 0.504333 0.027 0.0253333
0 0.6935 0.537667 0.0135 0.0286667
0 0.4425 0.4825 0.009 0.0176667
0 0.662875 0.4955 0.00725 0.005
0 0.637875 0.502 0.00425 0.0146667
0 0.331625 0.412 0.01325 0.0173333
0 0.27675 0.388333 0.008 0.0113333
0 0.70375 0.506667 0.003 0.0126667
0 0.59275 0.721667 0.019 0.004
0 0.841875 0.508833 0.00225 0.0156667
0 0.657875 0.433 0.01425 0.02
0 0.63875 0.619833 0.024 0.0203333
0 0.683625 0.541333 0.00225 0.0146667
0 0.716875 0.501333 0.00575 0.00533333
0 0.40375 0.4865 0.0035 0.00766667
0 0.63325 0.500833 0.006 0.00833333
0 0.642625 0.585667 0.00175 0.0113333
0 0.63325 0.647167 0.0045 0.0156667
0 0.5835 0.696667 0.022 0.0266667
0 0.445875 0.569 0.00275 0.00933333
0 0.82475 0.497833 0.0035 0.0203333
0 0.662625 0.529333 0.00375 0.0106667
0 0.67525 0.5635 0.0045 0.0176667
0 0.63325 0.489167 0.0035 0.0136667
0 0.62075 0.6535 0.0045 0.0156667
0 0.8005 0.568667 0.002 0.012
0 0.422 0.542667 0.0185 0.0166667
0 0.650125 0.490667 0.00375 0.0126667
0 0.8165 0.507 0.0035 0.016
0 0.6755 0.696833 0.005 0.0203333
0 0.666875 0.662167 0.01325 0.0343333
0 0.703875 0.552 0.00475 0.0126667
0 0.37475 0.551333 0.0055 0.0153333
0 0.570625 0.495167 0.00375 0.007
0 0.58525 0.478167 0.011 0.0223333
0 0.44325 0.988 0.01 0.014
0 0.383625 0.556667 0.00375 0.00666667
0 0.67275 0.656333 0.014 0.00933333
0 0.75025 0.504167 0.0045 0.0143333
0 0.657875 0.573 0.00275 0.00933333
0 0.596625 0.5005 0.02375 0.0103333
0 0.695125 0.502 0.00425 0.0106667
0 0.609625 0.489 0.00775 0.0273333
0 0.554375 0.676 0.00425 0.0153333
0 0.307875 0.547333 0.00375 0.00866667
0 0.620625 0.716667 0.01775 0.0113333
0 0.986125 0.498667 0.00325 0.006
0 0.638875 0.5705 0.01125 0.037
0 0.627625 0.694167 0.00875 0.015
0 0.400625 0.541333 0.01475 0.0186667
0 0.695625 0.524 0.00425 0.0146667
0 0.724625 0.553167 0.03875 0.025
0 0.572125 0.56 0.02225 0.0246667
0 0.62825 0.717667 0.011 0.00666667
0 0.6075 0.695667 0.005 0.00666667
0 0.65 0.578667 0.002 0.00866667
0 0.55925 0.504667 0.0155 0.0126667
0 0.657625 0.567667 0.00275 0.014
0 0.625125 0.482667 0.04475 0.0193333
0 0.704375 0.554833 0.01125 0.033
0 0.65075 0.700667 0.017 0.008
0 0.7915 0.518333 0.003 0.0126667
0 0.440875 0.479333 0.00275 0.00933333
0 0.624125 0.669833 0.01975 0.0116667
0 0.63125 0.716333 0.0095 0.0213333
0 0.78625 0.518 0.004 0.0106667
0 0.674375 0.4915 0.00425 0.0183333
0 0.540625 0.561167 0.01375 0.015
0 0.33875 0.348333 0.018 0.0106667
0 0.65425 0.569 0.012 0.014
0 0.48325 0.485833 0.018 0.023
0 0.432875 0.5505 0.00325 0.0143333
0 0.579125 0.690333 0.00375 0.0186667
0 0.562125 0.4905 0.00575 0.0116667
0 0.50325 0.472833 0.003 0.0256667
0 0.670625 0.546667 0.00325 0.008
0 0.6635 0.636833 0.045 0.0276667
0 0.62175 0.703167 0.021 0.0176667
0 0.658125 0.567667 0.03275 0.012
0 0.41275 0.556167 0.006 0.0123333
0 0.6305 0.618333 0.016 0.022
0 0.7875 0.496667 0.0125 0.018
0 0.45025 0.570667 0.0245 0.0126667
0 0.857125 0.490333 0.00875 0.016
0 0.603625 0.701333 0.00525 0.0173333
0 0.596 0.707167 0.0025 0.009
0 0.52825 0.561333 0.035 0.0173333
0 0.584125 0.486167 0.00425 0.029
0 0.64225 0.549 0.025 0.0233333
0 0.615625 0.687833 0.00625 0.005
0 0.488 0.5665 0.007 0.00966667
0 0.623 0.710167 0.0055 0.0203333
0 0.82075 0.510833 0.016 0.0136667
0 0.659 0.555333 0.012 0.0113333
0 0.478625 0.488667 0.01725 0.0393333
0 0.677125 0.514833 0.01875 0.023
0 0.375 0.557333 0.0045 0.00733333
0 0.3665 0.557667 0.0035 0.00933333
0 0.687125 0.518667 0.00475 0.0113333
0 0.612 0.6705 0.004 0.0123333
0 0.366 0.541167 0.004 0.015
0 0.556125 0.482 0.02425 0.0246667
0 0.62025 0.65 0.0075 0.00866667
0 0.42 0.5565 0.004 0.0143333
0 0.4255 0.498667 0.017 0.0293333
0 0.541875 0.565833 0.00725 0.0196667
0 0.47625 0.502333 0.014 0.026
0 0.699 0.517333 0.016 0.0166667
0 0.78425 0.5595 0.003 0.0283333
0 0.459875 0.484833 0.01325 0.0396667
0 0.617375 0.717 0.00575 0.00266667
0 0.625 0.681333 0.006 0.01
0 0.520375 0.477833 0.01075 0.0176667
0 0.6205 0.714 0.005 0.0193333
0 0.612 0.691167 0.0045 0.017
0 0.6495 0.574167 0.005 0.0143333
0 0.570875 0.49 0.00575 0.0113333
0 0.83325 0.508167 0.0255 0.0163333
0 0.611375 0.552333 0.01025 0.014
0 0.628875 0.6115 0.00575 0.0176667
0 0.62775 0.6755 0.0105 0.0136667
0 0.637625 0.5845 0.00225 0.007
0 0.581875 0.685833 0.01775 0.017
0 0.592125 0.565833 0.02125 0.0183333
0 0.3355 0.411167 0.0135 0.011
0 0.89275 0.5605 0.039 0.0236667
0 0.587 0.560667 0.009 0.0286667
0 0.411875 0.555167 0.02375 0.0116667
0 0.62475 0.4895 0.004 0.013
0 0.657375 0.483333 0.01475 0.022
0 0.576125 0.483167 0.01425 0.041
0 0.626 0.442333 0.016 0.03
0 0.558125 0.552167 0.00375 0.0123333
0 0.62525 0.577167 0.027 0.0216667
0 0.713 0.480667 0.0055 0.014
0 0.636375 0.589167 0.01825 0.0216667
0 0.499 0.494 0.0055 0.0206667
0 0.253625 0.384333 0.02675 0.0186667
0 0.3955 0.4855 0.0035 0.0303333
0 0.634875 0.642333 0.00975 0.0166667
0 0.39425 0.531 0.0085 0.0233333
0 0.623375 0.525333 0.01225 0.0293333
0 0.906625 0.506333 0.00675 0.0226667
0 0.64575 0.492833 0.034 0.0183333
0 0.702375 0.488833 0.02125 0.0156667
0 0.370875 0.493667 0.02825 0.0193333
0 0.5955 0.701667 0.0045 0.0166667
0 0.563125 0.679167 0.01875 0.00966667
0 0.7825 0.525167 0.002 0.0163333
0 0.479625 0.564833 0.01725 0.0216667
0 0.607125 0.484333 0.00875 0.0173333
0 0.661875 0.5345 0.01925 0.0176667
0 0.714375 0.504333 0.02325 0.0166667
0 0.083375 0.828333 0.01725 0.032
0 0.68775 0.547667 0.046 0.0293333
0 0.7815 0.566333 0.0105 0.00933333
0 0.552625 0.675167 0.01725 0.0216667
0 0.70425 0.481667 0.009 0.0166667
0 0.45725 0.558833 0.0085 0.0123333
0 0.52475 0.429 0.017 0.014
0 0.6125 0.692833 0.012 0.00766667
0 0.58375 0.504333 0.017 0.012
0 0.59975 0.572667 0.0145 0.0126667
0 0.433875 0.4985 0.00575 0.0163333
0 0.89075 0.505167 0.012 0.0323333
0 0.33425 0.524167 0.0215 0.0163333
0 0.388125 0.5455 0.01675 0.015
0 0.775125 0.501167 0.00475 0.0163333
0 0.531125 0.4835 0.01825 0.009
0 0.653125 0.671 0.00675 0.00733333
0 0.330125 0.410833 0.02225 0.0283333
0 0.424875 0.559833 0.02125 0.0183333
0 0.601375 0.675333 0.02325 0.03
0 0.61775 0.559333 0.005 0.00933333
0 0.525375 0.558833 0.00975 0.0503333
0 0.471875 0.5635 0.01075 0.033
0 0.46375 0.481833 0.005 0.0123333
0 0.80825 0.4975 0.0075 0.00633333
0 0.594625 0.576667 0.02575 0.0306667
0 0.805 0.508667 0.0045 0.0153333
0 0.63675 0.6075 0.007 0.0123333
0 0.594625 0.727833 0.03025 0.009
0 0.672625 0.692833 0.01525 0.0116667
0 0.5465 0.5525 0.0065 0.0323333
0 0.677 0.521833 0.0245 0.0156667
0 0.642125 0.485833 0.01475 0.0103333
0 0.647125 0.583333 0.02275 0.0186667
0 0.45425 0.481 0.005 0.0233333
0 0.707375 0.544833 0.00575 0.021
0 0.395375 0.551667 0.00525 0.0173333
0 0.55475 0.713 0.009 0.0206667
0 0.563125 0.4905 0.01675 0.0296667
0 0.67525 0.569 0.0235 0.02
0 0.6415 0.4805 0.006 0.00633333
0 0.799375 0.502833 0.01575 0.0276667
0 0.338375 0.3535 0.01925 0.0163333
0 0.66225 0.485333 0.003 0.0133333
0 0.439625 0.563833 0.01925 0.009
0 0.4005 0.49 0.014 0.0313333
0 0.358 0.4855 0.002 0.005
0 0.8 0.573 0.0115 0.026
0 0.686875 0.514167 0.02625 0.0156667
0 0.69925 0.499167 0.008 0.019
0 0.544 0.4885 0.013 0.0323333
0 0.4175 0.498667 0.0105 0.0173333
0 0.6175 0.696833 0.014 0.015
0 0.52325 0.423333 0.0155 0.0113333
0 0.667625 0.5665 0.01125 0.0223333
0 0.596625 0.495667 0.02775 0.026
0 0.6235 0.646833 0.0015 0.00766667
0 0.6285 0.607667 0.009 0.008
0 0.659375 0.575667 0.00675 0.0186667
0 0.441125 0.558 0.02375 0.016
0 0.679625 0.576167 0.01025 0.0156667
0 0.62675 0.660833 0.003 0.013
0 0.3595 0.535667 0.0125 0.0293333
0 0.617875 0.659833 0.02225 0.009
0 0.582375 0.496667 0.01325 0.00933333
0 0.788125 0.503 0.01225 0.0133333
0 0.716 0.486 0.0135 0.0246667
0 0.498875 0.635167 0.00975 0.0303333
0 0.687 0.521 0.011 0.0166667
0 0.701 0.509167 0.0205 0.0143333
0 0.80875 0.565667 0.014 0.00733333
0 0.671 0.531167 0.0115 0.0196667
0 0.68925 0.571333 0.017 0.0226667
0 0.621875 0.4375 0.01675 0.0196667
0 0.369375 0.5355 0.00525 0.0176667
0 0.7665 0.494833 0.006 0.0303333
0 0.272 0.394333 0.0155 0.00733333
0 0.50125 0.4765 0.0235 0.023
0 0.547 0.479667 0.0185 0.02
0 0.638 0.683333 0.0065 0.0106667
0 0.39325 0.464667 0.004 0.028
0 0.856625 0.491833 0.02175 0.0143333
0 0.782625 0.529167 0.01025 0.00966667
0 0.65025 0.576833 0.0105 0.00766667
0 0.692625 0.523667 0.01475 0.022
0 0.6705 0.565333 0.007 0.0126667
0 0.502875 0.628667 0.00975 0.0106667
0 0.617125 0.491333 0.01775 0.014
0 0.655125 0.582167 0.01775 0.0136667
0 0.625375 0.7205 0.01275 0.0143333
0 0.635625 0.677 0.01125 0.0133333
0 0.954625 0.515833 0.02775 0.019
0 0.397375 0.531667 0.01275 0.0326667
0 0.62625 0.692667 0.0145 0.024
0 0.8005 0.553833 0.0185 0.011
0 0.304375 0.398667 0.01625 0.022
0 0.43325 0.565167 0.034 0.0203333
0 0.721 0.5525 0.008 0.057
0 0.606125 0.714 0.01625 0.0186667
0 0.642125 0.615167 0.00825 0.013
0 0.563 0.503333 0.017 0.00733333
0 0.5595 0.563667 0.0165 0.024
0 0.70475 0.525667 0.0065 0.0113333
0 0.528875 0.486 0.01225 0.0273333
0 0.665625 0.5655 0.01275 0.009
0 0.637375 0.485167 0.00525 0.019
0 0.303375 0.394167 0.01025 0.0196667
0 0.6085 0.5595 0.0025 0.023
0 0.7245 0.496333 0.0115 0.0106667
0 0.645 0.564167 0.01 0.0123333
0 0.61575 0.6635 0.0075 0.0143333
0 0.95425 0.502833 0.0035 0.0256667
0 0.40475 0.497667 0.0035 0.0166667
0 0.688375 0.497167 0.00425 0.009
0 0.937875 0.513833 0.00475 0.0123333
0 0.580125 0.689 0.01175 0.0373333
0 0.7405 0.522833 0.0035 0.009
0 0.6715 0.498167 0.015 0.009
0 0.679 0.5645 0.015 0.00966667
0 0.6465 0.589 0.0145 0.0133333
0 0.6205 0.486167 0.009 0.015
0 0.544625 0.499833 0.02825 0.0136667
0 0.939 0.528167 0.0265 0.019
0 0.3895 0.467333 0.004 0.022
0 0.678 0.690667 0.009 0.00866667
0 0.5995 0.666167 0.0085 0.00566667
0 0.646375 0.572167 0.00775 0.0123333
0 0.4125 0.548667 0.0025 0.00666667
0 0.354625 0.4895 0.00825 0.009
0 0.67025 0.523 0.0105 0.0266667
0 0.434 0.551667 0.011 0.0373333
0 0.27625 0.399833 0.0205 0.015
0 0.791625 0.520833 0.00475 0.0236667
0 0.251125 0.380333 0.02125 0.00866667
0 0.58725 0.704333 0.003 0.0126667
0 0.4735 0.490167 0.0035 0.0136667
0 0.66275 0.493167 0.0205 0.019
0 0.44425 0.563833 0.0055 0.0103333
0 0.521125 0.485167 0.00875 0.0156667
0 0.70125 0.528667 0.0165 0.0233333
0 0.957875 0.504167 0.01375 0.0176667
0 0.6705 0.490833 0.022 0.0196667
0 0.570375 0.545833 0.00275 0.011
0 0.554 0.554333 0.016 0.0366667
0 0.4555 0.571 0.028 0.02
0 0.852875 0.493167 0.00875 0.0203333
0 0.671 0.5495 0.003 0.015
0 0.904375 0.500667 0.01075 0.0166667
0 0.37875 0.551667 0.009 0.0113333
0 0.379625 0.476333 0.02075 0.0173333
0 0.63375 0.613667 0.013 0.0166667
0 0.809 0.502167 0.0065 0.017
0 0.72575 0.547333 0.004 0.01
0 0.7885 0.530833 0.0125 0.0223333
0 0.900625 0.501167 0.00925 0.021
0 0.61325 0.543333 0.026 0.022
0 0.514875 0.481333 0.00575 0.0153333
0 0.64575 0.581167 0.0135 0.013
0 0.621375 0.5725 0.00975 0.0276667
0 0.71325 0.553167 0.0065 0.0103333
0 0.839875 0.505 0.00675 0.00866667
0 0.436625 0.546333 0.00225 0.01
0 0.496125 0.4845 0.01875 0.0143333
0 0.921875 0.515667 0.01375 0.026
0 0.429875 0.565333 0.01675 0.016
0 0.63825 0.652667 0.009 0.0146667
0 0.824375 0.498333 0.00875 0.00666667
0 0.609125 0.529833 0.01675 0.019
0 0.674875 0.564167 0.01325 0.0163333
0 0.689875 0.515667 0.01075 0.024
0 0.73825 0.503833 0.0075 0.0143333
0 0.584 0.6825 0.0025 0.0123333
0 0.655 0.496667 0.02 0.0153333
0 0.374625 0.549333 0.01225 0.014
0 0.982875 0.505667 0.00625 0.008
0 0.55075 0.715 0.0095 0.016
0 0.6355 0.7125 0.014 0.015
0 0.704625 0.507833 0.00875 0.0236667
0 0.632875 0.648333 0.00375 0.00866667
0 0.366125 0.544667 0.00125 0.00866667
0 0.645125 0.544 0.00225 0.0106667
0 0.93175 0.507833 0.0025 0.00833333
0 0.683625 0.546833 0.00975 0.0596667
0 0.63875 0.5065 0.015 0.0196667
0 0.60375 0.702167 0.0135 0.0176667
0 0.656 0.426333 0.0215 0.0153333
0 0.94075 0.519833 0.009 0.0156667
0 0.331125 0.529667 0.00825 0.0113333
0 0.640625 0.677667 0.00475 0.00733333
0 0.541375 0.4745 0.00625 0.0156667
0 0.600125 0.708333 0.02775 0.0126667
0 0.663125 0.5755 0.01425 0.013
0 0.585375 0.487333 0.02125 0.01
0 0.783375 0.572167 0.01025 0.013
0 0.608625 0.5745 0.03025 0.025
0 0.583 0.567 0.0135 0.0313333
0 0.65925 0.490667 0.0065 0.0166667
0 0.696 0.549 0.0095 0.0193333
0 0.583125 0.477 0.00475 0.0213333
0 0.33725 0.534667 0.0115 0.0113333
0 0.644 0.694667 0.005 0.00733333
0 0.796875 0.5525 0.00675 0.0143333
0 0.9575 0.499333 0.0045 0.0146667
0 0.67 0.694333 0.029 0.014
0 0.419875 0.553833 0.01075 0.009
0 0.463125 0.569833 0.01225 0.0503333
0 0.428875 0.491167 0.00425 0.013
0 0.605 0.573333 0.0155 0.02
0 0.387375 0.5395 0.00375 0.013
0 0.75025 0.5045 0.014 0.011
0 0.536375 0.474833 0.00375 0.0116667
0 0.656875 0.673167 0.00475 0.011
0 0.85825 0.498667 0.0055 0.01
0 0.628625 0.569667 0.00525 0.018
0 0.630125 0.496333 0.01475 0.0173333
0 0.39825 0.478167 0.0025 0.0203333
0 0.383 0.5425 0.007 0.0103333
0 0.699125 0.520833 0.01075 0.0336667
0 0.638125 0.4915 0.01425 0.0143333
0 0.679375 0.6965 0.01075 0.0123333
0 0.548375 0.5465 0.00225 0.0143333
0 0.310625 0.542667 0.00425 0.00933333
0 0.3795 0.558167 0.018 0.0143333
0 0.594875 0.665333 0.01425 0.02
0 0.623875 0.683333 0.00175 0.00933333
0 0.903875 0.4975 0.00475 0.0136667
0 0.65375 0.678667 0.0075 0.0193333
0 0.821125 0.5065 0.01075 0.0176667
0 0.892625 0.5145 0.01475 0.0203333
0 0.5245 0.493 0.009 0.0133333
0 0.667375 0.645167 0.00325 0.015
0 0.566125 0.485167 0.00275 0.013
0 0.36925 0.551667 0.0025 0.00933333
0 0.80025 0.546667 0.004 0.00666667
0 0.829375 0.501 0.01625 0.0213333
0 0.433625 0.558833 0.00725 0.0176667
0 0.946625 0.512333 0.01575 0.0253333
0 0.64175 0.697833 0.0025 0.015
0 0.764875 0.504833 0.02775 0.017
0 0.816 0.501667 0.009 0.0126667
0 0.7255 0.5025 0.0085 0.0103333
0 0.573375 0.489667 0.02175 0.0206667
0 0.919625 0.510667 0.00275 0.00733333
0 0.91225 0.513667 0.0105 0.0186667
0 0.58675 0.675667 0.0025 0.008
0 0.43475 0.553333 0.0065 0.0166667
0 0.391625 0.560167 0.00875 0.007
0 0.626 0.537 0.0125 0.0153333
0 0.63425 0.491 0.0065 0.0153333
0 0.59525 0.564667 0.006 0.0166667
0 0.584 0.677 0.007 0.0213333
0 0.63725 0.615667 0.01 0.01
0 0.737875 0.525333 0.00575 0.018
0 0.630125 0.662667 0.00175 0.02
0 0.654125 0.554333 0.01825 0.0173333
0 0.707875 0.502167 0.00375 0.011
0 0.64225 0.503 0.0085 0.00866667
0 0.590625 0.6985 0.00175 0.00766667
0 0.662125 0.569667 0.00575 0.0106667
0 0.615875 0.485833 0.00575 0.0163333
0 0.538 0.486 0.0085 0.0246667
0 0.629625 0.685333 0.01475 0.02
0 0.437875 0.551333 0.00725 0.0126667
0 0.77075 0.496667 0.01 0.014
0 0.268 0.986333 0.015 0.0273333
0 0.55725 0.672167 0.0095 0.015
0 0.628875 0.614167 0.01075 0.00966667
0 0.413125 0.5645 0.01925 0.0176667
0 0.545625 0.474 0.00675 0.018
0 0.62325 0.670667 0.019 0.0306667
0 0.674875 0.697167 0.00825 0.0123333
0 0.588 0.4785 0.008 0.017
0 0.35775 0.533333 0.001 0.0126667
0 0.97475 0.519167 0.008 0.0203333
0 0.3145 0.540167 0.024 0.027
0 0.78325 0.555 0.018 0.0146667
0 0.82025 0.5 0.0055 0.0146667
0 0.62525 0.490667 0.0205 0.0126667
0 0.687625 0.543 0.00425 0.0133333
0 0.640375 0.584 0.00425 0.008
0 0.621375 0.573833 0.00625 0.0183333
0 0.58775 0.6805 0.006 0.00766667
0 0.459375 0.425167 0.02275 0.0276667
0 0.624125 0.7155 0.01125 0.007
0 0.6105 0.5545 0.015 0.037
0 0.553375 0.559667 0.00675 0.014
0 0.60775 0.699 0.0135 0.0193333
0 0.7955 0.515833 0.0025 0.039
0 0.683875 0.574833 0.01325 0.015
0 0.67075 0.644333 0.017 0.0126667
0 0.582875 0.6915 0.00775 0.0123333
0 0.420875 0.559 0.01975 0.0113333
0 0.482625 0.558167 0.00325 0.017
0 0.783375 0.502333 0.01725 0.0166667
0 0.795 0.511 0.02 0.0293333
0 0.332875 0.534833 0.00725 0.00833333
0 0.946375 0.526 0.01225 0.0133333
0 0.621125 0.529833 0.00325 0.0123333
0 0.6045 0.495833 0.009 0.021
0 0.42025 0.4915 0.0035 0.0116667
0 0.665625 0.524667 0.00425 0.0126667
0 0.842 0.51 0.009 0.0166667
0 0.75425 0.5035 0.015 0.0143333
0 0.682625 0.570167 0.00675 0.009
0 0.454625 0.5645 0.00425 0.0136667
0 0.566375 0.553333 0.00575 0.0153333
0 0.895375 0.507333 0.00475 0.0146667
0 0.654625 0.552 0.02075 0.0546667
0 0.630125 0.703833 0.01225 0.0223333
0 0.675125 0.6625 0.01075 0.00766667
0 0.950125 0.514 0.01175 0.0146667
0 0.98675 0.505 0.01 0.0153333
0 0.40675 0.4905 0.0015 0.013
0 0.391 0.478667 0.0035 0.008
0 0.71975 0.4985 0.004 0.015
0 0.61175 0.485167 0.0085 0.0163333
0 0.60725 0.703 0.009 0.00933333
0 0.653875 0.575667 0.00975 0.0113333
0 0.817125 0.508667 0.00875 0.0133333
0 0.449375 0.563167 0.00375 0.00766667
0 0.466875 0.564 0.00575 0.012
0 0.684375 0.5475 0.01675 0.021
0 0.354125 0.4915 0.00275 0.0103333
0 0.709 0.485333 0.016 0.0173333
0 0.9255 0.514167 0.011 0.0156667
0 0.59475 0.7255 0.0265 0.041
0 0.312375 0.548167 0.01325 0.013
0 0.631625 0.4845 0.00775 0.015
0 0.545375 0.492667 0.01675 0.012
0 0.578625 0.692167 0.00825 0.0103333
0 0.57575 0.4965 0.015 0.0176667
0 0.691875 0.519833 0.01225 0.009
0 0.708625 0.508167 0.01075 0.0136667
0 0.700125 0.525 0.00925 0.012
0 0.845375 0.508667 0.01025 0.018
0 0.632125 0.659833 0.00275 0.009
0 0.6505 0.548167 0.009 0.015
0 0.410625 0.553 0.01225 0.044
0 0.775 0.505 0.011 0.0113333
0 0.604375 0.494 0.02725 0.0146667
0 0.6525 0.5715 0.014 0.0316667
0 0.855125 0.502833 0.01275 0.0336667
0 0.358125 0.492667 0.00675 0.008
0 0.458 0.473667 0.002 0.0186667
0 0.766 0.499167 0.0045 0.00833333
0 0.57525 0.491167 0.0085 0.0176667
0 0.896375 0.556 0.01575 0.0213333
0 0.61125 0.7175 0.0125 0.00633333
0 0.6375 0.503833 0.0105 0.00766667
0 0.7 0.503833 0.011 0.0103333
0 0.399875 0.537 0.00625 0.0106667
0 0.58825 0.57 0.016 0.0153333
0 0.61675 0.669833 0.013 0.015
0 0.44525 0.475 0.0025 0.00933333
0 0.67425 0.542667 0.0025 0.0106667
0 0.567375 0.551167 0.01325 0.019
0 0.51675 0.486333 0.01 0.016
0 0.50825 0.635 0.0055 0.0126667
0 0.479375 0.497667 0.00975 0.0186667
0 0.624875 0.4895 0.01625 0.031
0 0.6725 0.692667 0.0105 0.034
0 0.634 0.574 0.011 0.0173333
0 0.650375 0.491 0.01525 0.0166667
0 0.721 0.492 0.011 0.0193333
0 0.603625 0.524667 0.00375 0.0126667
0 0.370875 0.487833 0.01075 0.0103333
0 0.61275 0.7215 0.012 0.0143333
0 0.65425 0.491167 0.009 0.0136667
0 0.944875 0.519 0.00475 0.0173333
0 0.71725 0.491667 0.0085 0.02
0 0.601375 0.531833 0.02475 0.025
0 0.692 0.576667 0.006 0.0173333
0 0.956875 0.510833 0.00175 0.021
0 0.66675 0.530333 0.015 0.0146667
0 0.67925 0.490667 0.0115 0.016
0 0.84425 0.503333 0.003 0.01
0 0.396125 0.559 0.00725 0.018
0 0.555125 0.4895 0.01375 0.0276667
0 0.94475 0.516833 0.023 0.013
0 0.695125 0.5725 0.00775 0.0156667
0 0.577625 0.4785 0.00175 0.017
0 0.369 0.5455 0.017 0.0236667
0 0.97125 0.525333 0.0155 0.0213333
0 0.4115 0.561167 0.0075 0.0103333
0 0.481375 0.495 0.02525 0.0193333
0 0.965 0.5195 0.006 0.0136667
0 0.42125 0.496833 0.0115 0.0163333
0 0.599875 0.491 0.00825 0.016
0 0.469125 0.567333 0.02375 0.024
0 0.962625 0.513167 0.01225 0.0223333
0 0.450125 0.569333 0.00925 0.012
0 0.388625 0.5635 0.00825 0.0216667
0 0.707125 0.547167 0.00875 0.035
0 0.795375 0.547167 0.00275 0.00966667
0 0.63725 0.647 0.0065 0.01
0 0.73275 0.495 0.003 0.0153333
0 0.6705 0.639167 0.003 0.00633333
0 0.642 0.6825 0.01 0.009
0 0.56675 0.490667 0.0175 0.014
0 0.786625 0.521667 0.01325 0.0266667
0 0.400125 0.559667 0.01175 0.012
0 0.3955 0.537 0.0025 0.008
0 0.803875 0.566833 0.00725 0.00766667
0 0.783125 0.4975 0.00775 0.0143333
0 0.675125 0.493167 0.00725 0.00966667
0 0.608375 0.568 0.00625 0.0173333
0 0.924625 0.508667 0.00275 0.0106667
0 0.335625 0.416333 0.02875 0.02
0 0.45775 0.5655 0.0135 0.0163333
0 0.64 0.566 0.002 0.00933333
0 0.36325 0.5355 0.009 0.013
0 0.534 0.4915 0.0135 0.0216667
0 0.595375 0.490333 0.00625 0.0146667
0 0.5955 0.570833 0.0175 0.011
0 0.80125 0.512667 0.0065 0.04
0 0.948875 0.508 0.00175 0.0106667
0 0.6205 0.653667 0.003 0.01
0 0.66725 0.496833 0.0155 0.0143333
0 0.72125 0.552167 0.0115 0.015
0 0.643625 0.409 0.01525 0.0173333
0 0.61625 0.691167 0.008 0.0116667
0 0.5045 0.480167 0.0065 0.0196667
0 0.669 0.656167 0.0035 0.00833333
0 0.429625 0.497333 0.00975 0.0153333
0 0.7 0.546333 0.002 0.0106667
0 0.62425 0.700167 0.0025 0.009
0 0.709875 0.557833 0.01225 0.0343333
0 0.629375 0.491 0.00875 0.014
0 0.664375 0.5705 0.02475 0.021
0 0.578875 0.484667 0.00725 0.0213333
0 0.558875 0.677 0.01475 0.0186667
0 0.387625 0.484833 0.00525 0.015
0 0.625375 0.573167 0.00675 0.0176667
0 0.5805 0.499667 0.022 0.032
0 0.546125 0.562333 0.01475 0.0233333
0 0.624625 0.567 0.00275 0.0126667
0 0.633625 0.663667 0.00825 0.0133333
0 0.553875 0.486167 0.00425 0.0143333
0 0.408375 0.496167 0.00725 0.0143333
0 0.599 0.702667 0.013 0.01
0 0.627625 0.660167 0.01925 0.019
0 0.741875 0.524333 0.00825 0.0133333
0 0.605875 0.7085 0.01875 0.00833333
0 0.804125 0.5715 0.01125 0.013
0 0.93375 0.513667 0.008 0.00933333
0 0.696375 0.577 0.01625 0.0226667
0 0.683 0.497 0.006 0.012
0 0.9705 0.519333 0.0075 0.026
0 0.474375 0.558667 0.00325 0.0126667
0 0.483125 0.562833 0.00875 0.019
0 0.37075 0.5575 0.011 0.0156667
0 0.300875 0.391833 0.02375 0.0196667
0 0.665625 0.490833 0.00575 0.0163333
0 0.684125 0.503667 0.01375 0.0166667
0 0.44575 0.57 0.0065 0.012
0 0.463375 0.569333 0.01175 0.0153333
0 0.60325 0.490833 0.006 0.017
0 0.475375 0.564333 0.01325 0.016
0 0.488125 0.492 0.01375 0.018
0 0.7005 0.552 0.008 0.016
0 0.98625 0.499 0.013 0.0306667
0 0.670125 0.688 0.00375 0.00866667
0 0.6245 0.652667 0.0065 0.012
0 0.446125 0.480333 0.01025 0.012
0 0.696375 0.552333 0.00425 0.0146667
0 0.5955 0.671667 0.008 0.016
0 0.828 0.4975 0.005 0.0156667
0 0.529125 0.555333 0.00275 0.0133333
0 0.733625 0.503 0.01275 0.016
0 0.853875 0.498 0.00525 0.0126667
0 0.625 0.529 0.0045 0.0166667
0 0.730375 0.542333 0.00975 0.028
0 0.58725 0.5635 0.007 0.0143333
0 0.591375 0.490667 0.00725 0.0126667
0 0.6825 0.5135 0.0045 0.011
0 0.428375 0.558 0.00575 0.0153333
0 0.644625 0.493333 0.02375 0.0353333
0 0.396125 0.47 0.00425 0.0173333
0 0.90775 0.5145 0.01 0.0156667
0 0.57025 0.551167 0.006 0.017
0 0.6125 0.557667 0.0065 0.0186667
0 0.558 0.485333 0.0045 0.0206667
0 0.366625 0.486833 0.00975 0.0143333
0 0.787125 0.5255 0.00875 0.0136667
0 0.49975 0.493667 0.015 0.032
0 0.48675 0.487667 0.003 0.0146667
0 0.54975 0.5515 0.009 0.019
0 0.708 0.48 0.0065 0.0173333
0 0.503375 0.490667 0.00225 0.0166667
0 0.684 0.517 0.0055 0.0233333
0 0.658125 0.677833 0.01425 0.0183333
0 0.50025 0.48 0.0025 0.0173333
0 0.6 0.671833 0.018 0.0123333
0 0.80525 0.500667 0.0055 0.036
0 0.537625 0.479333 0.01175 0.022
0 0.64225 0.569 0.007 0.016
0 0.682875 0.543 0.00525 0.0173333
0 0.462625 0.564667 0.00375 0.014
0 0.667 0.6925 0.009 0.0196667
0 0.79825 0.572667 0.0255 0.0313333
0 0.615875 0.687833 0.01625 0.0236667
0 0.399375 0.551667 0.00225 0.0146667
0 0.474625 0.496333 0.00675 0.0133333
0 0.72475 0.537667 0.003 0.0153333
0 0.63825 0.483 0.0215 0.0286667
0 0.826 0.510333 0.0235 0.0226667
0 0.67275 0.499167 0.028 0.023
0 0.96175 0.509667 0.002 0.0113333
0 0.891 0.508667 0.006 0.016
0 0.3795 0.470167 0.0045 0.017
0 0.39175 0.469333 0.0055 0.018
0 0.60825 0.524 0.0055 0.0153333
0 0.72125 0.502167 0.009 0.0176667
0 0.63725 0.7175 0.024 0.017
0 0.39125 0.484 0.008 0.0166667
0 0.55775 0.558 0.0095 0.0193333
0 0.38725 0.559667 0.006 0.01
0 0.45675 0.560167 0.0185 0.027
0 0.646125 0.698 0.01325 0.0146667
0 0.452875 0.4835 0.01975 0.0243333
0 0.603625 0.568 0.01075 0.0166667
0 0.376 0.474667 0.0075 0.0293333
0 0.720375 0.546667 0.00475 0.0153333
0 0.786625 0.552667 0.00175 0.012
0 0.665875 0.639167 0.00125 0.0103333
0 0.674875 0.548667 0.00775 0.014
0 0.622625 0.649333 0.01825 0.0273333
0 0.500375 0.498333 0.00475 0.02
0 0.649 0.543167 0.002 0.011
0 0.63275 0.568667 0.0055 0.0146667
0 0.787875 0.560167 0.01025 0.0156667
0 0.50375 0.634833 0.0105 0.015
0 0.408625 0.551667 0.00625 0.0213333
0 0.628375 0.700333 0.00625 0.00866667
0 0.7775 0.566 0.003 0.01
0 0.504625 0.496833 0.00825 0.0216667
0 0.665625 0.6885 0.00225 0.0156667
0 0.45825 0.479833 0.0075 0.0176667
0 0.779375 0.570333 0.00875 0.0193333
0 0.6285 0.680833 0.009 0.0136667
0 0.52225 0.4195 0.0245 0.025
0 0.80375 0.497167 0.0025 0.0143333
0 0.52425 0.555167 0.0015 0.0176667
0 0.642125 0.588333 0.00825 0.014
0 0.36175 0.531 0.0025 0.0113333
0 0.53275 0.485 0.0055 0.02
0 0.59125 0.702167 0.007 0.0103333
0 0.79575 0.519 0.008 0.0186667
0 0.590375 0.5 0.02975 0.016
0 0.729375 0.537833 0.00625 0.019
0 0.650375 0.552667 0.02225 0.03
0 0.708375 0.5525 0.00575 0.0176667
0 0.3745 0.469333 0.0015 0.0193333
0 0.407875 0.546333 0.00225 0.02
0 0.671 0.661167 0.011 0.015
0 0.276 0.394333 0.022 0.0153333
0 0.799875 0.5075 0.00325 0.0163333
0 0.39925 0.484 0.005 0.018
0 0.3705 0.541667 0.004 0.016
0 0.525625 0.559 0.00625 0.0186667
0 0.44425 0.564667 0.016 0.0406667
0 0.41125 0.565 0.027 0.0433333
0 0.608625 0.537833 0.02575 0.0196667
0 0.751875 0.502667 0.02475 0.0313333
0 0.95675 0.503 0.022 0.0253333
0 0.5595 0.500333 0.024 0.0226667
0 0.71425 0.492333 0.0245 0.0366667
0 0.668625 0.564833 0.01975 0.0476667
0 0.377125 0.559833 0.02475 0.0423333
0 0.692875 0.570833 0.02525 0.037
0 0.89 0.552833 0.026 0.023
0 0.585125 0.4825 0.02475 0.045
0 0.6145 0.669667 0.024 0.0386667
0 0.635625 0.714833 0.02625 0.0336667
0 0.393 0.537 0.025 0.0393333
0 0.922375 0.510333 0.02575 0.0426667
0 0.55675 0.674 0.023 0.0373333
0 0.364375 0.486833 0.02625 0.0316667
0 0.542625 0.477833 0.02725 0.0383333
0 0.6805 0.571333 0.024 0.038
0 0.677375 0.6975 0.02225 0.043
0 0.331125 0.531167 0.02175 0.0183333
0 0.5435 0.494833 0.027 0.0376667
0 0.6895 0.5205 0.0255 0.041
0 0.627625 0.6155 0.02375 0.043
0 0.5145 0.4885 0.0275 0.0403333
0 0.611125 0.715167 0.02225 0.0503333
0 0.385875 0.543167 0.01975 0.055
0 0.543625 0.566167 0.02675 0.0383333
0 0.62275 0.7155 0.0235 0.041
0 0.815625 0.5105 0.02475 0.0396667
0 0.43475 0.5545 0.024 0.0496667
0 0.5265 0.493667 0.028 0.0266667
0 0.660375 0.571333 0.02175 0.0493333
0 0.613125 0.489667 0.02575 0.0413333
0 0.31125 0.5485 0.025 0.0316667
0 0.61025 0.559667 0.0275 0.0393333
0 0.697875 0.526 0.02525 0.0506667
0 0.632125 0.665333 0.02775 0.0366667
0 0.852375 0.498 0.02625 0.0293333
0 0.6355 0.648167 0.0245 0.0483333
0 0.59375 0.671 0.024 0.0293333
0 0.776875 0.504167 0.02575 0.031
0 0.902375 0.499167 0.02325 0.0563333
0 0.65225 0.576167 0.025 0.049
0 0.389625 0.470667 0.02725 0.04
0 0.93175 0.515667 0.027 0.048
0 0.66425 0.494 0.026 0.046
0 0.41875 0.498667 0.0245 0.0453333
0 0.639875 0.565167 0.02425 0.0503333
0 0.606375 0.7045 0.02375 0.033
0 0.705875 0.509667 0.02375 0.0413333
0 0.564875 0.494167 0.02625 0.045
0 0.698375 0.504833 0.02425 0.0496667
0 0.63875 0.504 0.0235 0.0593333
0 0.585875 0.681333 0.02225 0.0486667
0 0.985625 0.505 0.02525 0.0293333
0 0.3865 0.489 0.0285 0.032
0 0.794125 0.549167 0.02575 0.0536667
0 0.6395 0.680667 0.024 0.0466667
0 0.73875 0.527333 0.0255 0.038
0 0.68125 0.516167 0.0265 0.0483333
0 0.60525 0.527167 0.026 0.0483333
0 0.635875 0.615833 0.02175 0.0463333
0 0.6655 0.5325 0.0255 0.039
0 0.643875 0.698 0.02675 0.0353333
0 0.497375 0.481833 0.02575 0.0496667
0 0.96825 0.521833 0.027 0.047
0 0.651625 0.493333 0.02525 0.05
0 0.782 0.500167 0.0255 0.0536667
0 0.576875 0.489667 0.02675 0.042
0 0.578125 0.6935 0.02175 0.0416667
0 0.76475 0.499667 0.025 0.0433333
0 0.622625 0.654167 0.02775 0.0443333
0 0.427375 0.4985 0.02475 0.0576667
0 0.843 0.505667 0.0285 0.0286667
0 0.944125 0.5225 0.02625 0.0336667
0 0.547875 0.555167 0.02675 0.0463333
0 0.623 0.576667 0.0255 0.0446667
0 0.614625 0.692833 0.02275 0.0423333
0 0.694 0.555 0.027 0.0466667
0 0.727125 0.5375 0.02675 0.0443333
0 0.443875 0.571833 0.02775 0.033
0 0.6565 0.675667 0.0255 0.0286667
0 0.405875 0.499167 0.02525 0.0463333
0 0.731 0.5045 0.0275 0.039
0 0.681625 0.4985 0.02425 0.0523333
0 0.718875 0.504667 0.02825 0.0426667
0 0.827125 0.499 0.02525 0.04
0 0.356 0.493 0.022 0.042
0 0.776125 0.565667 0.02625 0.0333333
0 0.94825 0.511167 0.026 0.0456667
0 0.443875 0.482833 0.02625 0.0423333
0 0.5985 0.705167 0.025 0.041
0 0.590375 0.494833 0.02875 0.043
0 0.802 0.566167 0.025 0.055
0 0.473125 0.561 0.02525 0.0493333
0 0.906625 0.516833 0.02825 0.0423333
0 0.627375 0.493833 0.02525 0.0536667
0 0.622625 0.532333 0.02475 0.052
0 0.481 0.566 0.0255 0.0513333
0 0.585875 0.565833 0.02375 0.055
0 0.427375 0.561 0.02575 0.046
0 0.631125 0.571333 0.02675 0.05
0 0.602875 0.572167 0.02675 0.0503333
0 0.39875 0.555833 0.0275 0.045
0 0.6685 0.6595 0.0275 0.0316667
0 0.706625 0.482167 0.02625 0.0423333
0 0.500875 0.632167 0.02725 0.0283333
0 0.62775 0.682 0.0285 0.0406667
0 0.626875 0.699167 0.02825 0.0423333
0 0.647625 0.543333 0.02575 0.0546667
0 0.785375 0.527 0.02625 0.036
0 0.89 0.510833 0.026 0.0363333
0 0.960375 0.5105 0.02775 0.055
0 0.8025 0.499167 0.026 0.0523333
0 0.602 0.495 0.028 0.0433333
0 0.6725 0.549167 0.028 0.053
0 0.459625 0.565833 0.02775 0.0423333
0 0.4985 0.5 0.0285 0.0493333
0 0.531 0.489167 0.0275 0.0463333
0 0.47375 0.499667 0.027 0.0466667
0 0.3725 0.472 0.0275 0.052
0 0.55575 0.489167 0.028 0.0503333
0 0.665 0.687833 0.026 0.0476667
0 0.681375 0.5435 0.02675 0.0503333
0 0.7855 0.554833 0.0265 0.0503333
0 0.706375 0.553667 0.02675 0.052
0 0.663875 0.638 0.02675 0.0446667
0 0.569 0.555667 0.0255 0.0446667
0 0.719375 0.549167 0.02675 0.055
0 0.386 0.560333 0.026 0.0566667
0 0.456375 0.483167 0.02575 0.0483333
0 0.485625 0.488833 0.02525 0.0536667
0 0.556125 0.560833 0.02675 0.0416667
0 0.36925 0.543 0.0275 0.0533333
0 0.5895 0.704667 0.026 0.0466667
0 0.639625 0.587333 0.02825 0.0566667
0 0.398 0.489167 0.029 0.0403333
0 0.36075 0.532833 0.027 0.053
0 0.5225 0.555 0.025 0.046
0 0.407375 0.550167 0.02775 0.057
0 0.794 0.522 0.028 0.0506667
